timestamp,open,high,low,close,volume,datetime
1742355900,30000.0,30038.5,29750.0,29766.0,128,2025-03-19 03:45:00
1742355960,29845.0,29846.4,29712.1,29739.25,162,2025-03-19 03:46:00
1742356020,29739.25,29859.6,29739.25,29845.1,73,2025-03-19 03:47:00
1742356080,29845.1,29845.1,29800.0,29822.0,21,2025-03-19 03:48:00
1742356140,29822.0,29824.1,29776.6,29824.1,6,2025-03-19 03:49:00
1742356200,29822.1,29825.5,29776.45,29816.0,47,2025-03-19 03:50:00
1742356260,29816.0,29839.95,29767.2,29839.95,124,2025-03-19 03:51:00
1742356320,29813.75,29829.7,29811.35,29829.7,15,2025-03-19 03:52:00
1742356380,29829.7,29829.7,29760.0,29793.4,30,2025-03-19 03:53:00
1742356440,29793.4,29820.0,29793.4,29820.0,2,2025-03-19 03:54:00
1742356500,29820.0,29839.8,29739.25,29839.8,75,2025-03-19 03:55:00
1742356560,29839.8,29849.85,29798.95,29849.85,44,2025-03-19 03:56:00
1742356620,29797.75,29849.45,29797.75,29849.45,35,2025-03-19 03:57:00
1742356680,29849.45,29849.45,29778.35,29798.05,45,2025-03-19 03:58:00
1742356740,29798.05,29809.3,29798.05,29809.3,6,2025-03-19 03:59:00
1742356800,29809.3,29845.55,29803.35,29845.55,10,2025-03-19 04:00:00
1742356860,29849.4,29849.4,29782.15,29810.0,37,2025-03-19 04:01:00
1742356920,29849.8,29849.8,29849.75,29849.8,7,2025-03-19 04:02:00
1742356980,29849.8,29849.8,29813.45,29813.45,4,2025-03-19 04:03:00
1742357040,29814.65,29814.65,29770.0,29770.0,48,2025-03-19 04:04:00
1742357100,29770.0,29848.95,29769.6,29778.3,236,2025-03-19 04:05:00
1742357160,29773.8,29813.6,29773.8,29776.2,11,2025-03-19 04:06:00
1742357220,29776.2,29776.2,29760.0,29761.9,26,2025-03-19 04:07:00
1742357280,29761.9,29802.9,29761.9,29771.1,8,2025-03-19 04:08:00
1742357340,29771.1,29771.1,29771.1,29771.1,0,2025-03-19 04:09:00
1742357400,29771.1,29813.55,29771.1,29813.55,2,2025-03-19 04:10:00
1742357460,29813.55,29813.55,29813.55,29813.55,0,2025-03-19 04:11:00
1742357520,29813.55,29813.55,29771.1,29812.1,8,2025-03-19 04:12:00
1742357580,29812.1,29812.1,29812.1,29812.1,0,2025-03-19 04:13:00
1742357640,29778.4,29813.5,29778.4,29813.5,2,2025-03-19 04:14:00
1742357700,29813.5,29813.5,29781.2,29781.2,1,2025-03-19 04:15:00
1742357760,29781.2,29781.2,29781.2,29781.2,0,2025-03-19 04:16:00
1742357820,29781.2,29781.2,29781.2,29781.2,0,2025-03-19 04:17:00
1742357880,29781.2,29781.2,29781.2,29781.2,13,2025-03-19 04:18:00
1742357940,29813.6,29839.65,29813.6,29839.65,11,2025-03-19 04:19:00
1742358000,29839.65,29839.65,29791.2,29791.2,3,2025-03-19 04:20:00
1742358060,29791.2,29796.7,29791.2,29796.7,1,2025-03-19 04:21:00
1742358120,29796.7,29796.7,29796.7,29796.7,0,2025-03-19 04:22:00
1742358180,29796.7,29796.7,29777.7,29777.7,106,2025-03-19 04:23:00
1742358240,29777.7,29854.85,29777.7,29854.85,137,2025-03-19 04:24:00
1742358300,29854.85,29854.85,29854.85,29854.85,0,2025-03-19 04:25:00
1742358360,29903.1,29969.8,29903.1,29907.15,63,2025-03-19 04:26:00
1742358420,29907.15,29923.3,29903.1,29907.15,8,2025-03-19 04:27:00
1742358480,29925.4,29925.4,29870.65,29870.65,9,2025-03-19 04:28:00
1742358540,29870.65,29926.6,29870.65,29926.6,69,2025-03-19 04:29:00
1742358600,29926.6,29969.75,29926.6,29969.75,3,2025-03-19 04:30:00
1742358660,29969.75,29974.8,29940.85,29941.15,13,2025-03-19 04:31:00
1742358720,29941.15,29990.0,29941.15,29990.0,78,2025-03-19 04:32:00
1742358780,29990.0,29999.0,29990.0,29992.9,28,2025-03-19 04:33:00
1742358840,29992.9,29998.75,29958.05,29997.05,12,2025-03-19 04:34:00
1742358900,29997.05,29997.05,29962.1,29968.05,8,2025-03-19 04:35:00
1742358960,29980.0,29997.0,29980.0,29997.0,30,2025-03-19 04:36:00
1742359020,29997.0,29997.0,29959.6,29996.15,83,2025-03-19 04:37:00
1742359080,29996.15,30000.0,29996.0,30000.0,87,2025-03-19 04:38:00
1742359140,29998.0,30027.95,29998.0,30027.95,460,2025-03-19 04:39:00
1742359200,29959.3,29988.55,29938.6,29988.55,101,2025-03-19 04:40:00
1742359260,29988.55,29988.55,29936.9,29936.9,4,2025-03-19 04:41:00
1742359320,29936.9,29990.05,29936.9,29990.05,7,2025-03-19 04:42:00
1742359380,29990.05,30000.0,29989.85,29989.85,28,2025-03-19 04:43:00
1742359440,29989.85,30020.0,29965.0,30020.0,37,2025-03-19 04:44:00
1742359500,30000.1,30066.85,30000.1,30066.0,158,2025-03-19 04:45:00
1742359560,30066.0,30100.0,30066.0,30088.85,108,2025-03-19 04:46:00
1742359620,30088.85,30110.0,30088.85,30090.0,37,2025-03-19 04:47:00
1742359680,30090.0,30110.0,30090.0,30110.0,7,2025-03-19 04:48:00
1742359740,30110.0,30149.95,30090.05,30149.95,32,2025-03-19 04:49:00
1742359800,30149.95,30149.95,30107.95,30107.95,31,2025-03-19 04:50:00
1742359860,30107.95,30117.15,30100.35,30117.15,15,2025-03-19 04:51:00
1742359920,30117.15,30129.8,30093.7,30129.8,34,2025-03-19 04:52:00
1742359980,30088.85,30119.35,30088.85,30089.1,71,2025-03-19 04:53:00
1742360040,30113.65,30113.65,30113.65,30113.65,24,2025-03-19 04:54:00
1742360100,30113.65,30122.9,30110.0,30122.9,3,2025-03-19 04:55:00
1742360160,30122.9,30122.9,30088.85,30121.75,15,2025-03-19 04:56:00
1742360220,30117.8,30117.8,30111.4,30111.4,3,2025-03-19 04:57:00
1742360280,30111.4,30118.65,30088.85,30118.65,16,2025-03-19 04:58:00
1742360340,30118.65,30122.0,30091.0,30091.0,7,2025-03-19 04:59:00
1742360400,30091.0,30122.0,30091.0,30122.0,2,2025-03-19 05:00:00
1742360460,30122.0,30122.0,30122.0,30122.0,1,2025-03-19 05:01:00
1742360520,30122.0,30122.0,30091.85,30091.85,3,2025-03-19 05:02:00
1742360580,30121.9,30231.0,30121.9,30231.0,336,2025-03-19 05:03:00
1742360640,30210.25,30232.45,30210.25,30232.45,36,2025-03-19 05:04:00
1742360700,30226.6,30259.0,30226.6,30259.0,31,2025-03-19 05:05:00
1742360760,30259.0,30289.85,30259.0,30262.55,10,2025-03-19 05:06:00
1742360820,30262.55,30290.0,30260.0,30290.0,22,2025-03-19 05:07:00
1742360880,30290.0,30297.0,30290.0,30297.0,45,2025-03-19 05:08:00
1742360940,30297.0,30299.0,30261.85,30298.4,15,2025-03-19 05:09:00
1742361000,30298.4,30316.75,30260.0,30260.0,70,2025-03-19 05:10:00
1742361060,30260.0,30260.0,30227.6,30250.0,37,2025-03-19 05:11:00
1742361120,30250.0,30250.5,30211.7,30250.5,13,2025-03-19 05:12:00
1742361180,30250.5,30250.5,30200.0,30201.6,42,2025-03-19 05:13:00
1742361240,30201.6,30250.0,30201.6,30250.0,1,2025-03-19 05:14:00
1742361300,30250.0,30250.0,30219.8,30219.8,37,2025-03-19 05:15:00
1742361360,30219.8,30219.8,30207.2,30207.2,1,2025-03-19 05:16:00
1742361420,30207.2,30207.2,30204.8,30204.8,2,2025-03-19 05:17:00
1742361480,30205.0,30205.0,30200.0,30200.0,5,2025-03-19 05:18:00
1742361540,30200.0,30208.1,30200.0,30208.1,3,2025-03-19 05:19:00
1742361600,30208.1,30208.1,30208.1,30208.1,0,2025-03-19 05:20:00
1742361660,30208.1,30231.65,30200.15,30200.15,8,2025-03-19 05:21:00
1742361720,30200.15,30224.95,30200.0,30200.0,33,2025-03-19 05:22:00
1742361780,30200.0,30225.1,30200.0,30225.1,3,2025-03-19 05:23:00
1742361840,30225.1,30225.1,30225.1,30225.1,0,2025-03-19 05:24:00
1742361900,30225.1,30225.1,30201.7,30201.7,9,2025-03-19 05:25:00
1742361960,30201.7,30215.0,30201.7,30215.0,1,2025-03-19 05:26:00
1742362020,30215.0,30215.0,30200.0,30200.0,12,2025-03-19 05:27:00
1742362080,30200.0,30208.05,30200.0,30208.05,53,2025-03-19 05:28:00
1742362140,30208.05,30225.0,30208.05,30225.0,5,2025-03-19 05:29:00
1742362200,30200.0,30225.0,30102.0,30198.1,65,2025-03-19 05:30:00
1742362260,30198.1,30250.0,30198.1,30240.15,21,2025-03-19 05:31:00
1742362320,30240.15,30242.0,30201.95,30242.0,3,2025-03-19 05:32:00
1742362380,30242.0,30242.0,30240.3,30240.3,3,2025-03-19 05:33:00
1742362440,30240.3,30329.95,30240.3,30329.95,161,2025-03-19 05:34:00
1742362500,30329.95,30330.0,30293.5,30293.5,31,2025-03-19 05:35:00
1742362560,30293.5,30400.0,30287.3,30365.7,114,2025-03-19 05:36:00
1742362620,30340.0,30450.0,30340.0,30404.35,204,2025-03-19 05:37:00
1742362680,30391.8,30445.0,30354.95,30376.75,62,2025-03-19 05:38:00
1742362740,30376.75,30430.25,30376.75,30415.75,13,2025-03-19 05:39:00
1742362800,30415.75,30415.75,30369.45,30369.45,6,2025-03-19 05:40:00
1742362860,30369.45,30443.6,30356.2,30435.25,125,2025-03-19 05:41:00
1742362920,30435.25,30476.5,30434.85,30476.5,168,2025-03-19 05:42:00
1742362980,30436.9,30476.0,30436.9,30475.0,11,2025-03-19 05:43:00
1742363040,30475.0,30475.0,30420.25,30450.0,102,2025-03-19 05:44:00
1742363100,30450.0,30450.0,30364.9,30364.9,64,2025-03-19 05:45:00
1742363160,30364.9,30365.25,30358.95,30358.95,12,2025-03-19 05:46:00
1742363220,30358.95,30358.95,30358.95,30358.95,0,2025-03-19 05:47:00
1742363280,30358.95,30358.95,30330.25,30330.25,7,2025-03-19 05:48:00
1742363340,30300.0,30325.2,30290.0,30291.8,17,2025-03-19 05:49:00
1742363400,30291.8,30305.2,30291.8,30303.05,29,2025-03-19 05:50:00
1742363460,30303.05,30303.05,30286.55,30300.0,2,2025-03-19 05:51:00
1742363520,30300.0,30324.95,30300.0,30321.85,9,2025-03-19 05:52:00
1742363580,30321.85,30359.85,30321.85,30359.85,21,2025-03-19 05:53:00
1742363640,30359.85,30359.85,30359.85,30359.85,3,2025-03-19 05:54:00
1742363700,30359.0,30377.8,30316.3,30357.1,54,2025-03-19 05:55:00
1742363760,30357.1,30372.5,30340.45,30340.45,4,2025-03-19 05:56:00
1742363820,30367.65,30388.55,30367.65,30382.4,24,2025-03-19 05:57:00
1742363880,30382.4,30385.25,30382.4,30382.4,3,2025-03-19 05:58:00
1742363940,30382.4,30382.4,30351.05,30370.0,3,2025-03-19 05:59:00
1742364000,30370.0,30392.0,30355.05,30355.05,8,2025-03-19 06:00:00
1742364060,30355.05,30399.8,30355.05,30399.8,21,2025-03-19 06:01:00
1742364120,30399.8,30399.8,30372.1,30372.1,7,2025-03-19 06:02:00
1742364180,30372.1,30372.1,30372.1,30372.1,0,2025-03-19 06:03:00
1742364240,30372.1,30434.75,30372.1,30395.25,53,2025-03-19 06:04:00
1742364300,30395.25,30421.2,30395.25,30411.45,2,2025-03-19 06:05:00
1742364360,30411.45,30411.45,30381.05,30405.35,2,2025-03-19 06:06:00
1742364420,30405.35,30405.35,30405.35,30405.35,0,2025-03-19 06:07:00
1742364480,30405.35,30405.35,30373.95,30376.1,25,2025-03-19 06:08:00
1742364540,30385.35,30398.4,30385.35,30398.4,3,2025-03-19 06:09:00
1742364600,30398.4,30398.4,30340.55,30340.85,2,2025-03-19 06:10:00
1742364660,30340.85,30385.4,30340.85,30385.4,2,2025-03-19 06:11:00
1742364720,30385.4,30385.4,30342.0,30342.0,6,2025-03-19 06:12:00
1742364780,30342.0,30356.1,30342.0,30344.2,6,2025-03-19 06:13:00
1742364840,30344.2,30344.2,30344.2,30344.2,0,2025-03-19 06:14:00
1742364900,30344.2,30352.5,30344.2,30346.35,6,2025-03-19 06:15:00
1742364960,30346.35,30346.35,30346.35,30346.35,0,2025-03-19 06:16:00
1742365020,30307.35,30379.8,30307.35,30373.65,30,2025-03-19 06:17:00
1742365080,30373.65,30379.15,30373.65,30379.15,1,2025-03-19 06:18:00
1742365140,30379.15,30397.95,30379.15,30397.9,14,2025-03-19 06:19:00
1742365200,30397.95,30397.95,30353.85,30353.85,5,2025-03-19 06:20:00
1742365260,30353.85,30353.85,30347.95,30347.95,1,2025-03-19 06:21:00
1742365320,30347.95,30395.0,30347.95,30392.9,3,2025-03-19 06:22:00
1742365380,30392.9,30400.0,30353.2,30400.0,18,2025-03-19 06:23:00
1742365440,30400.0,30400.0,30399.5,30399.5,2,2025-03-19 06:24:00
1742365500,30399.5,30399.5,30399.5,30399.5,0,2025-03-19 06:25:00
1742365560,30399.5,30399.5,30395.05,30395.05,1,2025-03-19 06:26:00
1742365620,30395.05,30395.05,30395.05,30395.05,0,2025-03-19 06:27:00
1742365680,30395.05,30395.05,30393.7,30393.7,1,2025-03-19 06:28:00
1742365740,30393.7,30449.0,30393.7,30413.5,67,2025-03-19 06:29:00
1742365800,30413.5,30413.5,30413.5,30413.5,0,2025-03-19 06:30:00
1742365860,30413.5,30413.5,30357.4,30357.4,22,2025-03-19 06:31:00
1742365920,30357.4,30357.4,30357.4,30357.4,0,2025-03-19 06:32:00
1742365980,30357.4,30357.4,30353.75,30353.75,2,2025-03-19 06:33:00
1742366040,30353.75,30355.0,30353.75,30355.0,1,2025-03-19 06:34:00
1742366100,30355.0,30392.0,30355.0,30392.0,7,2025-03-19 06:35:00
1742366160,30357.65,30400.0,30357.65,30394.0,7,2025-03-19 06:36:00
1742366220,30394.0,30394.35,30394.0,30394.35,1,2025-03-19 06:37:00
1742366280,30394.35,30394.35,30380.0,30380.0,1,2025-03-19 06:38:00
1742366340,30380.0,30380.0,30380.0,30380.0,10,2025-03-19 06:39:00
1742366400,30380.0,30393.95,30339.8,30380.65,34,2025-03-19 06:40:00
1742366460,30380.65,30541.35,30380.65,30527.95,681,2025-03-19 06:41:00
1742366520,30527.95,30527.95,30517.55,30525.0,8,2025-03-19 06:42:00
1742366580,30525.0,30525.0,30452.8,30472.5,36,2025-03-19 06:43:00
1742366640,30443.25,30446.7,30406.5,30406.5,8,2025-03-19 06:44:00
1742366700,30406.5,30448.9,30403.8,30403.8,3,2025-03-19 06:45:00
1742366760,30403.8,30403.8,30403.8,30403.8,2,2025-03-19 06:46:00
1742366820,30403.8,30441.35,30403.8,30441.35,1,2025-03-19 06:47:00
1742366880,30403.8,30441.35,30403.8,30412.25,19,2025-03-19 06:48:00
1742366940,30412.25,30440.6,30412.25,30440.6,1,2025-03-19 06:49:00
1742367000,30440.6,30441.0,30425.65,30425.65,11,2025-03-19 06:50:00
1742367060,30425.65,30444.05,30403.9,30444.05,17,2025-03-19 06:51:00
1742367120,30404.2,30460.4,30404.2,30460.4,12,2025-03-19 06:52:00
1742367180,30460.4,30461.0,30420.2,30461.0,3,2025-03-19 06:53:00
1742367240,30461.0,30461.0,30461.0,30461.0,0,2025-03-19 06:54:00
1742367300,30461.0,30461.0,30461.0,30461.0,0,2025-03-19 06:55:00
1742367360,30461.0,30461.0,30456.1,30456.1,5,2025-03-19 06:56:00
1742367420,30456.1,30456.1,30453.75,30453.75,1,2025-03-19 06:57:00
1742367480,30453.75,30460.75,30453.55,30460.75,4,2025-03-19 06:58:00
1742367540,30460.75,30460.75,30407.0,30434.8,22,2025-03-19 06:59:00
1742367600,30434.8,30434.8,30434.8,30434.8,0,2025-03-19 07:00:00
1742367660,30434.8,30434.8,30434.8,30434.8,0,2025-03-19 07:01:00
1742367720,30434.8,30452.3,30434.0,30434.0,11,2025-03-19 07:02:00
1742367780,30434.0,30434.0,30420.5,30420.5,1,2025-03-19 07:03:00
1742367840,30420.5,30459.65,30420.5,30459.65,1,2025-03-19 07:04:00
1742367900,30459.65,30459.65,30448.15,30448.15,2,2025-03-19 07:05:00
1742367960,30448.15,30491.45,30448.15,30491.45,18,2025-03-19 07:06:00
1742368020,30491.45,30491.45,30491.45,30491.45,0,2025-03-19 07:07:00
1742368080,30491.45,30491.45,30450.2,30484.3,5,2025-03-19 07:08:00
1742368140,30484.3,30484.3,30484.3,30484.3,0,2025-03-19 07:09:00
1742368200,30494.65,30494.65,30443.05,30473.95,18,2025-03-19 07:10:00
1742368260,30428.5,30489.95,30428.5,30451.5,10,2025-03-19 07:11:00
1742368320,30489.95,30489.95,30487.05,30487.05,2,2025-03-19 07:12:00
1742368380,30487.05,30487.05,30486.7,30486.7,1,2025-03-19 07:13:00
1742368440,30486.7,30486.7,30480.0,30480.0,27,2025-03-19 07:14:00
1742368500,30480.0,30527.3,30480.0,30497.95,423,2025-03-19 07:15:00
1742368560,30502.35,30502.35,30466.9,30466.9,2,2025-03-19 07:16:00
1742368620,30466.9,30471.8,30466.9,30471.8,8,2025-03-19 07:17:00
1742368680,30471.8,30472.0,30471.8,30472.0,8,2025-03-19 07:18:00
1742368740,30472.0,30472.0,30447.05,30452.05,17,2025-03-19 07:19:00
1742368800,30452.05,30477.35,30437.15,30437.15,12,2025-03-19 07:20:00
1742368860,30437.15,30437.15,30358.2,30375.05,44,2025-03-19 07:21:00
1742368920,30403.9,30403.9,30350.2,30365.75,10,2025-03-19 07:22:00
1742368980,30351.0,30381.0,30351.0,30356.0,14,2025-03-19 07:23:00
1742369040,30356.0,30400.0,30356.0,30400.0,54,2025-03-19 07:24:00
1742369100,30400.0,30400.0,30346.85,30376.7,10,2025-03-19 07:25:00
1742369160,30376.7,30413.35,30376.65,30376.85,13,2025-03-19 07:26:00
1742369220,30376.85,30402.0,30376.85,30402.0,11,2025-03-19 07:27:00
1742369280,30402.0,30402.0,30383.0,30383.0,2,2025-03-19 07:28:00
1742369340,30378.0,30415.85,30378.0,30415.85,14,2025-03-19 07:29:00
1742369400,30384.8,30451.75,30384.8,30400.2,11,2025-03-19 07:30:00
1742369460,30400.2,30403.0,30383.0,30383.0,13,2025-03-19 07:31:00
1742369520,30383.0,30400.0,30350.2,30375.2,11,2025-03-19 07:32:00
1742369580,30375.2,30400.15,30375.15,30400.15,11,2025-03-19 07:33:00
1742369640,30387.5,30387.5,30372.15,30372.15,10,2025-03-19 07:34:00
1742369700,30372.2,30399.95,30372.2,30399.8,10,2025-03-19 07:35:00
1742369760,30377.05,30402.2,30377.05,30377.2,12,2025-03-19 07:36:00
1742369820,30377.2,30377.2,30350.0,30375.0,4,2025-03-19 07:37:00
1742369880,30375.0,30413.3,30375.0,30413.3,9,2025-03-19 07:38:00
1742369940,30413.3,30413.3,30351.0,30372.0,6,2025-03-19 07:39:00
1742370000,30372.0,30417.0,30372.0,30417.0,3,2025-03-19 07:40:00
1742370060,30417.0,30450.0,30417.0,30426.35,34,2025-03-19 07:41:00
1742370120,30426.35,30468.55,30426.35,30468.55,6,2025-03-19 07:42:00
1742370180,30468.55,30468.55,30468.55,30468.55,6,2025-03-19 07:43:00
1742370240,30468.55,30472.0,30468.55,30472.0,9,2025-03-19 07:44:00
1742370300,30472.0,30478.6,30472.0,30478.6,1,2025-03-19 07:45:00
1742370360,30478.6,30478.6,30450.3,30450.3,8,2025-03-19 07:46:00
1742370420,30450.3,30491.75,30450.3,30486.2,16,2025-03-19 07:47:00
1742370480,30486.2,30486.2,30455.1,30455.1,14,2025-03-19 07:48:00
1742370540,30455.0,30486.65,30455.0,30486.65,15,2025-03-19 07:49:00
1742370600,30486.65,30486.65,30455.0,30480.0,9,2025-03-19 07:50:00
1742370660,30480.0,30480.0,30455.0,30455.0,1,2025-03-19 07:51:00
1742370720,30480.0,30480.0,30480.0,30480.0,8,2025-03-19 07:52:00
1742370780,30480.0,30480.0,30455.0,30457.35,11,2025-03-19 07:53:00
1742370840,30457.35,30489.85,30439.25,30489.8,47,2025-03-19 07:54:00
1742370900,30489.85,30489.85,30452.05,30452.05,10,2025-03-19 07:55:00
1742370960,30452.05,30471.15,30443.6,30471.15,8,2025-03-19 07:56:00
1742371020,30482.05,30482.05,30450.9,30450.9,11,2025-03-19 07:57:00
1742371080,30450.9,30450.9,30416.45,30437.5,17,2025-03-19 07:58:00
1742371140,30437.5,30480.0,30437.5,30480.0,35,2025-03-19 07:59:00
1742371200,30480.0,30499.0,30480.0,30499.0,20,2025-03-19 08:00:00
1742371260,30499.0,30499.0,30498.95,30499.0,11,2025-03-19 08:01:00
1742371320,30499.0,30500.0,30480.0,30500.0,206,2025-03-19 08:02:00
1742371380,30500.0,30535.0,30500.0,30525.05,60,2025-03-19 08:03:00
1742371440,30525.05,30525.05,30500.0,30500.0,15,2025-03-19 08:04:00
1742371500,30500.0,30515.6,30500.0,30515.6,7,2025-03-19 08:05:00
1742371560,30515.6,30515.6,30515.3,30515.6,12,2025-03-19 08:06:00
1742371620,30518.9,30535.0,30515.6,30530.15,31,2025-03-19 08:07:00
1742371680,30530.15,30530.15,30492.55,30492.55,28,2025-03-19 08:08:00
1742371740,30492.55,30527.25,30469.3,30474.95,82,2025-03-19 08:09:00
1742371800,30517.05,30517.05,30468.95,30495.15,43,2025-03-19 08:10:00
1742371860,30495.15,30499.75,30495.15,30499.75,9,2025-03-19 08:11:00
1742371920,30499.75,30501.2,30448.05,30501.2,28,2025-03-19 08:12:00
1742371980,30501.2,30514.45,30475.0,30475.0,12,2025-03-19 08:13:00
1742372040,30475.0,30505.3,30475.0,30504.2,6,2025-03-19 08:14:00
1742372100,30504.2,30520.15,30500.6,30520.15,4,2025-03-19 08:15:00
1742372160,30520.15,30525.6,30520.15,30521.65,7,2025-03-19 08:16:00
1742372220,30482.3,30503.0,30482.3,30503.0,10,2025-03-19 08:17:00
1742372280,30503.0,30507.7,30450.2,30475.35,19,2025-03-19 08:18:00
1742372340,30475.35,30475.35,30354.9,30373.6,52,2025-03-19 08:19:00
1742372400,30413.5,30413.5,30336.85,30336.85,32,2025-03-19 08:20:00
1742372460,30348.55,30373.55,30322.95,30352.85,37,2025-03-19 08:21:00
1742372520,30346.0,30384.2,30323.25,30382.9,110,2025-03-19 08:22:00
1742372580,30343.95,30377.2,30328.85,30377.2,23,2025-03-19 08:23:00
1742372640,30354.85,30368.15,30325.6,30340.95,31,2025-03-19 08:24:00
1742372700,30340.95,30356.7,30325.4,30328.0,14,2025-03-19 08:25:00
1742372760,30371.05,30388.2,30350.0,30352.6,46,2025-03-19 08:26:00
1742372820,30355.65,30395.4,30340.2,30373.9,50,2025-03-19 08:27:00
1742372880,30385.35,30385.35,30351.0,30357.25,19,2025-03-19 08:28:00
1742372940,30402.0,30402.0,30369.0,30374.25,39,2025-03-19 08:29:00
1742373000,30374.25,30409.8,30374.05,30375.35,27,2025-03-19 08:30:00
1742373060,30418.05,30418.05,30374.0,30374.0,15,2025-03-19 08:31:00
1742373120,30403.25,30403.25,30370.0,30370.0,25,2025-03-19 08:32:00
1742373180,30377.3,30390.2,30370.0,30390.0,13,2025-03-19 08:33:00
1742373240,30365.2,30390.05,30365.0,30390.05,19,2025-03-19 08:34:00
1742373300,30369.5,30407.6,30338.45,30338.45,196,2025-03-19 08:35:00
1742373360,30338.85,30381.45,30321.3,30321.3,44,2025-03-19 08:36:00
1742373420,30346.35,30361.45,30321.3,30361.45,22,2025-03-19 08:37:00
1742373480,30352.9,30352.9,30321.3,30322.0,33,2025-03-19 08:38:00
1742373540,30323.25,30361.05,30323.25,30327.0,23,2025-03-19 08:39:00
1742373600,30322.0,30347.0,30322.0,30322.0,29,2025-03-19 08:40:00
1742373660,30322.0,30336.85,30322.0,30322.25,28,2025-03-19 08:41:00
1742373720,30322.25,30361.1,30322.25,30328.75,27,2025-03-19 08:42:00
1742373780,30328.75,30358.0,30322.3,30325.25,26,2025-03-19 08:43:00
1742373840,30325.25,30350.0,30322.3,30322.3,18,2025-03-19 08:44:00
1742373900,30325.15,30368.6,30322.3,30368.6,140,2025-03-19 08:45:00
1742373960,30368.6,30390.35,30348.15,30348.15,45,2025-03-19 08:46:00
1742374020,30340.45,30349.4,30324.35,30349.4,16,2025-03-19 08:47:00
1742374080,30349.4,30362.75,30324.35,30325.0,35,2025-03-19 08:48:00
1742374140,30325.0,30391.85,30325.0,30388.15,43,2025-03-19 08:49:00
1742374200,30405.3,30425.7,30354.85,30354.85,30,2025-03-19 08:50:00
1742374260,30354.85,30365.2,30325.25,30365.2,28,2025-03-19 08:51:00
1742374320,30346.9,30371.6,30338.3,30352.9,22,2025-03-19 08:52:00
1742374380,30352.9,30381.5,30336.75,30381.5,12,2025-03-19 08:53:00
1742374440,30357.35,30357.35,30327.9,30350.5,23,2025-03-19 08:54:00
1742374500,30350.55,30369.2,30325.25,30344.3,34,2025-03-19 08:55:00
1742374560,30344.3,30353.25,30325.25,30325.25,22,2025-03-19 08:56:00
1742374620,30325.25,30367.3,30325.25,30325.25,25,2025-03-19 08:57:00
1742374680,30325.25,30380.0,30325.25,30350.25,20,2025-03-19 08:58:00
1742374740,30350.25,30383.4,30350.25,30367.9,32,2025-03-19 08:59:00
1742374800,30350.25,30383.15,30350.25,30375.4,23,2025-03-19 09:00:00
1742374860,30351.15,30382.1,30350.35,30351.45,39,2025-03-19 09:01:00
1742374920,30375.35,30388.35,30350.25,30365.35,30,2025-03-19 09:02:00
1742374980,30365.35,30378.3,30350.25,30350.25,13,2025-03-19 09:03:00
1742375040,30355.15,30364.9,30350.25,30350.25,31,2025-03-19 09:04:00
1742375100,30350.25,30375.3,30350.25,30350.3,24,2025-03-19 09:05:00
1742375160,30350.25,30360.7,30331.3,30355.0,16,2025-03-19 09:06:00
1742375220,30355.0,30385.9,30355.0,30380.0,20,2025-03-19 09:07:00
1742375280,30383.9,30383.9,30355.0,30355.0,35,2025-03-19 09:08:00
1742375340,30360.0,30429.95,30360.0,30361.35,44,2025-03-19 09:09:00
1742375400,30361.35,30408.25,30354.95,30379.8,18,2025-03-19 09:10:00
1742375460,30350.0,30375.0,30350.0,30357.7,15,2025-03-19 09:11:00
1742375520,30357.7,30381.0,30345.0,30364.35,43,2025-03-19 09:12:00
1742375580,30360.8,30396.8,30356.6,30356.65,29,2025-03-19 09:13:00
1742375640,30356.65,30356.65,30330.0,30330.0,16,2025-03-19 09:14:00
1742375700,30330.0,30383.15,30330.0,30381.4,24,2025-03-19 09:15:00
1742375760,30363.55,30390.0,30357.2,30368.0,26,2025-03-19 09:16:00
1742375820,30368.0,30368.0,30368.0,30368.0,11,2025-03-19 09:17:00
1742375880,30368.0,30368.0,30368.0,30368.0,15,2025-03-19 09:18:00
1742375940,30368.0,30429.9,30368.0,30412.9,73,2025-03-19 09:19:00
1742376000,30412.9,30412.9,30368.0,30373.35,115,2025-03-19 09:20:00
1742376060,30373.35,30373.35,30348.0,30348.0,19,2025-03-19 09:21:00
1742376120,30348.0,30377.95,30332.3,30360.05,17,2025-03-19 09:22:00
1742376180,30360.05,30374.15,30332.55,30360.05,21,2025-03-19 09:23:00
1742376240,30360.05,30382.3,30335.15,30382.3,22,2025-03-19 09:24:00
1742376300,30368.15,30382.5,30340.5,30341.55,29,2025-03-19 09:25:00
1742376360,30341.55,30381.55,30339.1,30339.1,21,2025-03-19 09:26:00
1742376420,30335.2,30415.95,30335.2,30387.55,158,2025-03-19 09:27:00
1742376480,30387.55,30394.25,30364.55,30394.25,12,2025-03-19 09:28:00
1742376540,30394.25,30399.95,30358.0,30369.75,28,2025-03-19 09:29:00
1742376600,30370.25,30414.85,30340.0,30350.15,19,2025-03-19 09:30:00
1742376660,30350.0,30383.25,30326.6,30326.6,20,2025-03-19 09:31:00
1742376720,30367.3,30367.3,30326.2,30326.2,31,2025-03-19 09:32:00
1742376780,30326.2,30355.45,30320.6,30320.9,22,2025-03-19 09:33:00
1742376840,30403.15,30429.2,30361.55,30361.55,221,2025-03-19 09:34:00
1742376900,30361.55,30372.55,30340.4,30340.4,35,2025-03-19 09:35:00
1742376960,30340.4,30398.5,30330.45,30367.6,25,2025-03-19 09:36:00
1742377020,30363.15,30404.2,30363.15,30363.15,19,2025-03-19 09:37:00
1742377080,30363.15,30400.55,30363.15,30395.05,17,2025-03-19 09:38:00
1742377140,30364.25,30398.75,30364.05,30368.35,23,2025-03-19 09:39:00
1742377200,30368.35,30398.05,30340.0,30340.0,36,2025-03-19 09:40:00
1742377260,30340.0,30378.35,30334.2,30334.9,33,2025-03-19 09:41:00
1742377320,30334.9,30373.65,30334.15,30334.2,41,2025-03-19 09:42:00
1742377380,30334.2,30369.75,30330.45,30340.15,15,2025-03-19 09:43:00
1742377440,30369.15,30383.75,30340.15,30344.1,37,2025-03-19 09:44:00
1742377500,30344.1,30411.5,30332.45,30411.5,95,2025-03-19 09:45:00
1742377560,30332.5,30332.5,30300.0,30300.0,115,2025-03-19 09:46:00
1742377620,30300.0,30320.0,30291.75,30291.75,18,2025-03-19 09:47:00
1742377680,30291.75,30350.0,30291.75,30291.95,58,2025-03-19 09:48:00
1742377740,30291.95,30349.85,30291.95,30300.0,42,2025-03-19 09:49:00
1742377800,30300.0,30350.0,30294.15,30295.3,102,2025-03-19 09:50:00
1742377860,30295.3,30341.95,30295.3,30296.05,28,2025-03-19 09:51:00
1742377920,30296.15,30341.7,30296.15,30324.15,30,2025-03-19 09:52:00
1742377980,30300.05,30325.0,30300.05,30302.45,18,2025-03-19 09:53:00
1742378040,30302.45,30476.75,30302.45,30326.0,141,2025-03-19 09:54:00
1742378100,30326.0,30473.75,30326.0,30330.5,35,2025-03-19 09:55:00
1742378160,30330.5,30440.2,30295.0,30295.0,70,2025-03-19 09:56:00
1742378220,30305.05,30418.05,30295.0,30295.0,46,2025-03-19 09:57:00
1742378280,30394.35,30434.4,30300.0,30300.0,35,2025-03-19 09:58:00
1742378340,30300.0,30390.0,30290.0,30290.0,34,2025-03-19 09:59:00
1742442300,30348.9,30407.3,30156.55,30399.6,247,2025-03-20 03:45:00
1742442360,30389.5,30398.85,30304.35,30398.85,109,2025-03-20 03:46:00
1742442420,30398.85,30398.85,30315.8,30315.8,17,2025-03-20 03:47:00
1742442480,30315.8,30315.8,30259.05,30307.55,22,2025-03-20 03:48:00
1742442540,30292.5,30340.0,30292.5,30340.0,3,2025-03-20 03:49:00
1742442600,30340.0,30340.0,30340.0,30340.0,34,2025-03-20 03:50:00
1742442660,30340.0,30348.85,30340.0,30348.85,10,2025-03-20 03:51:00
1742442720,30348.85,30348.85,30313.55,30313.55,5,2025-03-20 03:52:00
1742442780,30313.55,30317.25,30313.55,30317.25,2,2025-03-20 03:53:00
1742442840,30317.25,30348.85,30317.25,30348.85,12,2025-03-20 03:54:00
1742442900,30348.85,30380.0,30311.1,30338.0,45,2025-03-20 03:55:00
1742442960,30338.0,30338.0,30287.45,30287.45,33,2025-03-20 03:56:00
1742443020,30287.45,30315.6,30287.45,30315.6,11,2025-03-20 03:57:00
1742443080,30315.6,30333.0,30304.2,30304.2,8,2025-03-20 03:58:00
1742443140,30304.2,30304.2,30304.2,30304.2,0,2025-03-20 03:59:00
1742443200,30304.2,30304.2,30304.2,30304.2,0,2025-03-20 04:00:00
1742443260,30297.1,30312.55,30274.3,30312.55,9,2025-03-20 04:01:00
1742443320,30312.55,30312.55,30312.55,30312.55,0,2025-03-20 04:02:00
1742443380,30347.55,30347.55,30344.4,30345.9,19,2025-03-20 04:03:00
1742443440,30312.7,30340.9,30295.9,30340.9,16,2025-03-20 04:04:00
1742443500,30340.9,30370.3,30340.9,30370.3,58,2025-03-20 04:05:00
1742443560,30370.3,30398.0,30370.3,30398.0,13,2025-03-20 04:06:00
1742443620,30362.45,30449.8,30362.45,30449.8,50,2025-03-20 04:07:00
1742443680,30449.8,30453.35,30423.35,30431.8,42,2025-03-20 04:08:00
1742443740,30430.0,30435.3,30405.0,30435.3,20,2025-03-20 04:09:00
1742443800,30435.3,30435.3,30376.75,30376.75,24,2025-03-20 04:10:00
1742443860,30376.75,30376.75,30360.6,30360.6,17,2025-03-20 04:11:00
1742443920,30360.6,30398.65,30360.6,30398.65,5,2025-03-20 04:12:00
1742443980,30360.8,30360.8,30360.6,30360.6,16,2025-03-20 04:13:00
1742444040,30360.6,30387.6,30360.6,30387.6,6,2025-03-20 04:14:00
1742444100,30387.6,30387.6,30350.0,30350.0,20,2025-03-20 04:15:00
1742444160,30350.0,30350.0,30350.0,30350.0,0,2025-03-20 04:16:00
1742444220,30350.0,30350.0,30350.0,30350.0,1,2025-03-20 04:17:00
1742444280,30350.0,30350.0,30350.0,30350.0,0,2025-03-20 04:18:00
1742444340,30345.15,30345.15,30271.2,30271.2,29,2025-03-20 04:19:00
1742444400,30271.2,30303.95,30250.85,30303.95,78,2025-03-20 04:20:00
1742444460,30303.95,30303.95,30221.0,30244.8,30,2025-03-20 04:21:00
1742444520,30244.8,30323.4,30244.8,30323.4,6,2025-03-20 04:22:00
1742444580,30323.4,30323.4,30234.55,30287.35,18,2025-03-20 04:23:00
1742444640,30287.35,30287.35,30241.2,30241.2,2,2025-03-20 04:24:00
1742444700,30241.2,30287.3,30241.2,30287.3,2,2025-03-20 04:25:00
1742444760,30287.3,30290.1,30243.95,30290.1,6,2025-03-20 04:26:00
1742444820,30290.1,30290.1,30250.0,30250.0,16,2025-03-20 04:27:00
1742444880,30250.0,30250.0,30250.0,30250.0,0,2025-03-20 04:28:00
1742444940,30250.0,30261.4,30250.0,30261.0,5,2025-03-20 04:29:00
1742445000,30261.0,30261.4,30261.0,30261.4,1,2025-03-20 04:30:00
1742445060,30261.4,30261.4,30241.5,30258.95,27,2025-03-20 04:31:00
1742445120,30258.95,30303.9,30249.95,30303.9,60,2025-03-20 04:32:00
1742445180,30303.9,30303.9,30276.1,30276.1,4,2025-03-20 04:33:00
1742445240,30276.1,30277.3,30276.1,30277.3,1,2025-03-20 04:34:00
1742445300,30277.3,30277.3,30277.3,30277.3,0,2025-03-20 04:35:00
1742445360,30277.3,30277.3,30276.1,30276.1,9,2025-03-20 04:36:00
1742445420,30218.8,30243.8,30218.8,30243.8,9,2025-03-20 04:37:00
1742445480,30267.45,30267.45,30220.05,30220.05,7,2025-03-20 04:38:00
1742445540,30239.15,30325.2,30239.15,30325.2,74,2025-03-20 04:39:00
1742445600,30325.2,30433.75,30325.2,30433.75,72,2025-03-20 04:40:00
1742445660,30433.75,30479.9,30433.75,30479.9,59,2025-03-20 04:41:00
1742445720,30479.9,30508.15,30470.45,30499.0,181,2025-03-20 04:42:00
1742445780,30499.0,30541.35,30499.0,30509.75,173,2025-03-20 04:43:00
1742445840,30540.6,30540.6,30510.0,30510.0,19,2025-03-20 04:44:00
1742445900,30510.0,30538.85,30460.1,30478.75,32,2025-03-20 04:45:00
1742445960,30470.05,30513.6,30470.05,30513.6,31,2025-03-20 04:46:00
1742446020,30513.6,30529.85,30513.6,30529.85,8,2025-03-20 04:47:00
1742446080,30529.85,30529.85,30504.8,30504.8,13,2025-03-20 04:48:00
1742446140,30504.8,30504.8,30480.0,30480.0,12,2025-03-20 04:49:00
1742446200,30500.0,30500.0,30480.0,30480.0,6,2025-03-20 04:50:00
1742446260,30480.0,30480.0,30480.0,30480.0,1,2025-03-20 04:51:00
1742446320,30480.0,30480.0,30480.0,30480.0,0,2025-03-20 04:52:00
1742446380,30480.0,30500.0,30480.0,30500.0,1,2025-03-20 04:53:00
1742446440,30500.0,30500.0,30480.0,30500.0,3,2025-03-20 04:54:00
1742446500,30500.0,30500.0,30500.0,30500.0,1,2025-03-20 04:55:00
1742446560,30500.0,30525.0,30500.0,30502.25,33,2025-03-20 04:56:00
1742446620,30502.25,30525.0,30502.25,30519.75,39,2025-03-20 04:57:00
1742446680,30519.75,30519.75,30510.2,30510.2,1,2025-03-20 04:58:00
1742446740,30510.2,30595.5,30510.2,30595.5,105,2025-03-20 04:59:00
1742446800,30595.5,30737.8,30595.5,30716.05,254,2025-03-20 05:00:00
1742446860,30737.8,30737.8,30661.5,30661.5,58,2025-03-20 05:01:00
1742446920,30661.5,30670.0,30636.75,30647.45,41,2025-03-20 05:02:00
1742446980,30641.35,30739.85,30629.0,30675.0,123,2025-03-20 05:03:00
1742447040,30675.0,30675.75,30608.4,30608.4,56,2025-03-20 05:04:00
1742447100,30608.4,30653.45,30571.35,30580.7,204,2025-03-20 05:05:00
1742447160,30612.7,30612.7,30512.0,30512.0,64,2025-03-20 05:06:00
1742447220,30500.0,30500.0,30429.05,30429.05,58,2025-03-20 05:07:00
1742447280,30429.05,30509.5,30429.05,30489.55,33,2025-03-20 05:08:00
1742447340,30489.55,30494.8,30470.25,30494.8,11,2025-03-20 05:09:00
1742447400,30494.8,30494.8,30480.1,30480.1,15,2025-03-20 05:10:00
1742447460,30494.85,30529.9,30494.85,30523.35,7,2025-03-20 05:11:00
1742447520,30523.35,30525.1,30523.35,30525.1,2,2025-03-20 05:12:00
1742447580,30525.1,30530.15,30502.5,30502.5,16,2025-03-20 05:13:00
1742447640,30502.5,30502.5,30502.5,30502.5,6,2025-03-20 05:14:00
1742447700,30510.0,30510.0,30510.0,30510.0,2,2025-03-20 05:15:00
1742447760,30510.0,30510.0,30510.0,30510.0,0,2025-03-20 05:16:00
1742447820,30515.7,30539.0,30505.6,30539.0,20,2025-03-20 05:17:00
1742447880,30539.0,30539.0,30515.65,30526.3,54,2025-03-20 05:18:00
1742447940,30526.3,30557.85,30526.3,30556.05,2,2025-03-20 05:19:00
1742448000,30556.05,30556.05,30540.0,30540.0,2,2025-03-20 05:20:00
1742448060,30540.0,30540.0,30540.0,30540.0,0,2025-03-20 05:21:00
1742448120,30540.0,30540.0,30517.15,30517.15,18,2025-03-20 05:22:00
1742448180,30517.15,30538.55,30517.15,30538.55,1,2025-03-20 05:23:00
1742448240,30538.55,30538.55,30505.6,30505.6,6,2025-03-20 05:24:00
1742448300,30505.6,30524.8,30505.6,30524.8,1,2025-03-20 05:25:00
1742448360,30524.8,30524.8,30524.8,30524.8,0,2025-03-20 05:26:00
1742448420,30524.8,30524.8,30524.8,30524.8,1,2025-03-20 05:27:00
1742448480,30524.8,30524.8,30505.65,30505.65,1,2025-03-20 05:28:00
1742448540,30505.65,30539.8,30505.65,30539.8,2,2025-03-20 05:29:00
1742448600,30539.8,30600.0,30539.8,30548.1,58,2025-03-20 05:30:00
1742448660,30548.1,30559.6,30548.1,30559.6,2,2025-03-20 05:31:00
1742448720,30559.6,30559.6,30506.5,30506.5,8,2025-03-20 05:32:00
1742448780,30506.5,30547.35,30506.5,30547.35,3,2025-03-20 05:33:00
1742448840,30547.35,30547.35,30542.75,30542.75,3,2025-03-20 05:34:00
1742448900,30542.75,30542.75,30542.0,30542.0,2,2025-03-20 05:35:00
1742448960,30542.0,30542.0,30542.0,30542.0,0,2025-03-20 05:36:00
1742449020,30542.0,30542.0,30542.0,30542.0,0,2025-03-20 05:37:00
1742449080,30542.0,30542.0,30542.0,30542.0,0,2025-03-20 05:38:00
1742449140,30542.0,30542.0,30542.0,30542.0,3,2025-03-20 05:39:00
1742449200,30542.0,30542.0,30542.0,30542.0,0,2025-03-20 05:40:00
1742449260,30542.0,30542.0,30542.0,30542.0,0,2025-03-20 05:41:00
1742449320,30542.0,30542.0,30517.25,30517.25,10,2025-03-20 05:42:00
1742449380,30517.25,30517.25,30517.25,30517.25,0,2025-03-20 05:43:00
1742449440,30517.25,30517.25,30517.25,30517.25,0,2025-03-20 05:44:00
1742449500,30517.25,30559.6,30517.25,30559.6,1,2025-03-20 05:45:00
1742449560,30559.6,30559.6,30559.6,30559.6,4,2025-03-20 05:46:00
1742449620,30559.6,30559.6,30519.0,30519.0,4,2025-03-20 05:47:00
1742449680,30519.0,30519.0,30512.6,30512.6,3,2025-03-20 05:48:00
1742449740,30512.6,30512.6,30512.6,30512.6,0,2025-03-20 05:49:00
1742449800,30512.6,30533.85,30512.6,30531.25,5,2025-03-20 05:50:00
1742449860,30531.25,30531.25,30531.25,30531.25,0,2025-03-20 05:51:00
1742449920,30531.25,30531.25,30505.6,30505.6,1,2025-03-20 05:52:00
1742449980,30505.6,30505.6,30505.6,30505.6,0,2025-03-20 05:53:00
1742450040,30505.6,30505.65,30505.6,30505.6,3,2025-03-20 05:54:00
1742450100,30505.6,30517.25,30505.6,30517.25,1,2025-03-20 05:55:00
1742450160,30517.25,30517.25,30517.25,30517.25,0,2025-03-20 05:56:00
1742450220,30517.25,30517.25,30517.25,30517.25,0,2025-03-20 05:57:00
1742450280,30517.25,30517.25,30517.25,30517.25,0,2025-03-20 05:58:00
1742450340,30553.55,30555.15,30553.55,30555.15,2,2025-03-20 05:59:00
1742450400,30555.15,30557.95,30555.15,30557.95,1,2025-03-20 06:00:00
1742450460,30557.95,30558.0,30540.7,30540.7,2,2025-03-20 06:01:00
1742450520,30540.7,30540.7,30540.7,30540.7,0,2025-03-20 06:02:00
1742450580,30540.7,30540.7,30540.7,30540.7,0,2025-03-20 06:03:00
1742450640,30540.7,30540.7,30540.7,30540.7,0,2025-03-20 06:04:00
1742450700,30540.7,30540.7,30540.7,30540.7,0,2025-03-20 06:05:00
1742450760,30540.7,30540.7,30540.7,30540.7,0,2025-03-20 06:06:00
1742450820,30540.7,30540.7,30525.05,30525.05,2,2025-03-20 06:07:00
1742450880,30525.05,30525.05,30525.05,30525.05,0,2025-03-20 06:08:00
1742450940,30525.05,30525.05,30505.65,30505.65,25,2025-03-20 06:09:00
1742451000,30505.65,30547.2,30505.65,30547.2,1,2025-03-20 06:10:00
1742451060,30547.2,30547.2,30547.2,30547.2,0,2025-03-20 06:11:00
1742451120,30547.2,30547.2,30512.05,30512.05,1,2025-03-20 06:12:00
1742451180,30631.55,30637.05,30616.5,30616.5,92,2025-03-20 06:13:00
1742451240,30616.5,30616.5,30578.75,30578.75,8,2025-03-20 06:14:00
1742451300,30643.3,30643.3,30585.3,30585.3,39,2025-03-20 06:15:00
1742451360,30585.3,30639.65,30554.6,30594.75,8,2025-03-20 06:16:00
1742451420,30594.75,30599.4,30594.75,30599.4,4,2025-03-20 06:17:00
1742451480,30599.4,30599.4,30557.75,30557.75,1,2025-03-20 06:18:00
1742451540,30557.75,30557.75,30557.75,30557.75,0,2025-03-20 06:19:00
1742451600,30560.8,30583.45,30543.9,30583.45,7,2025-03-20 06:20:00
1742451660,30583.45,30598.15,30560.5,30580.3,4,2025-03-20 06:21:00
1742451720,30580.3,30593.8,30558.55,30558.55,5,2025-03-20 06:22:00
1742451780,30558.55,30597.05,30551.6,30564.85,23,2025-03-20 06:23:00
1742451840,30564.85,30564.85,30564.85,30564.85,0,2025-03-20 06:24:00
1742451900,30564.85,30575.0,30556.95,30567.2,7,2025-03-20 06:25:00
1742451960,30567.2,30567.2,30558.3,30558.3,1,2025-03-20 06:26:00
1742452020,30558.05,30591.95,30546.3,30546.3,11,2025-03-20 06:27:00
1742452080,30546.3,30546.3,30536.2,30536.2,2,2025-03-20 06:28:00
1742452140,30536.2,30551.35,30536.2,30551.35,1,2025-03-20 06:29:00
1742452200,30551.35,30551.35,30536.25,30536.25,1,2025-03-20 06:30:00
1742452260,30536.25,30539.5,30536.25,30539.5,1,2025-03-20 06:31:00
1742452320,30539.5,30539.5,30537.2,30537.2,1,2025-03-20 06:32:00
1742452380,30537.2,30537.2,30522.35,30522.35,1,2025-03-20 06:33:00
1742452440,30515.3,30515.3,30515.3,30515.3,1,2025-03-20 06:34:00
1742452500,30515.0,30558.0,30512.35,30512.35,16,2025-03-20 06:35:00
1742452560,30512.35,30547.15,30512.35,30547.15,2,2025-03-20 06:36:00
1742452620,30547.15,30547.15,30512.2,30515.0,7,2025-03-20 06:37:00
1742452680,30515.0,30521.15,30515.0,30521.15,2,2025-03-20 06:38:00
1742452740,30521.15,30521.15,30521.1,30521.1,1,2025-03-20 06:39:00
1742452800,30521.1,30521.1,30521.1,30521.1,1,2025-03-20 06:40:00
1742452860,30521.1,30521.1,30521.1,30521.1,1,2025-03-20 06:41:00
1742452920,30521.1,30521.1,30516.65,30516.65,2,2025-03-20 06:42:00
1742452980,30516.65,30551.0,30516.65,30551.0,1,2025-03-20 06:43:00
1742453040,30551.0,30562.05,30520.25,30562.05,2,2025-03-20 06:44:00
1742453100,30562.05,30562.05,30562.05,30562.05,0,2025-03-20 06:45:00
1742453160,30562.05,30562.05,30520.4,30520.4,1,2025-03-20 06:46:00
1742453220,30520.4,30520.4,30520.0,30520.0,3,2025-03-20 06:47:00
1742453280,30520.0,30520.0,30520.0,30520.0,3,2025-03-20 06:48:00
1742453340,30520.0,30520.0,30520.0,30520.0,2,2025-03-20 06:49:00
1742453400,30520.0,30520.0,30515.0,30515.0,3,2025-03-20 06:50:00
1742453460,30515.0,30551.65,30515.0,30515.0,3,2025-03-20 06:51:00
1742453520,30515.0,30515.0,30507.1,30507.1,4,2025-03-20 06:52:00
1742453580,30507.1,30538.5,30507.1,30507.15,5,2025-03-20 06:53:00
1742453640,30507.4,30507.4,30507.05,30507.05,3,2025-03-20 06:54:00
1742453700,30507.05,30536.15,30505.65,30505.65,3,2025-03-20 06:55:00
1742453760,30505.65,30505.65,30505.65,30505.65,0,2025-03-20 06:56:00
1742453820,30505.65,30525.0,30505.65,30525.0,3,2025-03-20 06:57:00
1742453880,30525.0,30525.0,30525.0,30525.0,0,2025-03-20 06:58:00
1742453940,30525.0,30525.0,30520.0,30520.0,1,2025-03-20 06:59:00
1742454000,30520.0,30520.0,30520.0,30520.0,2,2025-03-20 07:00:00
1742454060,30520.0,30520.0,30505.6,30505.6,71,2025-03-20 07:01:00
1742454120,30505.6,30505.6,30505.6,30505.6,0,2025-03-20 07:02:00
1742454180,30505.6,30519.0,30505.6,30519.0,2,2025-03-20 07:03:00
1742454240,30519.0,30519.0,30519.0,30519.0,1,2025-03-20 07:04:00
1742454300,30519.0,30519.0,30519.0,30519.0,1,2025-03-20 07:05:00
1742454360,30519.0,30519.0,30519.0,30519.0,0,2025-03-20 07:06:00
1742454420,30519.0,30519.0,30518.0,30518.0,1,2025-03-20 07:07:00
1742454480,30518.0,30519.0,30515.0,30519.0,8,2025-03-20 07:08:00
1742454540,30519.0,30519.0,30519.0,30519.0,1,2025-03-20 07:09:00
1742454600,30519.0,30519.0,30519.0,30519.0,0,2025-03-20 07:10:00
1742454660,30519.0,30519.0,30519.0,30519.0,1,2025-03-20 07:11:00
1742454720,30555.5,30555.5,30555.5,30555.5,24,2025-03-20 07:12:00
1742454780,30607.9,30689.95,30601.05,30689.95,71,2025-03-20 07:13:00
1742454840,30689.95,30738.95,30689.8,30738.95,130,2025-03-20 07:14:00
1742454900,30706.05,30726.4,30659.9,30719.95,62,2025-03-20 07:15:00
1742454960,30685.3,30733.85,30633.2,30657.75,56,2025-03-20 07:16:00
1742455020,30657.75,30662.75,30572.2,30574.3,16,2025-03-20 07:17:00
1742455080,30555.4,30579.15,30540.0,30549.0,20,2025-03-20 07:18:00
1742455140,30549.0,30549.0,30503.0,30503.0,26,2025-03-20 07:19:00
1742455200,30503.0,30523.0,30503.0,30506.15,19,2025-03-20 07:20:00
1742455260,30506.15,30545.25,30503.8,30504.05,12,2025-03-20 07:21:00
1742455320,30504.05,30537.4,30400.0,30441.5,324,2025-03-20 07:22:00
1742455380,30441.5,30441.5,30350.15,30360.0,20,2025-03-20 07:23:00
1742455440,30360.0,30399.95,30360.0,30399.8,3,2025-03-20 07:24:00
1742455500,30399.8,30399.8,30399.8,30399.8,0,2025-03-20 07:25:00
1742455560,30399.8,30399.8,30387.85,30387.85,8,2025-03-20 07:26:00
1742455620,30343.5,30387.5,30343.5,30355.7,14,2025-03-20 07:27:00
1742455680,30355.7,30399.95,30355.7,30387.15,20,2025-03-20 07:28:00
1742455740,30387.15,30387.15,30387.15,30387.15,0,2025-03-20 07:29:00
1742455800,30387.15,30387.15,30344.7,30383.9,4,2025-03-20 07:30:00
1742455860,30383.9,30383.9,30379.6,30379.6,6,2025-03-20 07:31:00
1742455920,30379.6,30379.6,30339.05,30377.55,2,2025-03-20 07:32:00
1742455980,30340.3,30374.25,30340.3,30374.25,4,2025-03-20 07:33:00
1742456040,30374.25,30383.85,30374.25,30383.85,2,2025-03-20 07:34:00
1742456100,30347.1,30383.9,30347.1,30349.1,3,2025-03-20 07:35:00
1742456160,30341.6,30378.35,30341.6,30378.35,8,2025-03-20 07:36:00
1742456220,30378.35,30378.35,30347.0,30347.0,5,2025-03-20 07:37:00
1742456280,30347.0,30381.65,30347.0,30350.0,11,2025-03-20 07:38:00
1742456340,30398.65,30398.65,30330.0,30353.3,92,2025-03-20 07:39:00
1742456400,30363.3,30367.25,30361.7,30367.25,3,2025-03-20 07:40:00
1742456460,30367.25,30393.45,30367.25,30393.45,5,2025-03-20 07:41:00
1742456520,30393.45,30393.45,30372.75,30379.8,5,2025-03-20 07:42:00
1742456580,30379.8,30379.8,30360.0,30360.0,1,2025-03-20 07:43:00
1742456640,30360.0,30391.0,30360.0,30391.0,2,2025-03-20 07:44:00
1742456700,30391.0,30397.8,30360.15,30360.15,3,2025-03-20 07:45:00
1742456760,30360.15,30400.0,30360.15,30400.0,19,2025-03-20 07:46:00
1742456820,30400.0,30400.0,30360.0,30360.0,14,2025-03-20 07:47:00
1742456880,30360.0,30360.0,30330.0,30343.25,96,2025-03-20 07:48:00
1742456940,30343.25,30343.25,30343.25,30343.25,0,2025-03-20 07:49:00
1742457000,30328.25,30349.85,30320.05,30320.05,5,2025-03-20 07:50:00
1742457060,30320.05,30320.05,30320.05,30320.05,0,2025-03-20 07:51:00
1742457120,30320.05,30349.85,30312.65,30349.75,11,2025-03-20 07:52:00
1742457180,30349.75,30350.0,30312.55,30350.0,20,2025-03-20 07:53:00
1742457240,30349.85,30349.85,30349.1,30349.1,3,2025-03-20 07:54:00
1742457300,30349.1,30349.1,30349.1,30349.1,0,2025-03-20 07:55:00
1742457360,30349.1,30349.1,30349.1,30349.1,6,2025-03-20 07:56:00
1742457420,30349.1,30349.1,30345.8,30345.8,1,2025-03-20 07:57:00
1742457480,30345.8,30347.05,30345.8,30347.05,2,2025-03-20 07:58:00
1742457540,30347.05,30349.0,30347.05,30349.0,1,2025-03-20 07:59:00
1742457600,30349.0,30349.0,30349.0,30349.0,14,2025-03-20 08:00:00
1742457660,30349.0,30349.1,30310.35,30349.1,5,2025-03-20 08:01:00
1742457720,30349.1,30349.1,30316.95,30316.95,2,2025-03-20 08:02:00
1742457780,30316.95,30347.05,30310.8,30347.05,11,2025-03-20 08:03:00
1742457840,30347.05,30347.05,30345.75,30345.75,2,2025-03-20 08:04:00
1742457900,30345.75,30345.75,30345.75,30345.75,0,2025-03-20 08:05:00
1742457960,30345.75,30345.75,30340.0,30340.0,1,2025-03-20 08:06:00
1742458020,30340.0,30340.0,30340.0,30340.0,0,2025-03-20 08:07:00
1742458080,30310.0,30310.0,30310.0,30310.0,4,2025-03-20 08:08:00
1742458140,30310.0,30310.0,30310.0,30310.0,0,2025-03-20 08:09:00
1742458200,30310.0,30339.85,30310.0,30339.85,2,2025-03-20 08:10:00
1742458260,30339.85,30340.0,30224.05,30224.05,99,2025-03-20 08:11:00
1742458320,30224.05,30263.4,30151.15,30263.4,121,2025-03-20 08:12:00
1742458380,30177.45,30225.15,30177.45,30225.15,77,2025-03-20 08:13:00
1742458440,30225.15,30236.95,30200.0,30232.85,53,2025-03-20 08:14:00
1742458500,30232.85,30295.5,30232.85,30295.5,1,2025-03-20 08:15:00
1742458560,30295.5,30300.0,30273.35,30273.35,13,2025-03-20 08:16:00
1742458620,30273.35,30273.35,30264.15,30264.15,1,2025-03-20 08:17:00
1742458680,30264.15,30264.15,30264.15,30264.15,0,2025-03-20 08:18:00
1742458740,30264.15,30264.2,30264.15,30264.2,10,2025-03-20 08:19:00
1742458800,30306.4,30306.4,30306.4,30306.4,1,2025-03-20 08:20:00
1742458860,30306.4,30306.4,30306.4,30306.4,0,2025-03-20 08:21:00
1742458920,30253.6,30293.2,30253.6,30293.2,30,2025-03-20 08:22:00
1742458980,30293.2,30305.4,30293.2,30305.4,4,2025-03-20 08:23:00
1742459040,30305.4,30307.35,30303.3,30307.35,4,2025-03-20 08:24:00
1742459100,30307.35,30319.4,30307.35,30319.4,2,2025-03-20 08:25:00
1742459160,30319.4,30319.4,30272.45,30296.05,8,2025-03-20 08:26:00
1742459220,30296.05,30296.05,30296.05,30296.05,0,2025-03-20 08:27:00
1742459280,30296.05,30296.05,30256.05,30256.05,15,2025-03-20 08:28:00
1742459340,30256.05,30256.05,30256.05,30256.05,0,2025-03-20 08:29:00
1742459400,30256.05,30256.05,30256.05,30256.05,0,2025-03-20 08:30:00
1742459460,30256.05,30256.05,30201.05,30201.05,37,2025-03-20 08:31:00
1742459520,30201.05,30201.05,30201.05,30201.05,0,2025-03-20 08:32:00
1742459580,30201.05,30241.8,30201.05,30241.8,1,2025-03-20 08:33:00
1742459640,30241.8,30241.8,30241.8,30241.8,0,2025-03-20 08:34:00
1742459700,30241.8,30241.8,30241.8,30241.8,0,2025-03-20 08:35:00
1742459760,30241.8,30241.8,30241.8,30241.8,0,2025-03-20 08:36:00
1742459820,30241.8,30244.65,30241.8,30244.65,2,2025-03-20 08:37:00
1742459880,30244.65,30244.65,30244.65,30244.65,0,2025-03-20 08:38:00
1742459940,30244.65,30244.65,30200.0,30200.0,26,2025-03-20 08:39:00
1742460000,30200.0,30223.75,30200.0,30223.75,2,2025-03-20 08:40:00
1742460060,30223.75,30223.75,30223.75,30223.75,0,2025-03-20 08:41:00
1742460120,30223.75,30223.75,30200.05,30200.05,2,2025-03-20 08:42:00
1742460180,30200.05,30200.05,30200.05,30200.05,0,2025-03-20 08:43:00
1742460240,30223.75,30223.75,30201.0,30201.0,5,2025-03-20 08:44:00
1742460300,30201.0,30223.75,30200.0,30200.0,21,2025-03-20 08:45:00
1742460360,30180.0,30180.0,30151.0,30152.25,13,2025-03-20 08:46:00
1742460420,30153.0,30153.0,30151.05,30151.05,10,2025-03-20 08:47:00
1742460480,30151.05,30151.05,30084.1,30102.55,65,2025-03-20 08:48:00
1742460540,30102.55,30129.0,30057.45,30127.25,34,2025-03-20 08:49:00
1742460600,30150.0,30200.0,30129.0,30147.45,56,2025-03-20 08:50:00
1742460660,30147.45,30183.4,30139.65,30165.0,13,2025-03-20 08:51:00
1742460720,30165.0,30200.0,30165.0,30199.1,12,2025-03-20 08:52:00
1742460780,30199.1,30199.1,30153.5,30153.5,8,2025-03-20 08:53:00
1742460840,30153.5,30157.45,30153.5,30153.5,8,2025-03-20 08:54:00
1742460900,30153.5,30199.95,30153.5,30163.45,4,2025-03-20 08:55:00
1742460960,30163.45,30163.45,30159.95,30159.95,4,2025-03-20 08:56:00
1742461020,30159.95,30195.95,30150.95,30154.8,22,2025-03-20 08:57:00
1742461080,30200.0,30200.0,30128.1,30190.6,76,2025-03-20 08:58:00
1742461140,30190.6,30190.6,30128.0,30128.0,17,2025-03-20 08:59:00
1742461200,30128.0,30154.8,30128.0,30128.0,8,2025-03-20 09:00:00
1742461260,30128.0,30184.4,30128.0,30148.65,7,2025-03-20 09:01:00
1742461320,30148.65,30195.45,30145.2,30145.2,19,2025-03-20 09:02:00
1742461380,30145.2,30145.2,30139.8,30139.8,4,2025-03-20 09:03:00
1742461440,30139.8,30150.0,30139.8,30150.0,3,2025-03-20 09:04:00
1742461500,30183.25,30183.6,30150.0,30151.7,4,2025-03-20 09:05:00
1742461560,30151.7,30151.7,30150.0,30150.0,4,2025-03-20 09:06:00
1742461620,30150.0,30151.0,30150.0,30151.0,3,2025-03-20 09:07:00
1742461680,30151.0,30151.0,30128.05,30128.05,31,2025-03-20 09:08:00
1742461740,30128.05,30153.1,30128.0,30153.1,4,2025-03-20 09:09:00
1742461800,30136.45,30233.7,30130.95,30233.7,72,2025-03-20 09:10:00
1742461860,30233.7,30233.7,30160.25,30185.3,113,2025-03-20 09:11:00
1742461920,30185.3,30209.0,30171.1,30171.1,5,2025-03-20 09:12:00
1742461980,30171.1,30214.3,30171.1,30185.15,5,2025-03-20 09:13:00
1742462040,30185.15,30226.4,30185.15,30191.85,4,2025-03-20 09:14:00
1742462100,30191.85,30220.75,30175.2,30218.35,11,2025-03-20 09:15:00
1742462160,30200.0,30208.7,30175.0,30176.5,105,2025-03-20 09:16:00
1742462220,30176.5,30176.5,30175.0,30175.0,2,2025-03-20 09:17:00
1742462280,30175.0,30204.3,30175.0,30175.0,6,2025-03-20 09:18:00
1742462340,30175.0,30175.0,30155.0,30160.35,14,2025-03-20 09:19:00
1742462400,30160.35,30161.15,30156.2,30161.15,2,2025-03-20 09:20:00
1742462460,30161.15,30161.15,30161.0,30161.0,3,2025-03-20 09:21:00
1742462520,30161.0,30161.0,30161.0,30161.0,2,2025-03-20 09:22:00
1742462580,30161.0,30161.6,30161.0,30161.6,13,2025-03-20 09:23:00
1742462640,30161.6,30203.65,30161.6,30167.4,8,2025-03-20 09:24:00
1742462700,30167.4,30167.4,30161.0,30161.0,7,2025-03-20 09:25:00
1742462760,30161.0,30161.0,30161.0,30161.0,6,2025-03-20 09:26:00
1742462820,30161.0,30161.7,30161.0,30161.7,19,2025-03-20 09:27:00
1742462880,30161.7,30161.7,30127.3,30127.3,3,2025-03-20 09:28:00
1742462940,30127.3,30170.8,30127.3,30170.8,5,2025-03-20 09:29:00
1742463000,30128.85,30296.95,30128.85,30258.95,149,2025-03-20 09:30:00
1742463060,30248.85,30255.05,30182.75,30209.35,73,2025-03-20 09:31:00
1742463120,30203.8,30244.05,30192.05,30204.8,35,2025-03-20 09:32:00
1742463180,30204.3,30300.0,30203.55,30227.75,148,2025-03-20 09:33:00
1742463240,30227.75,30242.15,30189.85,30218.2,5,2025-03-20 09:34:00
1742463300,30201.95,30237.45,30200.25,30200.25,8,2025-03-20 09:35:00
1742463360,30200.25,30226.8,30190.15,30195.1,18,2025-03-20 09:36:00
1742463420,30201.35,30201.35,30190.05,30190.05,5,2025-03-20 09:37:00
1742463480,30190.05,30234.8,30190.05,30191.05,38,2025-03-20 09:38:00
1742463540,30191.45,30232.8,30190.0,30190.0,41,2025-03-20 09:39:00
1742463600,30179.8,30220.45,30179.8,30200.3,44,2025-03-20 09:40:00
1742463660,30228.1,30300.0,30206.15,30292.3,214,2025-03-20 09:41:00
1742463720,30270.3,30270.3,30211.5,30248.8,28,2025-03-20 09:42:00
1742463780,30213.95,30244.65,30213.95,30215.85,11,2025-03-20 09:43:00
1742463840,30215.85,30245.0,30215.85,30217.85,9,2025-03-20 09:44:00
1742463900,30203.85,30236.35,30050.2,30112.7,176,2025-03-20 09:45:00
1742463960,30100.0,30118.55,30052.2,30083.4,135,2025-03-20 09:46:00
1742464020,30089.6,30089.6,30050.0,30050.2,22,2025-03-20 09:47:00
1742464080,30050.1,30100.0,30050.1,30100.0,43,2025-03-20 09:48:00
1742464140,30080.35,30080.35,30053.4,30054.4,13,2025-03-20 09:49:00
1742464200,30057.2,30083.25,30057.2,30064.55,15,2025-03-20 09:50:00
1742464260,30064.55,30079.8,30056.2,30079.8,50,2025-03-20 09:51:00
1742464320,30079.8,30099.0,30056.25,30099.0,20,2025-03-20 09:52:00
1742464380,30099.0,30099.0,30050.0,30086.35,80,2025-03-20 09:53:00
1742464440,30086.35,30087.35,30086.35,30087.35,14,2025-03-20 09:54:00
1742464500,30087.35,30099.8,30086.35,30086.35,9,2025-03-20 09:55:00
1742464560,30086.35,30101.15,30086.35,30098.35,21,2025-03-20 09:56:00
1742464620,30150.0,30150.0,30062.1,30069.6,26,2025-03-20 09:57:00
1742464680,30069.6,30117.0,30069.0,30069.5,28,2025-03-20 09:58:00
1742464740,30194.7,30194.7,30050.0,30189.2,114,2025-03-20 09:59:00
1742528700,30290.0,30290.0,30096.55,30245.25,84,2025-03-21 03:45:00
1742528760,30176.7,30276.55,30176.7,30276.55,21,2025-03-21 03:46:00
1742528820,30276.55,30277.45,30275.0,30277.45,21,2025-03-21 03:47:00
1742528880,30186.5,30269.5,30186.5,30227.75,24,2025-03-21 03:48:00
1742528940,30228.35,30228.35,30228.05,30228.05,7,2025-03-21 03:49:00
1742529000,30228.05,30241.05,30228.05,30241.05,16,2025-03-21 03:50:00
1742529060,30241.05,30241.05,30194.95,30195.05,8,2025-03-21 03:51:00
1742529120,30195.2,30247.3,30195.2,30200.7,5,2025-03-21 03:52:00
1742529180,30200.7,30200.7,30194.95,30194.95,5,2025-03-21 03:53:00
1742529240,30194.95,30249.85,30194.95,30206.2,23,2025-03-21 03:54:00
1742529300,30206.2,30250.0,30195.15,30250.0,16,2025-03-21 03:55:00
1742529360,30250.0,30250.0,30208.95,30208.95,8,2025-03-21 03:56:00
1742529420,30208.95,30249.55,30155.0,30155.0,40,2025-03-21 03:57:00
1742529480,30155.0,30182.1,30155.0,30182.1,13,2025-03-21 03:58:00
1742529540,30182.1,30182.1,30182.1,30182.1,3,2025-03-21 03:59:00
1742529600,30182.1,30182.1,30182.1,30182.1,0,2025-03-21 04:00:00
1742529660,30182.1,30182.1,30182.1,30182.1,0,2025-03-21 04:01:00
1742529720,30182.1,30182.1,30182.1,30182.1,0,2025-03-21 04:02:00
1742529780,30182.1,30185.0,30182.1,30185.0,1,2025-03-21 04:03:00
1742529840,30185.0,30185.0,30185.0,30185.0,11,2025-03-21 04:04:00
1742529900,30185.0,30185.0,30160.0,30160.0,3,2025-03-21 04:05:00
1742529960,30160.0,30231.45,30160.0,30213.75,15,2025-03-21 04:06:00
1742530020,30251.1,30277.45,30251.1,30277.45,30,2025-03-21 04:07:00
1742530080,30277.45,30290.0,30277.45,30277.45,7,2025-03-21 04:08:00
1742530140,30277.45,30277.45,30210.3,30229.4,49,2025-03-21 04:09:00
1742530200,30229.4,30229.4,30229.4,30229.4,0,2025-03-21 04:10:00
1742530260,30229.4,30250.0,30229.4,30250.0,1,2025-03-21 04:11:00
1742530320,30250.0,30259.85,30250.0,30259.85,9,2025-03-21 04:12:00
1742530380,30259.85,30259.85,30259.85,30259.85,0,2025-03-21 04:13:00
1742530440,30259.85,30269.95,30250.0,30250.0,41,2025-03-21 04:14:00
1742530500,30267.4,30267.45,30239.85,30267.45,32,2025-03-21 04:15:00
1742530560,30267.45,30267.45,30215.4,30215.4,4,2025-03-21 04:16:00
1742530620,30215.4,30264.5,30215.4,30264.5,7,2025-03-21 04:17:00
1742530680,30264.45,30264.45,30264.45,30264.45,3,2025-03-21 04:18:00
1742530740,30264.45,30264.45,30263.95,30263.95,3,2025-03-21 04:19:00
1742530800,30263.95,30264.0,30210.0,30210.0,28,2025-03-21 04:20:00
1742530860,30210.0,30210.0,30200.0,30200.0,20,2025-03-21 04:21:00
1742530920,30200.0,30200.0,30200.0,30200.0,13,2025-03-21 04:22:00
1742530980,30200.0,30222.2,30180.35,30180.35,103,2025-03-21 04:23:00
1742531040,30180.35,30180.35,30180.35,30180.35,0,2025-03-21 04:24:00
1742531100,30180.35,30204.05,30179.75,30179.75,2,2025-03-21 04:25:00
1742531160,30204.05,30204.05,30204.05,30204.05,5,2025-03-21 04:26:00
1742531220,30204.05,30204.05,30204.05,30204.05,0,2025-03-21 04:27:00
1742531280,30204.05,30204.05,30204.05,30204.05,0,2025-03-21 04:28:00
1742531340,30204.05,30204.05,30204.05,30204.05,0,2025-03-21 04:29:00
1742531400,30204.05,30204.05,30204.05,30204.05,2,2025-03-21 04:30:00
1742531460,30204.05,30228.35,30204.05,30228.35,10,2025-03-21 04:31:00
1742531520,30228.35,30228.35,30228.35,30228.35,0,2025-03-21 04:32:00
1742531580,30228.35,30228.35,30225.8,30225.8,3,2025-03-21 04:33:00
1742531640,30225.8,30225.8,30150.0,30150.0,44,2025-03-21 04:34:00
1742531700,30150.0,30163.15,30128.05,30163.15,24,2025-03-21 04:35:00
1742531760,30150.0,30150.0,30150.0,30150.0,22,2025-03-21 04:36:00
1742531820,30150.0,30150.0,30150.0,30150.0,0,2025-03-21 04:37:00
1742531880,30128.05,30128.05,30128.05,30128.05,3,2025-03-21 04:38:00
1742531940,30128.05,30128.05,30128.05,30128.05,0,2025-03-21 04:39:00
1742532000,30128.05,30128.05,30126.85,30126.85,9,2025-03-21 04:40:00
1742532060,30126.85,30158.6,30126.85,30158.6,1,2025-03-21 04:41:00
1742532120,30125.0,30125.0,30125.0,30125.0,6,2025-03-21 04:42:00
1742532180,30125.0,30125.0,30076.35,30076.35,18,2025-03-21 04:43:00
1742532240,30076.35,30100.0,30046.55,30050.0,53,2025-03-21 04:44:00
1742532300,30050.0,30078.85,30050.0,30078.85,10,2025-03-21 04:45:00
1742532360,30079.6,30079.6,30079.6,30079.6,2,2025-03-21 04:46:00
1742532420,30079.6,30079.6,30079.0,30079.0,2,2025-03-21 04:47:00
1742532480,30079.0,30079.0,30079.0,30079.0,0,2025-03-21 04:48:00
1742532540,30079.0,30079.0,30079.0,30079.0,0,2025-03-21 04:49:00
1742532600,30070.0,30070.0,30070.0,30070.0,3,2025-03-21 04:50:00
1742532660,30070.0,30070.0,30070.0,30070.0,0,2025-03-21 04:51:00
1742532720,30070.0,30070.0,30051.25,30051.25,3,2025-03-21 04:52:00
1742532780,30051.25,30100.0,30051.25,30100.0,9,2025-03-21 04:53:00
1742532840,30100.0,30100.0,30100.0,30100.0,0,2025-03-21 04:54:00
1742532900,30100.0,30100.0,30063.95,30063.95,1,2025-03-21 04:55:00
1742532960,30063.95,30064.4,30063.95,30064.4,2,2025-03-21 04:56:00
1742533020,30064.4,30064.4,30063.95,30063.95,1,2025-03-21 04:57:00
1742533080,30099.4,30100.0,30099.4,30100.0,3,2025-03-21 04:58:00
1742533140,30100.0,30125.0,30100.0,30125.0,44,2025-03-21 04:59:00
1742533200,30125.0,30125.0,30125.0,30125.0,0,2025-03-21 05:00:00
1742533260,30186.8,30196.8,30186.8,30196.8,6,2025-03-21 05:01:00
1742533320,30196.8,30199.85,30155.55,30190.35,10,2025-03-21 05:02:00
1742533380,30190.35,30190.35,30151.0,30151.0,2,2025-03-21 05:03:00
1742533440,30151.0,30189.05,30150.0,30150.0,4,2025-03-21 05:04:00
1742533500,30150.0,30150.0,30150.0,30150.0,0,2025-03-21 05:05:00
1742533560,30150.0,30150.0,30150.0,30150.0,0,2025-03-21 05:06:00
1742533620,30150.0,30150.0,30150.0,30150.0,0,2025-03-21 05:07:00
1742533680,30150.25,30150.25,30150.25,30150.25,1,2025-03-21 05:08:00
1742533740,30150.25,30150.25,30150.25,30150.25,0,2025-03-21 05:09:00
1742533800,30150.25,30150.25,30135.95,30135.95,31,2025-03-21 05:10:00
1742533860,30135.95,30159.45,30135.95,30159.45,15,2025-03-21 05:11:00
1742533920,30159.45,30159.45,30115.5,30115.5,2,2025-03-21 05:12:00
1742533980,30115.5,30115.5,30115.5,30115.5,0,2025-03-21 05:13:00
1742534040,30115.5,30140.5,30115.5,30140.5,9,2025-03-21 05:14:00
1742534100,30140.5,30140.5,30133.25,30133.25,1,2025-03-21 05:15:00
1742534160,30133.25,30133.25,30089.1,30089.1,2,2025-03-21 05:16:00
1742534220,30105.5,30132.6,30079.0,30079.0,17,2025-03-21 05:17:00
1742534280,30079.0,30112.55,30079.0,30112.55,4,2025-03-21 05:18:00
1742534340,30112.55,30112.55,30079.0,30086.45,11,2025-03-21 05:19:00
1742534400,30079.05,30079.05,30079.0,30079.0,2,2025-03-21 05:20:00
1742534460,30079.0,30079.0,30079.0,30079.0,6,2025-03-21 05:21:00
1742534520,30104.0,30104.0,30079.15,30079.15,10,2025-03-21 05:22:00
1742534580,30079.15,30079.15,30079.0,30079.0,2,2025-03-21 05:23:00
1742534640,30080.0,30110.85,30080.0,30104.0,11,2025-03-21 05:24:00
1742534700,30079.0,30109.4,30079.0,30104.0,3,2025-03-21 05:25:00
1742534760,30104.0,30121.15,30079.0,30118.8,6,2025-03-21 05:26:00
1742534820,30118.8,30150.0,30110.05,30135.05,9,2025-03-21 05:27:00
1742534880,30166.65,30166.65,30135.05,30135.05,20,2025-03-21 05:28:00
1742534940,30085.85,30134.2,30085.85,30112.55,5,2025-03-21 05:29:00
1742535000,30112.55,30159.0,30112.55,30140.05,9,2025-03-21 05:30:00
1742535060,30140.05,30170.0,30140.0,30140.0,41,2025-03-21 05:31:00
1742535120,30140.0,30170.0,30140.0,30165.25,50,2025-03-21 05:32:00
1742535180,30150.05,30198.85,30150.05,30159.25,9,2025-03-21 05:33:00
1742535240,30159.25,30198.8,30149.8,30198.8,8,2025-03-21 05:34:00
1742535300,30198.8,30239.8,30198.8,30207.25,11,2025-03-21 05:35:00
1742535360,30207.25,30226.8,30172.25,30201.3,12,2025-03-21 05:36:00
1742535420,30201.3,30239.2,30196.0,30196.0,14,2025-03-21 05:37:00
1742535480,30196.05,30220.0,30196.05,30220.0,11,2025-03-21 05:38:00
1742535540,30196.5,30219.95,30196.5,30196.55,33,2025-03-21 05:39:00
1742535600,30221.5,30238.9,30221.5,30221.5,6,2025-03-21 05:40:00
1742535660,30221.5,30238.75,30221.5,30230.75,7,2025-03-21 05:41:00
1742535720,30230.75,30240.0,30196.55,30196.55,15,2025-03-21 05:42:00
1742535780,30196.55,30238.7,30196.0,30196.0,5,2025-03-21 05:43:00
1742535840,30196.0,30230.25,30165.7,30165.7,5,2025-03-21 05:44:00
1742535900,30202.25,30229.4,30202.25,30202.25,5,2025-03-21 05:45:00
1742535960,30202.25,30229.15,30202.25,30202.45,12,2025-03-21 05:46:00
1742536020,30215.7,30260.0,30215.7,30260.0,30,2025-03-21 05:47:00
1742536080,30237.05,30259.85,30207.8,30231.95,37,2025-03-21 05:48:00
1742536140,30231.95,30254.7,30224.05,30224.05,4,2025-03-21 05:49:00
1742536200,30260.0,30280.0,30246.05,30246.05,106,2025-03-21 05:50:00
1742536260,30244.9,30349.8,30244.85,30349.8,72,2025-03-21 05:51:00
1742536320,30300.0,30349.75,30300.0,30332.6,9,2025-03-21 05:52:00
1742536380,30332.6,30350.0,30302.75,30312.25,42,2025-03-21 05:53:00
1742536440,30331.15,30415.3,30301.05,30390.45,48,2025-03-21 05:54:00
1742536500,30393.6,30451.85,30393.6,30425.95,51,2025-03-21 05:55:00
1742536560,30402.0,30449.8,30402.0,30449.8,13,2025-03-21 05:56:00
1742536620,30449.8,30479.7,30377.1,30377.1,24,2025-03-21 05:57:00
1742536680,30399.4,30439.1,30378.0,30396.75,9,2025-03-21 05:58:00
1742536740,30396.75,30396.75,30325.25,30325.25,59,2025-03-21 05:59:00
1742536800,30326.05,30356.55,30300.0,30356.55,56,2025-03-21 06:00:00
1742536860,30320.0,30320.0,30210.05,30236.6,57,2025-03-21 06:01:00
1742536920,30271.45,30301.6,30271.45,30300.0,38,2025-03-21 06:02:00
1742536980,30300.0,30301.0,30256.75,30301.0,26,2025-03-21 06:03:00
1742537040,30312.2,30312.2,30300.0,30300.0,5,2025-03-21 06:04:00
1742537100,30300.0,30340.2,30300.0,30340.2,16,2025-03-21 06:05:00
1742537160,30300.05,30409.7,30300.05,30379.45,39,2025-03-21 06:06:00
1742537220,30368.25,30376.6,30350.2,30376.6,15,2025-03-21 06:07:00
1742537280,30350.0,30350.0,30336.5,30336.5,2,2025-03-21 06:08:00
1742537340,30336.5,30342.65,30331.25,30331.25,2,2025-03-21 06:09:00
1742537400,30331.25,30376.1,30325.7,30376.1,9,2025-03-21 06:10:00
1742537460,30345.45,30372.05,30345.45,30345.45,3,2025-03-21 06:11:00
1742537520,30356.5,30356.5,30345.45,30345.45,5,2025-03-21 06:12:00
1742537580,30330.05,30355.0,30330.05,30355.0,7,2025-03-21 06:13:00
1742537640,30355.0,30355.05,30355.0,30355.05,2,2025-03-21 06:14:00
1742537700,30355.0,30383.35,30343.25,30343.25,9,2025-03-21 06:15:00
1742537760,30343.25,30345.05,30337.0,30345.05,2,2025-03-21 06:16:00
1742537820,30345.05,30345.05,30337.0,30337.05,12,2025-03-21 06:17:00
1742537880,30337.05,30362.0,30337.0,30362.0,3,2025-03-21 06:18:00
1742537940,30337.0,30337.0,30337.0,30337.0,9,2025-03-21 06:19:00
1742538000,30300.0,30316.5,30300.0,30316.5,2,2025-03-21 06:20:00
1742538060,30316.5,30325.25,30316.5,30325.25,2,2025-03-21 06:21:00
1742538120,30325.25,30325.25,30325.25,30325.25,2,2025-03-21 06:22:00
1742538180,30325.25,30350.25,30325.25,30350.25,2,2025-03-21 06:23:00
1742538240,30350.25,30389.85,30350.25,30389.85,8,2025-03-21 06:24:00
1742538300,30375.95,30405.45,30362.0,30375.2,16,2025-03-21 06:25:00
1742538360,30375.2,30400.15,30375.2,30380.1,4,2025-03-21 06:26:00
1742538420,30380.1,30380.1,30362.0,30362.0,2,2025-03-21 06:27:00
1742538480,30362.0,30397.7,30362.0,30397.7,19,2025-03-21 06:28:00
1742538540,30405.0,30416.25,30405.0,30416.25,16,2025-03-21 06:29:00
1742538600,30421.0,30451.5,30400.0,30400.0,29,2025-03-21 06:30:00
1742538660,30400.0,30415.45,30390.85,30390.85,13,2025-03-21 06:31:00
1742538720,30390.85,30390.85,30370.1,30370.1,2,2025-03-21 06:32:00
1742538780,30390.0,30390.0,30370.0,30370.05,3,2025-03-21 06:33:00
1742538840,30370.05,30395.05,30370.05,30395.05,3,2025-03-21 06:34:00
1742538900,30395.05,30400.05,30395.05,30400.05,2,2025-03-21 06:35:00
1742538960,30400.05,30420.05,30370.0,30396.6,8,2025-03-21 06:36:00
1742539020,30396.6,30396.6,30370.0,30370.0,4,2025-03-21 06:37:00
1742539080,30321.6,30358.65,30301.55,30335.8,8,2025-03-21 06:38:00
1742539140,30335.15,30335.15,30335.15,30335.15,5,2025-03-21 06:39:00
1742539200,30335.15,30340.15,30335.15,30340.15,2,2025-03-21 06:40:00
1742539260,30335.15,30382.3,30335.15,30382.3,4,2025-03-21 06:41:00
1742539320,30382.3,30480.0,30370.15,30468.8,117,2025-03-21 06:42:00
1742539380,30423.35,30450.0,30417.05,30417.05,11,2025-03-21 06:43:00
1742539440,30417.05,30417.05,30400.0,30405.3,134,2025-03-21 06:44:00
1742539500,30426.0,30446.25,30414.3,30445.0,10,2025-03-21 06:45:00
1742539560,30457.4,30470.0,30425.0,30425.0,22,2025-03-21 06:46:00
1742539620,30400.25,30429.95,30400.1,30429.95,9,2025-03-21 06:47:00
1742539680,30429.95,30429.95,30400.25,30409.1,6,2025-03-21 06:48:00
1742539740,30409.1,30425.05,30409.1,30425.0,3,2025-03-21 06:49:00
1742539800,30430.0,30430.0,30425.0,30425.0,2,2025-03-21 06:50:00
1742539860,30425.0,30450.0,30425.0,30450.0,7,2025-03-21 06:51:00
1742539920,30450.0,30450.0,30430.0,30430.0,2,2025-03-21 06:52:00
1742539980,30430.0,30499.0,30403.8,30470.15,50,2025-03-21 06:53:00
1742540040,30453.95,30453.95,30423.8,30437.55,71,2025-03-21 06:54:00
1742540100,30437.55,30498.7,30434.05,30434.05,36,2025-03-21 06:55:00
1742540160,30433.35,30478.8,30433.35,30460.4,41,2025-03-21 06:56:00
1742540220,30460.4,30497.1,30455.0,30456.0,18,2025-03-21 06:57:00
1742540280,30456.0,30460.05,30455.0,30460.05,2,2025-03-21 06:58:00
1742540340,30460.05,30480.0,30455.0,30455.0,8,2025-03-21 06:59:00
1742540400,30455.0,30460.0,30455.0,30460.0,2,2025-03-21 07:00:00
1742540460,30460.0,30480.0,30455.0,30480.0,11,2025-03-21 07:01:00
1742540520,30480.0,30483.55,30455.0,30483.55,3,2025-03-21 07:02:00
1742540580,30455.0,30455.0,30455.0,30455.0,2,2025-03-21 07:03:00
1742540640,30455.0,30480.0,30455.0,30480.0,10,2025-03-21 07:04:00
1742540700,30480.0,30480.0,30455.0,30455.0,2,2025-03-21 07:05:00
1742540760,30455.0,30460.0,30455.0,30455.0,3,2025-03-21 07:06:00
1742540820,30455.0,30458.2,30437.4,30458.2,2,2025-03-21 07:07:00
1742540880,30463.2,30463.2,30458.25,30458.25,2,2025-03-21 07:08:00
1742540940,30276.0,30286.65,30276.0,30286.65,194,2025-03-21 07:09:00
1742541000,30311.7,30332.45,30311.65,30332.45,11,2025-03-21 07:10:00
1742541060,30332.45,30332.45,30311.65,30311.65,4,2025-03-21 07:11:00
1742541120,30297.35,30321.7,30297.35,30321.7,10,2025-03-21 07:12:00
1742541180,30300.0,30303.2,30300.0,30303.2,2,2025-03-21 07:13:00
1742541240,30303.2,30303.2,30290.1,30290.2,2,2025-03-21 07:14:00
1742541300,30315.3,30340.0,30307.95,30307.95,34,2025-03-21 07:15:00
1742541360,30307.95,30336.4,30288.3,30288.3,17,2025-03-21 07:16:00
1742541420,30288.4,30288.4,30288.15,30288.15,2,2025-03-21 07:17:00
1742541480,30288.15,30313.1,30288.15,30313.1,9,2025-03-21 07:18:00
1742541540,30313.1,30313.1,30283.05,30283.05,3,2025-03-21 07:19:00
1742541600,30283.05,30308.0,30283.0,30288.0,11,2025-03-21 07:20:00
1742541660,30284.25,30284.25,30283.0,30283.0,5,2025-03-21 07:21:00
1742541720,30283.0,30313.1,30283.0,30313.1,12,2025-03-21 07:22:00
1742541780,30313.1,30316.65,30283.0,30283.0,4,2025-03-21 07:23:00
1742541840,30283.0,30313.55,30260.4,30266.75,3,2025-03-21 07:24:00
1742541900,30267.05,30292.0,30264.1,30264.1,11,2025-03-21 07:25:00
1742541960,30264.1,30269.2,30250.5,30250.5,2,2025-03-21 07:26:00
1742542020,30250.5,30251.05,30250.0,30250.0,5,2025-03-21 07:27:00
1742542080,30269.15,30281.45,30269.15,30281.45,2,2025-03-21 07:28:00
1742542140,30281.45,30281.45,30275.0,30275.0,2,2025-03-21 07:29:00
1742542200,30292.4,30305.0,30280.0,30303.8,10,2025-03-21 07:30:00
1742542260,30268.65,30303.6,30268.65,30271.2,3,2025-03-21 07:31:00
1742542320,30271.15,30271.15,30266.0,30266.0,2,2025-03-21 07:32:00
1742542380,30250.0,30275.0,30250.0,30255.0,11,2025-03-21 07:33:00
1742542440,30255.0,30255.0,30222.0,30222.0,4,2025-03-21 07:34:00
1742542500,30222.0,30259.15,30220.0,30259.15,18,2025-03-21 07:35:00
1742542560,30245.15,30250.85,30245.15,30250.85,4,2025-03-21 07:36:00
1742542620,30250.85,30274.55,30238.55,30238.55,8,2025-03-21 07:37:00
1742542680,30238.55,30261.6,30222.05,30252.15,5,2025-03-21 07:38:00
1742542740,30252.1,30274.95,30247.1,30274.85,17,2025-03-21 07:39:00
1742542800,30274.85,30274.85,30247.1,30272.05,11,2025-03-21 07:40:00
1742542860,30272.05,30272.05,30222.05,30232.5,7,2025-03-21 07:41:00
1742542920,30232.5,30268.7,30223.25,30223.25,3,2025-03-21 07:42:00
1742542980,30261.25,30325.25,30251.85,30325.25,26,2025-03-21 07:43:00
1742543040,30325.25,30325.25,30288.65,30288.65,2,2025-03-21 07:44:00
1742543100,30288.65,30313.65,30275.0,30275.0,16,2025-03-21 07:45:00
1742543160,30275.0,30294.7,30176.55,30176.55,138,2025-03-21 07:46:00
1742543220,30191.9,30191.95,30171.4,30191.95,5,2025-03-21 07:47:00
1742543280,30191.95,30218.45,30165.35,30209.9,4,2025-03-21 07:48:00
1742543340,30204.9,30269.7,30204.9,30269.7,104,2025-03-21 07:49:00
1742543400,30232.1,30269.75,30230.0,30240.45,58,2025-03-21 07:50:00
1742543460,30240.45,30254.8,30240.45,30245.45,3,2025-03-21 07:51:00
1742543520,30246.15,30251.6,30246.15,30251.6,2,2025-03-21 07:52:00
1742543580,30251.6,30272.0,30246.95,30272.0,9,2025-03-21 07:53:00
1742543640,30272.0,30272.0,30233.45,30233.45,2,2025-03-21 07:54:00
1742543700,30233.45,30233.45,30230.05,30232.05,2,2025-03-21 07:55:00
1742543760,30260.95,30261.15,30260.95,30261.15,2,2025-03-21 07:56:00
1742543820,30261.15,30271.15,30261.15,30271.15,2,2025-03-21 07:57:00
1742543880,30271.15,30301.15,30256.55,30256.55,10,2025-03-21 07:58:00
1742543940,30256.55,30256.55,30235.1,30240.05,2,2025-03-21 07:59:00
1742544000,30240.05,30250.0,30240.0,30250.0,2,2025-03-21 08:00:00
1742544060,30250.15,30280.0,30250.15,30255.0,11,2025-03-21 08:01:00
1742544120,30255.0,30420.0,30250.0,30411.05,180,2025-03-21 08:02:00
1742544180,30400.0,30400.0,30385.1,30385.1,135,2025-03-21 08:03:00
1742544240,30312.3,30312.5,30307.35,30307.35,10,2025-03-21 08:04:00
1742544300,30307.35,30307.8,30307.2,30307.2,2,2025-03-21 08:05:00
1742544360,30307.2,30325.05,30300.1,30325.05,2,2025-03-21 08:06:00
1742544420,30325.05,30350.0,30325.05,30350.0,75,2025-03-21 08:07:00
1742544480,30350.0,30355.0,30350.0,30350.0,33,2025-03-21 08:08:00
1742544540,30350.0,30394.45,30350.0,30394.45,7,2025-03-21 08:09:00
1742544600,30355.05,30355.05,30330.05,30330.05,24,2025-03-21 08:10:00
1742544660,30330.05,30355.0,30330.0,30355.0,10,2025-03-21 08:11:00
1742544720,30335.0,30335.05,30335.0,30335.05,2,2025-03-21 08:12:00
1742544780,30335.05,30335.1,30310.15,30310.15,32,2025-03-21 08:13:00
1742544840,30310.15,30310.15,30251.15,30251.15,10,2025-03-21 08:14:00
1742544900,30251.15,30258.2,30251.15,30258.2,2,2025-03-21 08:15:00
1742544960,30238.6,30256.8,30238.6,30256.8,2,2025-03-21 08:16:00
1742545020,30256.8,30269.0,30256.8,30264.0,2,2025-03-21 08:17:00
1742545080,30264.0,30265.0,30264.0,30265.0,2,2025-03-21 08:18:00
1742545140,30265.0,30290.0,30265.0,30275.0,15,2025-03-21 08:19:00
1742545200,30275.0,30275.0,30190.15,30190.15,10,2025-03-21 08:20:00
1742545260,30190.15,30195.85,30175.25,30195.8,24,2025-03-21 08:21:00
1742545320,30220.2,30220.2,30205.55,30220.2,4,2025-03-21 08:22:00
1742545380,30220.2,30220.2,30205.5,30205.5,1,2025-03-21 08:23:00
1742545440,30205.5,30227.45,30200.25,30205.25,20,2025-03-21 08:24:00
1742545500,30176.05,30195.85,30176.05,30176.2,7,2025-03-21 08:25:00
1742545560,30195.8,30215.5,30183.55,30183.55,3,2025-03-21 08:26:00
1742545620,30183.55,30204.1,30183.55,30201.05,3,2025-03-21 08:27:00
1742545680,30201.05,30262.0,30201.05,30208.1,3,2025-03-21 08:28:00
1742545740,30208.1,30252.0,30204.05,30252.0,15,2025-03-21 08:29:00
1742545800,30252.0,30252.0,30195.4,30195.4,2,2025-03-21 08:30:00
1742545860,30195.4,30195.4,30176.45,30185.35,2,2025-03-21 08:31:00
1742545920,30177.05,30203.65,30177.05,30203.65,2,2025-03-21 08:32:00
1742545980,30203.65,30400.0,30203.65,30329.75,448,2025-03-21 08:33:00
1742546040,30312.4,30312.4,30253.65,30280.0,23,2025-03-21 08:34:00
1742546100,30230.6,30246.95,30230.6,30235.75,4,2025-03-21 08:35:00
1742546160,30235.75,30236.35,30235.75,30236.35,2,2025-03-21 08:36:00
1742546220,30251.6,30323.1,30251.6,30323.1,7,2025-03-21 08:37:00
1742546280,30291.0,30313.25,30291.0,30313.25,2,2025-03-21 08:38:00
1742546340,30313.25,30324.0,30299.0,30324.0,12,2025-03-21 08:39:00
1742546400,30299.0,30299.0,30299.0,30299.0,2,2025-03-21 08:40:00
1742546460,30341.45,30341.5,30299.05,30299.05,11,2025-03-21 08:41:00
1742546520,30299.0,30303.15,30299.0,30303.15,2,2025-03-21 08:42:00
1742546580,30303.1,30303.1,30256.45,30279.0,19,2025-03-21 08:43:00
1742546640,30279.0,30300.1,30279.0,30279.95,2,2025-03-21 08:44:00
1742546700,30279.95,30310.0,30279.95,30289.75,6,2025-03-21 08:45:00
1742546760,30289.75,30289.75,30284.6,30289.7,2,2025-03-21 08:46:00
1742546820,30289.7,30309.4,30284.4,30309.4,8,2025-03-21 08:47:00
1742546880,30309.4,30309.4,30249.6,30301.8,8,2025-03-21 08:48:00
1742546940,30263.55,30295.05,30263.55,30266.8,3,2025-03-21 08:49:00
1742547000,30247.25,30308.7,30247.25,30272.3,3,2025-03-21 08:50:00
1742547060,30272.3,30272.3,30272.25,30272.25,4,2025-03-21 08:51:00
1742547120,30272.25,30272.25,30272.25,30272.25,3,2025-03-21 08:52:00
1742547180,30272.25,30297.25,30272.25,30297.25,2,2025-03-21 08:53:00
1742547240,30297.25,30297.25,30250.6,30250.6,7,2025-03-21 08:54:00
1742547300,30250.6,30269.75,30226.3,30269.75,2,2025-03-21 08:55:00
1742547360,30269.8,30308.0,30265.15,30265.15,4,2025-03-21 08:56:00
1742547420,30256.2,30256.45,30240.55,30240.55,17,2025-03-21 08:57:00
1742547480,30241.55,30241.55,30241.5,30241.5,2,2025-03-21 08:58:00
1742547540,30241.5,30241.5,30214.05,30214.05,2,2025-03-21 08:59:00
1742547600,30232.75,30277.8,30232.75,30277.8,8,2025-03-21 09:00:00
1742547660,30277.8,30277.8,30241.95,30241.95,2,2025-03-21 09:01:00
1742547720,30235.35,30293.15,30235.35,30293.15,4,2025-03-21 09:02:00
1742547780,30286.45,30310.0,30266.45,30296.4,10,2025-03-21 09:03:00
1742547840,30307.15,30307.15,30260.45,30299.25,10,2025-03-21 09:04:00
1742547900,30299.25,30301.0,30260.45,30301.0,5,2025-03-21 09:05:00
1742547960,30285.45,30310.0,30285.45,30294.15,8,2025-03-21 09:06:00
1742548020,30294.15,30309.45,30294.15,30300.0,4,2025-03-21 09:07:00
1742548080,30300.0,30300.0,30300.0,30300.0,2,2025-03-21 09:08:00
1742548140,30300.0,30300.0,30300.0,30300.0,3,2025-03-21 09:09:00
1742548200,30300.0,30325.0,30300.0,30300.0,11,2025-03-21 09:10:00
1742548260,30300.0,30300.0,30300.0,30300.0,2,2025-03-21 09:11:00
1742548320,30300.0,30394.7,30177.1,30394.7,139,2025-03-21 09:12:00
1742548380,30350.55,30409.65,30342.85,30399.85,102,2025-03-21 09:13:00
1742548440,30381.3,30400.0,30362.75,30362.75,42,2025-03-21 09:14:00
1742548500,30362.75,30400.0,30362.75,30400.0,34,2025-03-21 09:15:00
1742548560,30378.1,30400.0,30369.0,30399.75,27,2025-03-21 09:16:00
1742548620,30378.85,30451.0,30362.1,30451.0,77,2025-03-21 09:17:00
1742548680,30431.5,30431.5,30375.3,30400.0,32,2025-03-21 09:18:00
1742548740,30400.0,30441.6,30358.15,30428.5,74,2025-03-21 09:19:00
1742548800,30399.8,30400.0,30366.3,30400.0,25,2025-03-21 09:20:00
1742548860,30399.8,30400.0,30388.95,30400.0,30,2025-03-21 09:21:00
1742548920,30389.9,30400.0,30389.9,30400.0,29,2025-03-21 09:22:00
1742548980,30388.85,30400.0,30381.05,30400.0,37,2025-03-21 09:23:00
1742549040,30400.0,30400.0,30385.3,30400.0,28,2025-03-21 09:24:00
1742549100,30385.45,30400.0,30385.45,30400.0,23,2025-03-21 09:25:00
1742549160,30386.5,30400.0,30360.55,30392.5,52,2025-03-21 09:26:00
1742549220,30400.0,30400.0,30361.45,30400.0,43,2025-03-21 09:27:00
1742549280,30372.1,30400.0,30362.85,30399.95,27,2025-03-21 09:28:00
1742549340,30399.8,30400.0,30359.15,30400.0,50,2025-03-21 09:29:00
1742549400,30400.0,30400.0,30351.35,30357.15,51,2025-03-21 09:30:00
1742549460,30357.15,30400.0,30357.15,30375.3,44,2025-03-21 09:31:00
1742549520,30376.0,30376.0,30300.1,30342.05,68,2025-03-21 09:32:00
1742549580,30381.8,30389.4,30310.7,30375.85,55,2025-03-21 09:33:00
1742549640,30375.85,30389.9,30308.2,30321.0,78,2025-03-21 09:34:00
1742549700,30336.25,30399.85,30332.65,30387.35,31,2025-03-21 09:35:00
1742549760,30387.35,30387.35,30325.35,30325.35,80,2025-03-21 09:36:00
1742549820,30300.05,30355.45,30300.05,30300.5,52,2025-03-21 09:37:00
1742549880,30299.6,30345.2,30288.75,30311.25,55,2025-03-21 09:38:00
1742549940,30311.25,30351.55,30268.85,30334.5,95,2025-03-21 09:39:00
1742550000,30336.35,30380.65,30288.2,30380.65,59,2025-03-21 09:40:00
1742550060,30342.8,30393.45,30302.25,30374.7,65,2025-03-21 09:41:00
1742550120,30363.6,30400.0,30312.9,30354.7,106,2025-03-21 09:42:00
1742550180,30354.7,30355.6,30297.75,30335.45,42,2025-03-21 09:43:00
1742550240,30348.6,30355.45,30300.2,30341.25,47,2025-03-21 09:44:00
1742550300,30335.3,30345.15,30291.65,30327.85,60,2025-03-21 09:45:00
1742550360,30319.3,30320.05,30220.85,30272.95,43,2025-03-21 09:46:00
1742550420,30273.3,30302.45,30200.7,30262.45,125,2025-03-21 09:47:00
1742550480,30232.2,30343.2,30214.7,30279.8,105,2025-03-21 09:48:00
1742550540,30244.55,30275.7,30216.45,30217.05,47,2025-03-21 09:49:00
1742550600,30240.65,30272.9,30211.25,30272.9,72,2025-03-21 09:50:00
1742550660,30272.9,30272.9,30210.0,30210.15,41,2025-03-21 09:51:00
1742550720,30209.85,30228.0,30174.4,30222.0,39,2025-03-21 09:52:00
1742550780,30233.05,30241.95,30170.05,30185.6,68,2025-03-21 09:53:00
1742550840,30185.85,30252.7,30150.25,30155.65,64,2025-03-21 09:54:00
1742550900,30155.65,30194.85,30150.0,30151.15,27,2025-03-21 09:55:00
1742550960,30151.15,30180.0,30150.95,30179.95,9,2025-03-21 09:56:00
1742551020,30180.0,30185.95,30150.05,30150.05,63,2025-03-21 09:57:00
1742551080,30150.05,30231.6,30150.0,30231.6,10,2025-03-21 09:58:00
1742551140,30140.95,30210.55,30100.0,30100.0,54,2025-03-21 09:59:00
1742787900,30300.05,30586.45,30300.05,30522.65,157,2025-03-24 03:45:00
1742787960,30540.6,30540.6,30526.55,30531.25,85,2025-03-24 03:46:00
1742788020,30527.7,30665.0,30527.7,30631.15,241,2025-03-24 03:47:00
1742788080,30631.15,30631.65,30580.1,30580.1,39,2025-03-24 03:48:00
1742788140,30590.75,30649.95,30590.75,30649.9,21,2025-03-24 03:49:00
1742788200,30649.9,30688.6,30649.9,30688.6,43,2025-03-24 03:50:00
1742788260,30688.6,30688.6,30656.45,30656.45,39,2025-03-24 03:51:00
1742788320,30656.45,30688.6,30656.45,30672.05,20,2025-03-24 03:52:00
1742788380,30672.05,30689.85,30659.95,30689.85,23,2025-03-24 03:53:00
1742788440,30689.85,30690.0,30658.6,30658.6,13,2025-03-24 03:54:00
1742788500,30658.0,30658.0,30596.75,30597.7,113,2025-03-24 03:55:00
1742788560,30597.7,30597.7,30550.15,30554.85,34,2025-03-24 03:56:00
1742788620,30541.0,30576.1,30541.0,30576.1,22,2025-03-24 03:57:00
1742788680,30576.1,30618.8,30576.1,30618.8,72,2025-03-24 03:58:00
1742788740,30618.8,30644.0,30618.8,30621.4,11,2025-03-24 03:59:00
1742788800,30621.4,30621.4,30611.8,30611.8,23,2025-03-24 04:00:00
1742788860,30611.8,30611.8,30448.1,30449.95,60,2025-03-24 04:01:00
1742788920,30449.95,30477.5,30413.0,30413.1,22,2025-03-24 04:02:00
1742788980,30413.1,30461.2,30413.05,30461.2,38,2025-03-24 04:03:00
1742789040,30461.2,30465.75,30452.15,30465.75,2,2025-03-24 04:04:00
1742789100,30465.75,30465.75,30415.0,30437.75,38,2025-03-24 04:05:00
1742789160,30437.75,30451.95,30437.75,30451.95,2,2025-03-24 04:06:00
1742789220,30451.95,30451.95,30451.95,30451.95,0,2025-03-24 04:07:00
1742789280,30451.95,30451.95,30312.1,30320.0,139,2025-03-24 04:08:00
1742789340,30320.0,30328.85,30300.05,30300.05,13,2025-03-24 04:09:00
1742789400,30300.05,30300.05,30250.0,30267.05,85,2025-03-24 04:10:00
1742789460,30267.05,30332.85,30267.05,30332.85,12,2025-03-24 04:11:00
1742789520,30332.85,30349.85,30320.05,30349.85,15,2025-03-24 04:12:00
1742789580,30349.85,30349.85,30345.65,30345.65,1,2025-03-24 04:13:00
1742789640,30345.65,30345.65,30319.95,30319.95,7,2025-03-24 04:14:00
1742789700,30313.5,30339.4,30313.5,30339.4,10,2025-03-24 04:15:00
1742789760,30339.4,30340.2,30339.4,30340.2,12,2025-03-24 04:16:00
1742789820,30340.2,30349.85,30314.1,30349.85,9,2025-03-24 04:17:00
1742789880,30349.85,30370.0,30349.85,30370.0,2,2025-03-24 04:18:00
1742789940,30370.0,30370.0,30370.0,30370.0,0,2025-03-24 04:19:00
1742790000,30370.0,30383.8,30370.0,30383.8,3,2025-03-24 04:20:00
1742790060,30383.8,30411.15,30342.65,30342.65,23,2025-03-24 04:21:00
1742790120,30342.65,30342.65,30342.65,30342.65,0,2025-03-24 04:22:00
1742790180,30342.65,30344.05,30342.65,30344.05,4,2025-03-24 04:23:00
1742790240,30344.05,30344.05,30344.05,30344.05,0,2025-03-24 04:24:00
1742790300,30344.05,30393.35,30344.05,30393.35,1,2025-03-24 04:25:00
1742790360,30393.35,30393.35,30385.1,30385.1,5,2025-03-24 04:26:00
1742790420,30385.1,30385.1,30365.0,30365.0,2,2025-03-24 04:27:00
1742790480,30365.0,30365.0,30350.0,30350.0,6,2025-03-24 04:28:00
1742790540,30350.0,30350.0,30325.0,30325.0,24,2025-03-24 04:29:00
1742790600,30325.0,30375.5,30325.0,30346.5,3,2025-03-24 04:30:00
1742790660,30346.5,30371.95,30346.5,30371.95,1,2025-03-24 04:31:00
1742790720,30371.95,30371.95,30346.85,30346.85,5,2025-03-24 04:32:00
1742790780,30346.85,30387.25,30346.85,30385.0,7,2025-03-24 04:33:00
1742790840,30385.0,30387.2,30385.0,30387.2,4,2025-03-24 04:34:00
1742790900,30435.85,30437.25,30388.3,30388.3,103,2025-03-24 04:35:00
1742790960,30388.3,30391.0,30388.3,30391.0,3,2025-03-24 04:36:00
1742791020,30399.85,30442.05,30391.0,30442.05,18,2025-03-24 04:37:00
1742791080,30391.75,30442.2,30391.75,30412.1,20,2025-03-24 04:38:00
1742791140,30435.4,30435.4,30393.25,30393.25,4,2025-03-24 04:39:00
1742791200,30393.25,30393.25,30393.25,30393.25,0,2025-03-24 04:40:00
1742791260,30393.25,30400.05,30393.25,30400.05,1,2025-03-24 04:41:00
1742791320,30400.05,30400.05,30400.05,30400.05,0,2025-03-24 04:42:00
1742791380,30400.05,30442.2,30400.05,30442.2,14,2025-03-24 04:43:00
1742791440,30442.2,30495.95,30435.2,30495.95,25,2025-03-24 04:44:00
1742791500,30495.95,30504.0,30484.9,30486.7,18,2025-03-24 04:45:00
1742791560,30486.7,30494.85,30452.2,30452.2,17,2025-03-24 04:46:00
1742791620,30480.8,30480.8,30480.8,30480.8,1,2025-03-24 04:47:00
1742791680,30480.8,30490.5,30456.55,30490.5,9,2025-03-24 04:48:00
1742791740,30490.5,30490.5,30451.0,30451.0,10,2025-03-24 04:49:00
1742791800,30451.0,30451.0,30451.0,30451.0,0,2025-03-24 04:50:00
1742791860,30451.0,30451.0,30400.0,30400.0,9,2025-03-24 04:51:00
1742791920,30443.2,30443.2,30413.55,30413.55,6,2025-03-24 04:52:00
1742791980,30413.55,30413.55,30413.55,30413.55,0,2025-03-24 04:53:00
1742792040,30413.55,30445.5,30400.0,30445.5,12,2025-03-24 04:54:00
1742792100,30437.4,30437.4,30411.35,30411.35,4,2025-03-24 04:55:00
1742792160,30411.35,30411.35,30411.35,30411.35,0,2025-03-24 04:56:00
1742792220,30597.7,30597.7,30560.45,30560.45,100,2025-03-24 04:57:00
1742792280,30560.45,30560.75,30520.1,30560.75,16,2025-03-24 04:58:00
1742792340,30560.75,30560.75,30538.55,30538.55,4,2025-03-24 04:59:00
1742792400,30538.55,30538.55,30512.1,30512.1,6,2025-03-24 05:00:00
1742792460,30512.1,30547.3,30512.1,30547.3,11,2025-03-24 05:01:00
1742792520,30547.3,30547.3,30511.05,30511.05,1,2025-03-24 05:02:00
1742792580,30511.05,30511.05,30511.05,30511.05,0,2025-03-24 05:03:00
1742792640,30511.05,30511.05,30511.05,30511.05,6,2025-03-24 05:04:00
1742792700,30511.05,30511.05,30506.9,30506.9,1,2025-03-24 05:05:00
1742792760,30506.9,30506.9,30506.9,30506.9,0,2025-03-24 05:06:00
1742792820,30506.9,30664.0,30506.9,30664.0,221,2025-03-24 05:07:00
1742792880,30651.85,30651.85,30650.0,30650.0,5,2025-03-24 05:08:00
1742792940,30650.0,30650.0,30640.0,30640.0,7,2025-03-24 05:09:00
1742793000,30640.0,30640.0,30640.0,30640.0,1,2025-03-24 05:10:00
1742793060,30640.0,30685.0,30640.0,30685.0,58,2025-03-24 05:11:00
1742793120,30684.0,30684.0,30630.15,30645.2,8,2025-03-24 05:12:00
1742793180,30645.2,30684.0,30645.2,30650.0,2,2025-03-24 05:13:00
1742793240,30650.0,30675.6,30648.75,30675.6,4,2025-03-24 05:14:00
1742793300,30675.6,30675.6,30609.15,30609.15,20,2025-03-24 05:15:00
1742793360,30725.0,30750.0,30720.2,30730.0,391,2025-03-24 05:16:00
1742793420,30730.0,30786.0,30730.0,30766.75,177,2025-03-24 05:17:00
1742793480,30766.75,30788.75,30750.8,30782.5,12,2025-03-24 05:18:00
1742793540,30782.5,30788.0,30765.05,30765.05,12,2025-03-24 05:19:00
1742793600,30765.05,30819.05,30760.0,30819.05,99,2025-03-24 05:20:00
1742793660,30819.05,30850.0,30819.0,30850.0,27,2025-03-24 05:21:00
1742793720,30850.0,30899.95,30841.8,30887.7,43,2025-03-24 05:22:00
1742793780,30899.0,30947.0,30899.0,30944.3,66,2025-03-24 05:23:00
1742793840,30947.0,30947.0,30900.0,30936.4,114,2025-03-24 05:24:00
1742793900,30936.4,30936.4,30660.0,30747.1,261,2025-03-24 05:25:00
1742793960,30747.1,30747.1,30703.85,30704.0,12,2025-03-24 05:26:00
1742794020,30704.0,30719.85,30677.3,30719.85,3,2025-03-24 05:27:00
1742794080,30719.85,30719.85,30677.0,30677.0,17,2025-03-24 05:28:00
1742794140,30677.0,30685.25,30677.0,30685.25,6,2025-03-24 05:29:00
1742794200,30685.25,30689.25,30650.0,30650.0,32,2025-03-24 05:30:00
1742794260,30650.0,30665.65,30578.2,30578.2,98,2025-03-24 05:31:00
1742794320,30578.2,30623.9,30574.1,30623.9,22,2025-03-24 05:32:00
1742794380,30623.9,30649.7,30623.9,30649.7,9,2025-03-24 05:33:00
1742794440,30649.7,30650.0,30649.7,30650.0,3,2025-03-24 05:34:00
1742794500,30650.0,30664.2,30643.65,30643.65,6,2025-03-24 05:35:00
1742794560,30643.65,30650.7,30643.65,30645.2,4,2025-03-24 05:36:00
1742794620,30645.2,30650.0,30614.65,30623.7,51,2025-03-24 05:37:00
1742794680,30623.7,30623.7,30623.7,30623.7,0,2025-03-24 05:38:00
1742794740,30623.7,30623.7,30600.0,30600.0,2,2025-03-24 05:39:00
1742794800,30600.0,30623.5,30589.2,30589.2,6,2025-03-24 05:40:00
1742794860,30589.2,30593.45,30556.75,30556.75,6,2025-03-24 05:41:00
1742794920,30556.75,30587.5,30556.75,30578.0,6,2025-03-24 05:42:00
1742794980,30578.0,30610.95,30578.0,30610.95,2,2025-03-24 05:43:00
1742795040,30610.95,30615.0,30610.95,30615.0,5,2025-03-24 05:44:00
1742795100,30615.0,30615.0,30595.45,30595.45,1,2025-03-24 05:45:00
1742795160,30595.45,30609.3,30595.45,30609.3,1,2025-03-24 05:46:00
1742795220,30609.3,30609.3,30597.25,30599.3,6,2025-03-24 05:47:00
1742795280,30599.3,30609.1,30599.3,30609.1,1,2025-03-24 05:48:00
1742795340,30609.1,30616.65,30585.05,30598.5,7,2025-03-24 05:49:00
1742795400,30598.5,30626.35,30598.5,30610.65,2,2025-03-24 05:50:00
1742795460,30610.65,30610.65,30610.65,30610.65,1,2025-03-24 05:51:00
1742795520,30610.65,30614.85,30610.65,30614.85,1,2025-03-24 05:52:00
1742795580,30614.85,30614.85,30585.1,30614.85,9,2025-03-24 05:53:00
1742795640,30614.85,30614.85,30576.0,30576.0,15,2025-03-24 05:54:00
1742795700,30576.0,30621.6,30576.0,30621.6,2,2025-03-24 05:55:00
1742795760,30621.6,30626.35,30621.6,30626.35,1,2025-03-24 05:56:00
1742795820,30626.35,30635.8,30626.35,30629.8,17,2025-03-24 05:57:00
1742795880,30629.8,30629.8,30615.6,30619.05,3,2025-03-24 05:58:00
1742795940,30619.05,30663.6,30619.05,30663.6,2,2025-03-24 05:59:00
1742796000,30663.6,30679.55,30663.6,30679.0,3,2025-03-24 06:00:00
1742796060,30679.0,30679.0,30655.95,30669.55,13,2025-03-24 06:01:00
1742796120,30646.6,30827.4,30646.6,30803.7,248,2025-03-24 06:02:00
1742796180,30803.7,30803.7,30770.9,30770.9,5,2025-03-24 06:03:00
1742796240,30794.45,30794.45,30794.45,30794.45,1,2025-03-24 06:04:00
1742796300,30794.45,30794.45,30690.15,30690.15,14,2025-03-24 06:05:00
1742796360,30690.15,30744.15,30690.0,30744.15,31,2025-03-24 06:06:00
1742796420,30744.15,30744.15,30744.15,30744.15,0,2025-03-24 06:07:00
1742796480,30744.15,30744.15,30708.3,30740.3,6,2025-03-24 06:08:00
1742796540,30740.3,30890.0,30740.3,30874.5,107,2025-03-24 06:09:00
1742796600,30874.5,30874.5,30838.7,30838.7,11,2025-03-24 06:10:00
1742796660,30838.7,30909.35,30838.7,30874.55,56,2025-03-24 06:11:00
1742796720,30874.55,30896.75,30874.55,30896.75,1,2025-03-24 06:12:00
1742796780,30861.65,30904.75,30861.65,30904.75,3,2025-03-24 06:13:00
1742796840,30855.1,30889.85,30855.1,30889.85,18,2025-03-24 06:14:00
1742796900,30890.0,30903.0,30890.0,30903.0,6,2025-03-24 06:15:00
1742796960,30875.9,30890.0,30875.9,30890.0,5,2025-03-24 06:16:00
1742797020,30890.0,30890.0,30890.0,30890.0,2,2025-03-24 06:17:00
1742797080,30890.0,30900.35,30890.0,30900.35,6,2025-03-24 06:18:00
1742797140,30900.35,30900.35,30860.0,30890.8,18,2025-03-24 06:19:00
1742797200,30890.8,30890.8,30890.0,30890.0,2,2025-03-24 06:20:00
1742797260,30890.0,30890.75,30890.0,30890.75,8,2025-03-24 06:21:00
1742797320,30860.1,30898.9,30860.1,30895.1,23,2025-03-24 06:22:00
1742797380,30894.9,30894.9,30894.9,30894.9,1,2025-03-24 06:23:00
1742797440,30889.0,30899.0,30889.0,30899.0,12,2025-03-24 06:24:00
1742797500,30899.85,30899.85,30899.8,30899.8,6,2025-03-24 06:25:00
1742797560,30899.8,30900.0,30897.3,30900.0,18,2025-03-24 06:26:00
1742797620,30900.0,30900.0,30900.0,30900.0,2,2025-03-24 06:27:00
1742797680,30900.0,30900.0,30871.2,30885.7,5,2025-03-24 06:28:00
1742797740,30885.7,30885.7,30881.0,30881.0,1,2025-03-24 06:29:00
1742797800,30881.0,30881.0,30881.0,30881.0,0,2025-03-24 06:30:00
1742797860,30881.0,30881.0,30881.0,30881.0,0,2025-03-24 06:31:00
1742797920,30881.0,30885.0,30881.0,30885.0,10,2025-03-24 06:32:00
1742797980,30881.0,30881.0,30855.1,30855.1,11,2025-03-24 06:33:00
1742798040,30855.1,30855.1,30855.1,30855.1,0,2025-03-24 06:34:00
1742798100,30855.1,30855.1,30855.1,30855.1,0,2025-03-24 06:35:00
1742798160,30855.1,30855.1,30855.1,30855.1,0,2025-03-24 06:36:00
1742798220,30855.1,30871.0,30855.1,30871.0,1,2025-03-24 06:37:00
1742798280,30871.0,30876.0,30871.0,30876.0,1,2025-03-24 06:38:00
1742798340,30876.0,30900.0,30876.0,30900.0,11,2025-03-24 06:39:00
1742798400,30900.0,30900.0,30870.95,30870.95,1,2025-03-24 06:40:00
1742798460,30870.95,30870.95,30870.95,30870.95,0,2025-03-24 06:41:00
1742798520,30870.95,30870.95,30870.95,30870.95,2,2025-03-24 06:42:00
1742798580,30870.95,30920.0,30870.95,30920.0,58,2025-03-24 06:43:00
1742798640,30920.0,30920.0,30914.1,30914.1,6,2025-03-24 06:44:00
1742798700,30914.1,30950.0,30914.1,30950.0,29,2025-03-24 06:45:00
1742798760,30950.0,30950.0,30949.85,30949.85,8,2025-03-24 06:46:00
1742798820,30949.85,30949.9,30940.0,30949.9,2,2025-03-24 06:47:00
1742798880,30949.9,30949.9,30949.0,30949.0,1,2025-03-24 06:48:00
1742798940,30949.0,30959.95,30940.0,30959.95,82,2025-03-24 06:49:00
1742799000,30959.95,30959.95,30924.8,30924.8,48,2025-03-24 06:50:00
1742799060,30924.8,30972.45,30924.0,30959.95,14,2025-03-24 06:51:00
1742799120,30959.95,30960.0,30959.95,30960.0,45,2025-03-24 06:52:00
1742799180,30960.0,30960.0,30960.0,30960.0,92,2025-03-24 06:53:00
1742799240,30939.3,30939.3,30939.3,30939.3,31,2025-03-24 06:54:00
1742799300,30939.3,30940.05,30939.3,30940.05,1,2025-03-24 06:55:00
1742799360,30940.05,31023.95,30940.05,31005.2,197,2025-03-24 06:56:00
1742799420,31016.85,31055.95,30975.0,30985.65,137,2025-03-24 06:57:00
1742799480,30985.65,31025.0,30985.65,31016.95,49,2025-03-24 06:58:00
1742799540,31024.85,31024.85,30978.0,30978.15,15,2025-03-24 06:59:00
1742799600,31018.7,31071.9,30980.0,30980.0,158,2025-03-24 07:00:00
1742799660,30980.0,31010.45,30980.0,31010.45,6,2025-03-24 07:01:00
1742799720,31010.45,31050.85,31010.45,31050.85,8,2025-03-24 07:02:00
1742799780,31050.85,31050.85,31004.5,31005.6,43,2025-03-24 07:03:00
1742799840,31005.6,31012.15,30980.05,31010.0,19,2025-03-24 07:04:00
1742799900,31010.0,31010.0,30978.0,30982.85,43,2025-03-24 07:05:00
1742799960,30982.85,30990.0,30982.85,30990.0,10,2025-03-24 07:06:00
1742800020,30990.0,30990.0,30980.0,30980.0,81,2025-03-24 07:07:00
1742800080,30980.0,30980.0,30917.2,30943.7,3,2025-03-24 07:08:00
1742800140,30943.7,30943.7,30943.7,30943.7,0,2025-03-24 07:09:00
1742800200,30943.7,30943.7,30943.7,30943.7,0,2025-03-24 07:10:00
1742800260,30943.7,31000.0,30943.7,31000.0,37,2025-03-24 07:11:00
1742800320,31000.0,31001.9,30970.15,30994.35,36,2025-03-24 07:12:00
1742800380,31016.25,31016.25,31014.65,31014.65,2,2025-03-24 07:13:00
1742800440,31014.65,31015.35,30997.35,30997.35,6,2025-03-24 07:14:00
1742800500,30965.8,30995.65,30965.8,30989.1,42,2025-03-24 07:15:00
1742800560,31000.0,31000.0,30943.0,30943.0,40,2025-03-24 07:16:00
1742800620,30943.0,30963.6,30925.8,30963.6,6,2025-03-24 07:17:00
1742800680,30963.6,30989.0,30963.6,30989.0,28,2025-03-24 07:18:00
1742800740,30989.0,30989.0,30989.0,30989.0,0,2025-03-24 07:19:00
1742800800,30989.0,31041.4,30989.0,31041.4,219,2025-03-24 07:20:00
1742800860,31041.4,31041.4,31034.1,31034.1,3,2025-03-24 07:21:00
1742800920,31034.1,31034.1,31034.1,31034.1,0,2025-03-24 07:22:00
1742800980,30998.95,31025.75,30992.15,31025.75,15,2025-03-24 07:23:00
1742801040,31025.75,31025.75,31025.75,31025.75,0,2025-03-24 07:24:00
1742801100,31025.75,31025.75,31020.35,31020.35,10,2025-03-24 07:25:00
1742801160,31020.35,31025.75,31018.5,31025.75,7,2025-03-24 07:26:00
1742801220,31025.75,31025.75,31000.0,31025.75,10,2025-03-24 07:27:00
1742801280,31025.7,31025.7,31025.7,31025.7,1,2025-03-24 07:28:00
1742801340,31025.7,31025.7,31025.7,31025.7,0,2025-03-24 07:29:00
1742801400,31025.7,31025.7,31025.7,31025.7,0,2025-03-24 07:30:00
1742801460,31025.7,31025.7,31000.0,31000.0,3,2025-03-24 07:31:00
1742801520,31000.0,31024.95,31000.0,31024.95,1,2025-03-24 07:32:00
1742801580,31000.0,31000.0,31000.0,31000.0,3,2025-03-24 07:33:00
1742801640,31000.0,31000.0,31000.0,31000.0,16,2025-03-24 07:34:00
1742801700,31000.0,31000.0,31000.0,31000.0,0,2025-03-24 07:35:00
1742801760,31000.05,31000.05,30985.45,30985.45,15,2025-03-24 07:36:00
1742801820,30985.45,31098.9,30985.45,31098.9,92,2025-03-24 07:37:00
1742801880,31098.9,31098.9,31049.55,31050.4,49,2025-03-24 07:38:00
1742801940,31050.4,31052.85,31045.0,31045.0,21,2025-03-24 07:39:00
1742802000,31045.0,31082.1,31045.0,31082.1,2,2025-03-24 07:40:00
1742802060,31082.1,31090.0,31050.0,31050.0,32,2025-03-24 07:41:00
1742802120,31050.0,31050.0,31050.0,31050.0,0,2025-03-24 07:42:00
1742802180,31050.0,31090.0,31050.0,31090.0,20,2025-03-24 07:43:00
1742802240,31090.0,31090.0,31057.65,31057.65,2,2025-03-24 07:44:00
1742802300,31057.55,31088.2,31057.55,31087.9,4,2025-03-24 07:45:00
1742802360,31087.9,31087.9,31087.9,31087.9,0,2025-03-24 07:46:00
1742802420,31087.9,31087.9,31041.0,31041.0,18,2025-03-24 07:47:00
1742802480,31041.0,31055.0,31041.0,31055.0,9,2025-03-24 07:48:00
1742802540,31055.0,31055.0,31042.3,31042.3,51,2025-03-24 07:49:00
1742802600,31042.3,31042.3,31008.15,31008.15,43,2025-03-24 07:50:00
1742802660,31008.15,31008.15,31008.15,31008.15,0,2025-03-24 07:51:00
1742802720,31008.15,31024.7,30932.9,31010.2,57,2025-03-24 07:52:00
1742802780,31010.2,31042.0,31007.4,31007.4,26,2025-03-24 07:53:00
1742802840,31007.4,31007.4,31007.4,31007.4,1,2025-03-24 07:54:00
1742802900,31007.4,31007.4,30995.7,30995.7,11,2025-03-24 07:55:00
1742802960,30995.7,30995.7,30972.8,30972.8,3,2025-03-24 07:56:00
1742803020,30972.8,30972.8,30960.3,30960.3,1,2025-03-24 07:57:00
1742803080,30960.3,30991.9,30960.3,30991.9,3,2025-03-24 07:58:00
1742803140,30991.9,30991.9,30991.9,30991.9,4,2025-03-24 07:59:00
1742803200,30991.9,30991.9,30991.9,30991.9,5,2025-03-24 08:00:00
1742803260,30991.9,31042.0,30991.9,31042.0,13,2025-03-24 08:01:00
1742803320,31042.0,31042.0,31016.3,31016.3,3,2025-03-24 08:02:00
1742803380,31053.65,31053.65,31053.65,31053.65,1,2025-03-24 08:03:00
1742803440,30994.45,31023.75,30991.9,31023.2,17,2025-03-24 08:04:00
1742803500,31023.2,31023.2,31023.0,31023.0,1,2025-03-24 08:05:00
1742803560,31023.0,31023.0,31023.0,31023.0,0,2025-03-24 08:06:00
1742803620,31023.0,31023.0,31023.0,31023.0,7,2025-03-24 08:07:00
1742803680,31023.0,31023.0,31023.0,31023.0,0,2025-03-24 08:08:00
1742803740,31023.0,31023.0,30992.3,30992.3,1,2025-03-24 08:09:00
1742803800,30992.3,31023.0,30992.3,31000.0,2,2025-03-24 08:10:00
1742803860,31000.0,31000.0,31000.0,31000.0,1,2025-03-24 08:11:00
1742803920,31000.0,31000.0,30999.0,30999.0,12,2025-03-24 08:12:00
1742803980,30999.0,30999.0,30999.0,30999.0,0,2025-03-24 08:13:00
1742804040,30999.0,31023.95,30999.0,31023.95,3,2025-03-24 08:14:00
1742804100,31023.95,31023.95,30950.05,30990.25,74,2025-03-24 08:15:00
1742804160,30990.25,31005.45,30990.25,31005.45,5,2025-03-24 08:16:00
1742804220,31005.45,31005.45,31005.45,31005.45,0,2025-03-24 08:17:00
1742804280,31005.45,31005.45,30952.15,30952.15,6,2025-03-24 08:18:00
1742804340,30952.15,31006.3,30952.15,30959.15,4,2025-03-24 08:19:00
1742804400,30959.15,30959.15,30950.0,30950.0,17,2025-03-24 08:20:00
1742804460,30950.0,30950.0,30935.25,30935.25,11,2025-03-24 08:21:00
1742804520,30928.05,31010.0,30928.05,30960.25,66,2025-03-24 08:22:00
1742804580,30867.2,30938.35,30855.1,30938.35,137,2025-03-24 08:23:00
1742804640,30938.35,30939.9,30863.0,30894.6,51,2025-03-24 08:24:00
1742804700,30894.6,30916.35,30894.6,30916.35,1,2025-03-24 08:25:00
1742804760,30916.35,30916.35,30916.35,30916.35,0,2025-03-24 08:26:00
1742804820,30932.75,30932.75,30932.75,30932.75,2,2025-03-24 08:27:00
1742804880,30884.7,30884.7,30884.7,30884.7,1,2025-03-24 08:28:00
1742804940,30884.7,30884.7,30884.7,30884.7,0,2025-03-24 08:29:00
1742805000,30884.7,30884.7,30884.7,30884.7,0,2025-03-24 08:30:00
1742805060,30884.7,30885.65,30884.7,30885.65,11,2025-03-24 08:31:00
1742805120,30885.65,30972.7,30885.65,30939.05,118,2025-03-24 08:32:00
1742805180,30939.05,30939.05,30939.05,30939.05,0,2025-03-24 08:33:00
1742805240,30939.05,30939.05,30939.05,30939.05,0,2025-03-24 08:34:00
1742805300,30939.05,30981.85,30939.05,30981.85,64,2025-03-24 08:35:00
1742805360,30981.85,30981.85,30971.3,30971.3,1,2025-03-24 08:36:00
1742805420,30971.3,31010.0,30971.3,31010.0,1,2025-03-24 08:37:00
1742805480,31010.0,31028.5,31010.0,31010.0,3,2025-03-24 08:38:00
1742805540,31010.0,31080.0,30960.4,31050.0,61,2025-03-24 08:39:00
1742805600,31050.0,31050.0,30955.7,30955.7,52,2025-03-24 08:40:00
1742805660,30955.7,30955.7,30955.7,30955.7,0,2025-03-24 08:41:00
1742805720,30955.7,30979.55,30955.7,30979.55,1,2025-03-24 08:42:00
1742805780,30979.55,30979.55,30979.55,30979.55,0,2025-03-24 08:43:00
1742805840,30979.55,30979.55,30966.7,30966.7,3,2025-03-24 08:44:00
1742805900,30966.7,30976.05,30966.7,30976.05,13,2025-03-24 08:45:00
1742805960,30976.05,30976.05,30925.75,30925.75,1,2025-03-24 08:46:00
1742806020,30925.75,30925.75,30925.75,30925.75,0,2025-03-24 08:47:00
1742806080,30925.75,30925.75,30919.5,30919.5,4,2025-03-24 08:48:00
1742806140,30919.5,30925.0,30919.5,30925.0,3,2025-03-24 08:49:00
1742806200,30925.0,30926.0,30925.0,30926.0,2,2025-03-24 08:50:00
1742806260,30926.0,30926.0,30920.25,30920.25,1,2025-03-24 08:51:00
1742806320,30920.25,30921.45,30920.25,30921.45,1,2025-03-24 08:52:00
1742806380,30921.45,30975.65,30921.45,30925.2,21,2025-03-24 08:53:00
1742806440,30925.2,30975.6,30925.0,30939.5,10,2025-03-24 08:54:00
1742806500,30939.5,30974.4,30928.3,30928.3,3,2025-03-24 08:55:00
1742806560,30928.3,30928.3,30928.3,30928.3,0,2025-03-24 08:56:00
1742806620,30925.35,30991.95,30925.2,30969.9,15,2025-03-24 08:57:00
1742806680,30991.35,30991.35,30928.25,30928.25,3,2025-03-24 08:58:00
1742806740,30928.25,30928.25,30926.0,30926.0,1,2025-03-24 08:59:00
1742806800,30926.0,30926.55,30926.0,30926.0,4,2025-03-24 09:00:00
1742806860,30926.0,30947.8,30921.0,30947.8,21,2025-03-24 09:01:00
1742806920,30921.0,30921.0,30885.65,30885.65,61,2025-03-24 09:02:00
1742806980,30885.65,30921.1,30880.0,30900.0,15,2025-03-24 09:03:00
1742807040,30880.0,30895.7,30838.5,30895.7,75,2025-03-24 09:04:00
1742807100,30895.7,30895.7,30856.9,30856.9,4,2025-03-24 09:05:00
1742807160,30856.9,30939.85,30856.9,30908.4,46,2025-03-24 09:06:00
1742807220,30908.4,30908.4,30891.0,30891.0,3,2025-03-24 09:07:00
1742807280,30891.0,30946.75,30891.0,30914.45,7,2025-03-24 09:08:00
1742807340,30914.45,30914.45,30905.8,30905.8,3,2025-03-24 09:09:00
1742807400,30905.8,30940.0,30905.8,30914.4,16,2025-03-24 09:10:00
1742807460,30914.4,30914.45,30914.4,30914.4,2,2025-03-24 09:11:00
1742807520,30914.4,30943.0,30914.4,30914.45,3,2025-03-24 09:12:00
1742807580,30914.45,30969.0,30914.45,30969.0,16,2025-03-24 09:13:00
1742807640,30965.4,30993.65,30965.4,30969.0,14,2025-03-24 09:14:00
1742807700,30969.0,30969.0,30941.35,30941.35,9,2025-03-24 09:15:00
1742807760,30941.35,30941.35,30940.0,30940.0,10,2025-03-24 09:16:00
1742807820,30940.0,30998.6,30940.0,30958.45,22,2025-03-24 09:17:00
1742807880,30958.45,30996.5,30958.45,30996.5,2,2025-03-24 09:18:00
1742807940,30996.5,30997.2,30989.3,30989.3,4,2025-03-24 09:19:00
1742808000,30960.8,30960.8,30960.8,30960.8,8,2025-03-24 09:20:00
1742808060,30960.8,30960.8,30960.8,30960.8,0,2025-03-24 09:21:00
1742808120,30960.8,30963.35,30960.8,30963.35,1,2025-03-24 09:22:00
1742808180,30963.35,30992.4,30963.35,30992.4,5,2025-03-24 09:23:00
1742808240,30992.4,30992.4,30970.0,30970.0,2,2025-03-24 09:24:00
1742808300,31038.75,31038.75,30976.1,30976.1,31,2025-03-24 09:25:00
1742808360,30976.1,30976.1,30973.15,30973.15,8,2025-03-24 09:26:00
1742808420,30973.15,31039.95,30973.15,30985.35,31,2025-03-24 09:27:00
1742808480,30985.35,31003.6,30966.7,31003.6,12,2025-03-24 09:28:00
1742808540,31003.6,31004.4,30997.9,31004.4,2,2025-03-24 09:29:00
1742808600,31010.8,31010.8,30975.55,30975.55,17,2025-03-24 09:30:00
1742808660,30975.55,30980.0,30975.55,30980.0,1,2025-03-24 09:31:00
1742808720,30980.0,30980.0,30940.0,30979.8,71,2025-03-24 09:32:00
1742808780,30979.8,30979.8,30979.7,30979.7,1,2025-03-24 09:33:00
1742808840,30979.8,31014.7,30948.95,31014.7,140,2025-03-24 09:34:00
1742808900,31005.1,31037.55,30999.45,30999.45,16,2025-03-24 09:35:00
1742808960,30999.45,31055.95,30999.45,30999.55,34,2025-03-24 09:36:00
1742809020,30999.55,31059.0,30999.55,31053.95,5,2025-03-24 09:37:00
1742809080,31047.4,31059.0,31040.5,31049.8,21,2025-03-24 09:38:00
1742809140,31049.8,31059.0,31020.15,31050.0,11,2025-03-24 09:39:00
1742809200,31050.0,31050.0,31028.0,31050.0,11,2025-03-24 09:40:00
1742809260,31050.0,31050.0,30989.3,30990.15,104,2025-03-24 09:41:00
1742809320,31002.05,31039.95,31002.05,31002.4,25,2025-03-24 09:42:00
1742809380,31002.4,31029.85,31002.4,31025.0,26,2025-03-24 09:43:00
1742809440,31040.65,31044.0,31004.65,31044.0,7,2025-03-24 09:44:00
1742809500,31044.0,31050.0,31007.0,31049.8,31,2025-03-24 09:45:00
1742809560,31049.75,31097.0,31005.2,31058.2,182,2025-03-24 09:46:00
1742809620,31096.95,31097.0,31096.95,31097.0,7,2025-03-24 09:47:00
1742809680,31097.0,31139.65,31066.7,31139.65,87,2025-03-24 09:48:00
1742809740,31139.95,31139.95,31060.25,31129.25,60,2025-03-24 09:49:00
1742809800,31129.25,31129.95,31084.9,31099.2,66,2025-03-24 09:50:00
1742809860,31099.25,31129.95,31099.25,31100.9,25,2025-03-24 09:51:00
1742809920,31100.95,31129.95,31087.1,31129.95,120,2025-03-24 09:52:00
1742809980,31129.95,31150.0,31103.4,31130.2,57,2025-03-24 09:53:00
1742810040,31150.0,31161.2,31130.8,31161.2,115,2025-03-24 09:54:00
1742810100,31161.2,31182.15,31131.0,31131.0,119,2025-03-24 09:55:00
1742810160,31181.35,31183.75,31090.9,31160.0,53,2025-03-24 09:56:00
1742810220,31115.15,31159.65,31051.2,31115.5,71,2025-03-24 09:57:00
1742810280,31115.5,31139.95,30896.9,31139.95,89,2025-03-24 09:58:00
1742810340,31099.85,31163.0,30961.15,31163.0,39,2025-03-24 09:59:00
1742874300,31075.0,31287.85,30918.0,31249.5,144,2025-03-25 03:45:00
1742874360,31199.25,31289.2,31124.95,31124.95,229,2025-03-25 03:46:00
1742874420,31124.95,31124.95,30990.0,31100.1,160,2025-03-25 03:47:00
1742874480,31100.1,31100.1,31058.6,31069.1,29,2025-03-25 03:48:00
1742874540,31069.1,31069.1,31037.1,31061.25,10,2025-03-25 03:49:00
1742874600,31037.2,31102.95,31037.2,31102.95,58,2025-03-25 03:50:00
1742874660,31102.95,31119.85,31060.65,31060.65,16,2025-03-25 03:51:00
1742874720,31060.65,31071.15,31008.8,31008.8,11,2025-03-25 03:52:00
1742874780,31008.8,31008.8,30918.0,30918.0,49,2025-03-25 03:53:00
1742874840,30900.1,30947.55,30858.05,30906.15,31,2025-03-25 03:54:00
1742874900,30906.15,30912.85,30900.85,30912.85,31,2025-03-25 03:55:00
1742874960,30918.6,30924.1,30918.6,30924.1,8,2025-03-25 03:56:00
1742875020,30924.1,30924.1,30836.1,30836.1,31,2025-03-25 03:57:00
1742875080,30819.15,30870.0,30814.15,30821.35,37,2025-03-25 03:58:00
1742875140,30821.35,30821.35,30821.35,30821.35,1,2025-03-25 03:59:00
1742875200,30821.35,30839.9,30783.85,30820.0,111,2025-03-25 04:00:00
1742875260,30820.0,30862.2,30817.6,30817.6,30,2025-03-25 04:01:00
1742875320,30817.6,30846.25,30815.15,30846.25,10,2025-03-25 04:02:00
1742875380,30846.25,30877.85,30833.0,30867.3,17,2025-03-25 04:03:00
1742875440,30867.3,30882.25,30850.0,30870.8,19,2025-03-25 04:04:00
1742875500,30870.8,30891.8,30720.0,30761.5,73,2025-03-25 04:05:00
1742875560,30773.95,30794.85,30735.0,30735.0,27,2025-03-25 04:06:00
1742875620,30789.7,30877.55,30789.7,30877.55,14,2025-03-25 04:07:00
1742875680,30877.55,30877.55,30846.2,30846.2,4,2025-03-25 04:08:00
1742875740,30846.2,30873.3,30846.2,30848.9,2,2025-03-25 04:09:00
1742875800,30848.9,30848.9,30848.9,30848.9,6,2025-03-25 04:10:00
1742875860,30848.9,30848.9,30848.9,30848.9,0,2025-03-25 04:11:00
1742875920,30848.9,30888.75,30848.9,30888.75,21,2025-03-25 04:12:00
1742875980,30888.75,30914.35,30888.75,30898.0,10,2025-03-25 04:13:00
1742876040,30898.0,30937.45,30898.0,30898.0,3,2025-03-25 04:14:00
1742876100,30897.5,30897.5,30893.15,30893.15,4,2025-03-25 04:15:00
1742876160,30893.15,30893.15,30880.35,30893.15,4,2025-03-25 04:16:00
1742876220,30941.45,30941.45,30867.95,30867.95,34,2025-03-25 04:17:00
1742876280,30867.95,30900.4,30867.95,30900.4,4,2025-03-25 04:18:00
1742876340,30862.0,30875.4,30862.0,30875.4,5,2025-03-25 04:19:00
1742876400,30875.4,30875.45,30875.4,30875.45,3,2025-03-25 04:20:00
1742876460,30917.5,30917.5,30871.2,30872.1,7,2025-03-25 04:21:00
1742876520,30872.1,30879.95,30871.2,30871.2,7,2025-03-25 04:22:00
1742876580,30871.2,30871.2,30855.9,30869.9,70,2025-03-25 04:23:00
1742876640,30869.9,30876.75,30830.0,30876.75,31,2025-03-25 04:24:00
1742876700,30876.75,30950.5,30876.75,30907.3,60,2025-03-25 04:25:00
1742876760,30907.3,30920.0,30887.5,30887.5,13,2025-03-25 04:26:00
1742876820,30887.5,30887.5,30887.5,30887.5,0,2025-03-25 04:27:00
1742876880,30887.5,30948.2,30887.5,30948.2,10,2025-03-25 04:28:00
1742876940,30955.25,30975.7,30942.0,30942.0,20,2025-03-25 04:29:00
1742877000,30974.05,30974.05,30942.45,30942.45,12,2025-03-25 04:30:00
1742877060,30920.5,30950.0,30920.5,30948.85,4,2025-03-25 04:31:00
1742877120,30948.85,30948.85,30918.0,30918.0,19,2025-03-25 04:32:00
1742877180,30918.0,30928.15,30908.55,30928.15,5,2025-03-25 04:33:00
1742877240,30928.15,30928.15,30928.15,30928.15,0,2025-03-25 04:34:00
1742877300,30928.15,30928.15,30928.15,30928.15,0,2025-03-25 04:35:00
1742877360,30928.15,30928.15,30916.45,30916.45,1,2025-03-25 04:36:00
1742877420,30916.45,30965.95,30916.45,30965.95,7,2025-03-25 04:37:00
1742877480,30965.95,30965.95,30942.15,30942.15,42,2025-03-25 04:38:00
1742877540,30942.15,30942.15,30942.15,30942.15,1,2025-03-25 04:39:00
1742877600,30942.15,30942.15,30942.15,30942.15,0,2025-03-25 04:40:00
1742877660,30942.15,30942.15,30942.15,30942.15,0,2025-03-25 04:41:00
1742877720,30894.95,31167.4,30894.95,31167.4,129,2025-03-25 04:42:00
1742877780,31167.4,31200.0,31167.4,31189.45,54,2025-03-25 04:43:00
1742877840,31189.45,31268.85,31158.6,31268.85,58,2025-03-25 04:44:00
1742877900,31268.85,31268.85,31150.05,31210.85,71,2025-03-25 04:45:00
1742877960,31222.3,31288.45,31196.95,31288.45,93,2025-03-25 04:46:00
1742878020,31288.45,31370.0,31250.1,31293.55,97,2025-03-25 04:47:00
1742878080,31293.55,31317.65,31275.0,31301.25,26,2025-03-25 04:48:00
1742878140,31268.0,31300.0,31268.0,31275.15,19,2025-03-25 04:49:00
1742878200,31275.15,31300.0,31201.75,31254.85,60,2025-03-25 04:50:00
1742878260,31254.85,31254.9,31245.85,31245.85,11,2025-03-25 04:51:00
1742878320,31245.85,31245.85,31195.35,31195.35,5,2025-03-25 04:52:00
1742878380,31195.35,31237.75,31189.35,31196.25,13,2025-03-25 04:53:00
1742878440,31196.25,31243.45,31152.7,31166.45,60,2025-03-25 04:54:00
1742878500,31130.35,31169.25,31127.7,31150.0,27,2025-03-25 04:55:00
1742878560,31150.0,31181.85,31142.6,31150.1,17,2025-03-25 04:56:00
1742878620,31150.1,31200.0,31150.1,31199.95,15,2025-03-25 04:57:00
1742878680,31199.95,31199.95,31190.0,31190.0,10,2025-03-25 04:58:00
1742878740,31200.0,31200.0,31172.0,31172.0,5,2025-03-25 04:59:00
1742878800,31172.0,31172.0,31150.0,31150.0,3,2025-03-25 05:00:00
1742878860,31155.95,31155.95,31155.95,31155.95,2,2025-03-25 05:01:00
1742878920,31155.95,31198.0,31155.95,31198.0,1,2025-03-25 05:02:00
1742878980,31180.5,31193.35,31155.0,31155.0,6,2025-03-25 05:03:00
1742879040,31155.0,31155.0,31155.0,31155.0,0,2025-03-25 05:04:00
1742879100,31180.7,31180.7,31130.0,31167.65,23,2025-03-25 05:05:00
1742879160,31167.65,31169.85,31145.95,31169.8,10,2025-03-25 05:06:00
1742879220,31169.8,31169.85,31169.8,31169.85,2,2025-03-25 05:07:00
1742879280,31169.85,31169.85,31120.0,31120.0,3,2025-03-25 05:08:00
1742879340,31120.0,31149.7,31101.35,31149.7,6,2025-03-25 05:09:00
1742879400,31149.7,31149.7,31149.7,31149.7,0,2025-03-25 05:10:00
1742879460,31149.7,31149.7,31101.0,31130.0,14,2025-03-25 05:11:00
1742879520,31111.4,31130.0,31111.4,31129.95,13,2025-03-25 05:12:00
1742879580,31129.95,31184.2,31129.95,31134.6,104,2025-03-25 05:13:00
1742879640,31172.35,31172.35,31110.0,31125.15,21,2025-03-25 05:14:00
1742879700,31113.95,31160.6,31113.95,31128.65,30,2025-03-25 05:15:00
1742879760,31127.25,31127.3,31126.35,31127.3,4,2025-03-25 05:16:00
1742879820,31127.3,31175.0,31127.3,31175.0,12,2025-03-25 05:17:00
1742879880,31175.0,31197.1,31175.0,31197.1,1,2025-03-25 05:18:00
1742879940,31197.1,31225.0,31197.1,31199.45,99,2025-03-25 05:19:00
1742880000,31199.45,31250.0,31199.45,31250.0,13,2025-03-25 05:20:00
1742880060,31250.0,31250.0,31225.05,31241.45,11,2025-03-25 05:21:00
1742880120,31241.45,31258.35,31241.45,31249.95,7,2025-03-25 05:22:00
1742880180,31249.95,31249.95,31203.95,31225.0,117,2025-03-25 05:23:00
1742880240,31210.25,31250.0,31203.85,31229.15,37,2025-03-25 05:24:00
1742880300,31229.15,31229.15,31179.1,31179.1,12,2025-03-25 05:25:00
1742880360,31179.1,31233.7,31150.0,31219.35,8,2025-03-25 05:26:00
1742880420,31219.35,31219.35,31177.0,31218.9,12,2025-03-25 05:27:00
1742880480,31218.9,31218.9,31201.55,31201.55,1,2025-03-25 05:28:00
1742880540,31201.55,31201.55,31201.55,31201.55,0,2025-03-25 05:29:00
1742880600,31195.8,31201.55,31156.2,31185.9,41,2025-03-25 05:30:00
1742880660,31185.9,31197.2,31185.9,31197.2,1,2025-03-25 05:31:00
1742880720,31197.2,31211.15,31155.3,31185.15,13,2025-03-25 05:32:00
1742880780,31185.15,31198.0,31185.15,31198.0,1,2025-03-25 05:33:00
1742880840,31198.0,31225.0,31198.0,31225.0,4,2025-03-25 05:34:00
1742880900,31179.85,31207.35,31148.7,31163.9,165,2025-03-25 05:35:00
1742880960,31163.9,31187.4,31118.35,31185.6,40,2025-03-25 05:36:00
1742881020,31185.6,31185.6,31157.05,31173.05,18,2025-03-25 05:37:00
1742881080,31173.05,31182.1,31173.05,31182.1,2,2025-03-25 05:38:00
1742881140,31182.1,31182.1,31136.0,31136.0,9,2025-03-25 05:39:00
1742881200,31136.0,31150.85,31119.1,31136.1,5,2025-03-25 05:40:00
1742881260,31151.65,31151.65,31136.05,31146.5,14,2025-03-25 05:41:00
1742881320,31146.5,31148.5,31100.05,31148.5,9,2025-03-25 05:42:00
1742881380,31135.15,31135.15,31127.0,31127.0,12,2025-03-25 05:43:00
1742881440,31127.0,31128.15,31069.4,31069.4,39,2025-03-25 05:44:00
1742881500,31116.3,31116.3,31068.8,31068.8,33,2025-03-25 05:45:00
1742881560,31068.8,31118.35,31050.35,31075.2,28,2025-03-25 05:46:00
1742881620,31075.2,31098.8,31062.9,31078.5,14,2025-03-25 05:47:00
1742881680,31078.5,31078.5,31009.5,31022.5,10,2025-03-25 05:48:00
1742881740,31047.5,31050.25,31024.45,31050.25,20,2025-03-25 05:49:00
1742881800,31050.25,31055.0,31014.4,31014.4,34,2025-03-25 05:50:00
1742881860,31027.55,31027.55,30951.3,31009.0,62,2025-03-25 05:51:00
1742881920,31009.0,31047.7,30992.4,31047.7,11,2025-03-25 05:52:00
1742881980,31055.85,31055.85,31037.25,31041.95,3,2025-03-25 05:53:00
1742882040,31041.95,31041.95,31003.3,31023.55,2,2025-03-25 05:54:00
1742882100,31023.55,31023.55,30998.8,30998.8,1,2025-03-25 05:55:00
1742882160,31074.8,31083.2,31058.65,31083.2,54,2025-03-25 05:56:00
1742882220,31083.2,31083.2,31076.6,31076.6,1,2025-03-25 05:57:00
1742882280,31090.0,31103.85,31082.95,31082.95,5,2025-03-25 05:58:00
1742882340,31075.0,31097.0,31071.65,31073.2,6,2025-03-25 05:59:00
1742882400,31073.2,31109.4,31064.75,31097.35,14,2025-03-25 06:00:00
1742882460,31097.35,31132.55,31076.75,31125.1,72,2025-03-25 06:01:00
1742882520,31156.65,31167.25,31147.75,31153.6,21,2025-03-25 06:02:00
1742882580,31153.6,31153.6,31099.65,31099.65,1,2025-03-25 06:03:00
1742882640,31099.65,31135.75,31099.65,31118.8,5,2025-03-25 06:04:00
1742882700,31149.75,31149.75,31100.05,31100.05,5,2025-03-25 06:05:00
1742882760,31119.85,31119.85,31119.85,31119.85,4,2025-03-25 06:06:00
1742882820,31119.85,31119.85,31092.75,31111.75,26,2025-03-25 06:07:00
1742882880,31086.05,31092.05,31064.85,31064.85,28,2025-03-25 06:08:00
1742882940,31058.1,31085.05,31051.15,31085.05,28,2025-03-25 06:09:00
1742883000,31085.05,31085.05,31085.05,31085.05,0,2025-03-25 06:10:00
1742883060,31085.05,31085.05,31064.8,31064.8,1,2025-03-25 06:11:00
1742883120,31064.8,31085.05,31064.8,31074.55,4,2025-03-25 06:12:00
1742883180,31074.55,31098.9,31074.55,31098.9,2,2025-03-25 06:13:00
1742883240,31098.9,31098.9,31076.6,31076.6,2,2025-03-25 06:14:00
1742883300,31057.1,31119.0,31057.1,31063.1,41,2025-03-25 06:15:00
1742883360,31063.1,31119.0,31063.1,31110.3,8,2025-03-25 06:16:00
1742883420,31110.3,31110.3,31095.7,31095.7,2,2025-03-25 06:17:00
1742883480,31095.7,31095.7,31095.7,31095.7,0,2025-03-25 06:18:00
1742883540,31095.7,31095.7,31095.7,31095.7,0,2025-03-25 06:19:00
1742883600,31095.7,31095.7,31095.7,31095.7,0,2025-03-25 06:20:00
1742883660,31095.7,31095.7,31061.65,31061.65,1,2025-03-25 06:21:00
1742883720,31061.65,31104.2,31061.65,31073.05,2,2025-03-25 06:22:00
1742883780,31073.05,31073.05,31073.05,31073.05,0,2025-03-25 06:23:00
1742883840,31073.05,31102.2,31051.4,31102.2,34,2025-03-25 06:24:00
1742883900,31102.2,31111.55,31102.2,31111.55,2,2025-03-25 06:25:00
1742883960,31111.55,31115.85,31103.0,31114.35,4,2025-03-25 06:26:00
1742884020,31114.35,31114.35,31112.35,31112.35,1,2025-03-25 06:27:00
1742884080,31112.35,31118.6,31112.35,31118.6,2,2025-03-25 06:28:00
1742884140,31118.6,31118.6,31089.1,31089.1,1,2025-03-25 06:29:00
1742884200,31089.1,31106.05,31089.1,31106.05,1,2025-03-25 06:30:00
1742884260,31106.05,31106.05,31106.05,31106.05,0,2025-03-25 06:31:00
1742884320,31106.05,31118.3,31066.8,31066.8,8,2025-03-25 06:32:00
1742884380,31066.8,31119.85,31066.8,31099.85,33,2025-03-25 06:33:00
1742884440,31099.85,31197.7,31099.85,31190.0,25,2025-03-25 06:34:00
1742884500,31190.0,31190.0,31190.0,31190.0,0,2025-03-25 06:35:00
1742884560,31153.25,31172.0,31153.25,31172.0,6,2025-03-25 06:36:00
1742884620,31172.0,31209.85,31172.0,31199.45,35,2025-03-25 06:37:00
1742884680,31199.45,31200.85,31180.45,31200.0,30,2025-03-25 06:38:00
1742884740,31200.0,31219.95,31200.0,31219.95,5,2025-03-25 06:39:00
1742884800,31219.95,31219.95,31213.75,31213.75,2,2025-03-25 06:40:00
1742884860,31213.75,31213.75,31213.75,31213.75,0,2025-03-25 06:41:00
1742884920,31213.75,31213.75,31123.15,31147.4,44,2025-03-25 06:42:00
1742884980,31147.4,31147.4,31104.6,31104.6,1,2025-03-25 06:43:00
1742885040,31104.6,31132.3,31104.6,31132.3,3,2025-03-25 06:44:00
1742885100,31132.3,31150.35,31132.3,31150.35,3,2025-03-25 06:45:00
1742885160,31150.35,31150.35,31150.35,31150.35,0,2025-03-25 06:46:00
1742885220,31150.35,31150.35,31150.35,31150.35,0,2025-03-25 06:47:00
1742885280,31150.35,31150.35,31104.0,31104.0,1,2025-03-25 06:48:00
1742885340,31104.0,31110.1,31104.0,31110.1,1,2025-03-25 06:49:00
1742885400,31110.1,31110.1,31110.0,31110.0,10,2025-03-25 06:50:00
1742885460,31110.0,31120.0,31110.0,31120.0,6,2025-03-25 06:51:00
1742885520,31120.0,31153.05,31120.0,31146.0,23,2025-03-25 06:52:00
1742885580,31146.0,31165.15,31146.0,31165.15,5,2025-03-25 06:53:00
1742885640,31165.15,31165.15,31130.95,31130.95,1,2025-03-25 06:54:00
1742885700,31130.95,31156.25,31121.65,31156.25,2,2025-03-25 06:55:00
1742885760,31156.25,31156.25,31156.25,31156.25,0,2025-03-25 06:56:00
1742885820,31156.25,31156.25,31156.25,31156.25,0,2025-03-25 06:57:00
1742885880,31156.25,31156.25,31156.25,31156.25,1,2025-03-25 06:58:00
1742885940,31156.25,31170.0,31156.25,31165.4,11,2025-03-25 06:59:00
1742886000,31165.4,31165.4,31124.95,31124.95,3,2025-03-25 07:00:00
1742886060,31124.95,31184.25,31124.95,31184.25,16,2025-03-25 07:01:00
1742886120,31175.5,31175.5,31129.2,31129.2,2,2025-03-25 07:02:00
1742886180,31129.2,31163.6,31129.2,31163.6,2,2025-03-25 07:03:00
1742886240,31163.6,31163.6,31163.6,31163.6,0,2025-03-25 07:04:00
1742886300,31163.6,31163.6,31163.6,31163.6,0,2025-03-25 07:05:00
1742886360,31163.6,31163.6,31163.6,31163.6,0,2025-03-25 07:06:00
1742886420,31163.6,31163.6,31163.6,31163.6,0,2025-03-25 07:07:00
1742886480,31163.6,31163.6,31163.6,31163.6,0,2025-03-25 07:08:00
1742886540,31163.6,31163.6,31163.45,31163.6,49,2025-03-25 07:09:00
1742886600,31163.6,31189.4,31141.4,31141.4,18,2025-03-25 07:10:00
1742886660,31141.4,31183.6,31139.3,31183.6,4,2025-03-25 07:11:00
1742886720,31183.6,31183.6,31183.6,31183.6,0,2025-03-25 07:12:00
1742886780,31183.6,31183.6,31183.6,31183.6,0,2025-03-25 07:13:00
1742886840,31183.6,31188.95,31183.6,31188.95,1,2025-03-25 07:14:00
1742886900,31188.95,31188.95,31169.1,31169.1,5,2025-03-25 07:15:00
1742886960,31169.1,31169.1,31169.1,31169.1,0,2025-03-25 07:16:00
1742887020,31169.1,31169.1,31169.1,31169.1,0,2025-03-25 07:17:00
1742887080,31169.1,31169.1,31169.1,31169.1,0,2025-03-25 07:18:00
1742887140,31169.1,31169.1,31169.1,31169.1,0,2025-03-25 07:19:00
1742887200,31169.1,31169.1,31169.1,31169.1,0,2025-03-25 07:20:00
1742887260,31169.1,31169.1,31169.1,31169.1,0,2025-03-25 07:21:00
1742887320,31169.1,31169.1,31169.1,31169.1,0,2025-03-25 07:22:00
1742887380,31169.1,31169.1,31169.1,31169.1,0,2025-03-25 07:23:00
1742887440,31169.1,31169.1,31126.95,31126.95,9,2025-03-25 07:24:00
1742887500,31135.1,31219.35,31135.1,31177.05,112,2025-03-25 07:25:00
1742887560,31177.05,31219.95,31177.05,31219.9,17,2025-03-25 07:26:00
1742887620,31219.9,31219.9,31130.05,31184.05,53,2025-03-25 07:27:00
1742887680,31184.05,31194.65,31184.05,31194.65,3,2025-03-25 07:28:00
1742887740,31194.65,31219.35,31194.65,31219.35,1,2025-03-25 07:29:00
1742887800,31214.3,31218.9,31214.3,31218.9,19,2025-03-25 07:30:00
1742887860,31218.9,31218.9,31218.9,31218.9,0,2025-03-25 07:31:00
1742887920,31218.9,31218.9,31215.5,31215.5,3,2025-03-25 07:32:00
1742887980,31219.95,31219.95,31219.95,31219.95,1,2025-03-25 07:33:00
1742888040,31219.95,31300.0,31196.75,31275.0,162,2025-03-25 07:34:00
1742888100,31275.0,31300.0,31233.65,31233.65,176,2025-03-25 07:35:00
1742888160,31233.65,31278.15,31233.65,31262.5,44,2025-03-25 07:36:00
1742888220,31262.5,31274.9,31262.5,31264.0,17,2025-03-25 07:37:00
1742888280,31264.0,31283.1,31242.55,31242.55,21,2025-03-25 07:38:00
1742888340,31242.55,31271.2,31238.25,31238.25,6,2025-03-25 07:39:00
1742888400,31238.25,31264.1,31238.25,31264.1,1,2025-03-25 07:40:00
1742888460,31264.1,31264.8,31222.5,31222.5,51,2025-03-25 07:41:00
1742888520,31168.1,31208.3,31168.1,31202.7,17,2025-03-25 07:42:00
1742888580,31150.0,31202.7,31150.0,31197.7,18,2025-03-25 07:43:00
1742888640,31197.7,31202.25,31193.8,31202.25,2,2025-03-25 07:44:00
1742888700,31202.25,31202.25,31202.25,31202.25,0,2025-03-25 07:45:00
1742888760,31202.25,31202.25,31170.35,31170.35,3,2025-03-25 07:46:00
1742888820,31170.35,31185.0,31150.15,31185.0,2,2025-03-25 07:47:00
1742888880,31185.0,31185.0,31185.0,31185.0,0,2025-03-25 07:48:00
1742888940,31185.0,31185.0,31185.0,31185.0,0,2025-03-25 07:49:00
1742889000,31223.75,31224.0,31223.75,31224.0,2,2025-03-25 07:50:00
1742889060,31224.0,31224.0,31224.0,31224.0,0,2025-03-25 07:51:00
1742889120,31224.0,31224.0,31224.0,31224.0,0,2025-03-25 07:52:00
1742889180,31224.0,31224.0,31215.55,31215.55,1,2025-03-25 07:53:00
1742889240,31215.55,31215.55,31215.55,31215.55,0,2025-03-25 07:54:00
1742889300,31215.55,31215.55,31206.45,31210.1,5,2025-03-25 07:55:00
1742889360,31210.1,31210.1,31210.1,31210.1,0,2025-03-25 07:56:00
1742889420,31210.1,31210.1,31210.1,31210.1,0,2025-03-25 07:57:00
1742889480,31210.1,31210.1,31210.1,31210.1,0,2025-03-25 07:58:00
1742889540,31210.1,31264.8,31210.1,31247.4,95,2025-03-25 07:59:00
1742889600,31247.4,31247.4,31186.9,31186.9,42,2025-03-25 08:00:00
1742889660,31186.9,31246.65,31167.65,31195.6,43,2025-03-25 08:01:00
1742889720,31195.6,31243.75,31195.6,31243.75,3,2025-03-25 08:02:00
1742889780,31243.75,31243.75,31243.75,31243.75,1,2025-03-25 08:03:00
1742889840,31243.75,31243.75,31175.95,31213.6,3,2025-03-25 08:04:00
1742889900,31230.6,31230.6,31230.6,31230.6,1,2025-03-25 08:05:00
1742889960,31230.6,31230.6,31177.4,31230.6,17,2025-03-25 08:06:00
1742890020,31230.6,31230.6,31189.25,31230.6,31,2025-03-25 08:07:00
1742890080,31230.6,31245.95,31230.6,31245.95,2,2025-03-25 08:08:00
1742890140,31245.95,31246.0,31203.1,31203.1,3,2025-03-25 08:09:00
1742890200,31203.1,31245.85,31203.1,31243.75,2,2025-03-25 08:10:00
1742890260,31243.75,31245.85,31215.15,31245.85,11,2025-03-25 08:11:00
1742890320,31245.85,31245.85,31188.6,31188.6,4,2025-03-25 08:12:00
1742890380,31188.6,31245.85,31188.6,31245.85,15,2025-03-25 08:13:00
1742890440,31245.85,31245.85,31202.55,31224.55,4,2025-03-25 08:14:00
1742890500,31245.85,31245.85,31245.85,31245.85,1,2025-03-25 08:15:00
1742890560,31245.85,31245.85,31245.85,31245.85,0,2025-03-25 08:16:00
1742890620,31245.85,31245.85,31245.85,31245.85,0,2025-03-25 08:17:00
1742890680,31245.85,31245.85,31245.85,31245.85,0,2025-03-25 08:18:00
1742890740,31245.85,31245.85,31163.75,31190.0,155,2025-03-25 08:19:00
1742890800,31190.0,31223.05,31179.75,31219.85,15,2025-03-25 08:20:00
1742890860,31219.85,31219.85,31219.85,31219.85,0,2025-03-25 08:21:00
1742890920,31219.85,31219.85,31198.75,31198.75,1,2025-03-25 08:22:00
1742890980,31198.75,31198.75,31150.0,31198.7,6,2025-03-25 08:23:00
1742891040,31198.7,31198.7,31198.7,31198.7,0,2025-03-25 08:24:00
1742891100,31198.7,31198.75,31181.45,31198.75,2,2025-03-25 08:25:00
1742891160,31198.75,31205.55,31165.1,31205.3,8,2025-03-25 08:26:00
1742891220,31205.3,31205.3,31175.7,31175.7,1,2025-03-25 08:27:00
1742891280,31205.5,31205.5,31178.4,31178.4,2,2025-03-25 08:28:00
1742891340,31178.4,31178.4,31178.4,31178.4,0,2025-03-25 08:29:00
1742891400,31178.4,31178.4,31178.4,31178.4,1,2025-03-25 08:30:00
1742891460,31178.4,31178.45,31170.7,31170.7,9,2025-03-25 08:31:00
1742891520,31170.7,31192.5,31170.7,31192.5,1,2025-03-25 08:32:00
1742891580,31192.5,31192.5,31192.5,31192.5,0,2025-03-25 08:33:00
1742891640,31164.85,31194.0,31159.85,31161.9,7,2025-03-25 08:34:00
1742891700,31174.45,31174.45,31101.7,31101.75,94,2025-03-25 08:35:00
1742891760,31101.75,31164.4,31101.75,31149.05,33,2025-03-25 08:36:00
1742891820,31140.1,31179.05,31140.1,31179.05,5,2025-03-25 08:37:00
1742891880,31179.05,31179.05,31138.75,31138.75,1,2025-03-25 08:38:00
1742891940,31138.75,31138.75,31101.05,31101.05,1,2025-03-25 08:39:00
1742892000,31101.05,31157.7,31101.05,31155.3,14,2025-03-25 08:40:00
1742892060,31155.3,31174.9,31139.9,31174.9,4,2025-03-25 08:41:00
1742892120,31174.9,31174.9,31132.55,31162.0,16,2025-03-25 08:42:00
1742892180,31162.0,31179.6,31129.45,31129.45,6,2025-03-25 08:43:00
1742892240,31129.45,31173.65,31129.45,31173.65,2,2025-03-25 08:44:00
1742892300,31173.65,31173.65,31129.85,31129.85,3,2025-03-25 08:45:00
1742892360,31129.85,31129.85,31129.85,31129.85,0,2025-03-25 08:46:00
1742892420,31129.85,31164.05,31129.85,31147.4,3,2025-03-25 08:47:00
1742892480,31147.4,31166.75,31147.4,31166.75,1,2025-03-25 08:48:00
1742892540,31166.75,31179.55,31130.4,31170.8,31,2025-03-25 08:49:00
1742892600,31170.8,31170.8,31146.45,31162.9,2,2025-03-25 08:50:00
1742892660,31162.9,31162.9,31130.05,31130.05,1,2025-03-25 08:51:00
1742892720,31130.05,31130.05,31130.0,31130.0,1,2025-03-25 08:52:00
1742892780,31130.0,31130.0,31129.9,31129.9,1,2025-03-25 08:53:00
1742892840,31129.9,31162.2,31129.9,31162.2,4,2025-03-25 08:54:00
1742892900,31162.2,31162.2,31129.85,31129.85,5,2025-03-25 08:55:00
1742892960,31129.85,31160.4,31105.0,31152.85,46,2025-03-25 08:56:00
1742893020,31152.85,31152.85,31137.85,31140.6,7,2025-03-25 08:57:00
1742893080,31151.95,31151.95,31143.35,31143.35,2,2025-03-25 08:58:00
1742893140,31143.35,31145.75,31105.05,31105.05,6,2025-03-25 08:59:00
1742893200,31134.7,31166.7,31134.7,31166.7,3,2025-03-25 09:00:00
1742893260,31166.7,31166.7,31166.5,31166.5,1,2025-03-25 09:01:00
1742893320,31166.5,31166.5,31134.6,31134.6,4,2025-03-25 09:02:00
1742893380,31134.6,31134.6,31134.6,31134.6,0,2025-03-25 09:03:00
1742893440,31134.6,31159.05,31134.6,31159.05,3,2025-03-25 09:04:00
1742893500,31159.05,31170.65,31116.7,31170.65,50,2025-03-25 09:05:00
1742893560,31170.65,31170.7,31170.65,31170.7,1,2025-03-25 09:06:00
1742893620,31170.7,31254.95,31170.7,31212.45,54,2025-03-25 09:07:00
1742893680,31227.15,31227.15,31168.25,31213.05,14,2025-03-25 09:08:00
1742893740,31213.05,31213.05,31213.05,31213.05,0,2025-03-25 09:09:00
1742893800,31213.05,31213.05,31166.0,31210.0,10,2025-03-25 09:10:00
1742893860,31210.0,31210.05,31207.75,31209.8,3,2025-03-25 09:11:00
1742893920,31209.8,31212.9,31209.8,31212.9,9,2025-03-25 09:12:00
1742893980,31212.9,31212.9,31212.9,31212.9,12,2025-03-25 09:13:00
1742894040,31212.9,31212.9,31212.9,31212.9,0,2025-03-25 09:14:00
1742894100,31212.9,31212.9,31180.0,31180.0,6,2025-03-25 09:15:00
1742894160,31211.75,31211.75,31211.75,31211.75,2,2025-03-25 09:16:00
1742894220,31211.75,31250.0,31211.75,31249.95,50,2025-03-25 09:17:00
1742894280,31249.95,31249.95,31205.1,31225.3,5,2025-03-25 09:18:00
1742894340,31225.3,31225.3,31225.3,31225.3,0,2025-03-25 09:19:00
1742894400,31221.8,31223.25,31185.45,31185.45,3,2025-03-25 09:20:00
1742894460,31185.45,31185.45,31185.45,31185.45,0,2025-03-25 09:21:00
1742894520,31185.45,31223.0,31168.55,31223.0,15,2025-03-25 09:22:00
1742894580,31223.0,31223.0,31219.9,31219.9,1,2025-03-25 09:23:00
1742894640,31219.9,31225.0,31177.1,31224.75,4,2025-03-25 09:24:00
1742894700,31224.75,31224.75,31192.4,31207.35,5,2025-03-25 09:25:00
1742894760,31224.75,31238.6,31199.2,31219.5,18,2025-03-25 09:26:00
1742894820,31219.5,31260.0,31219.5,31229.25,45,2025-03-25 09:27:00
1742894880,31229.25,31249.65,31216.25,31236.2,10,2025-03-25 09:28:00
1742894940,31236.2,31264.45,31215.8,31264.45,11,2025-03-25 09:29:00
1742895000,31211.8,31248.5,31211.8,31247.05,25,2025-03-25 09:30:00
1742895060,31247.05,31263.65,31230.5,31263.65,6,2025-03-25 09:31:00
1742895120,31263.65,31265.0,31263.65,31265.0,19,2025-03-25 09:32:00
1742895180,31237.95,31252.05,31205.45,31205.45,11,2025-03-25 09:33:00
1742895240,31205.45,31229.7,31191.25,31228.6,5,2025-03-25 09:34:00
1742895300,31228.6,31228.65,31214.15,31217.25,3,2025-03-25 09:35:00
1742895360,31217.25,31240.6,31207.0,31207.0,26,2025-03-25 09:36:00
1742895420,31207.0,31250.0,31207.0,31219.9,29,2025-03-25 09:37:00
1742895480,31219.9,31229.6,31188.55,31188.55,9,2025-03-25 09:38:00
1742895540,31188.55,31188.55,31120.2,31120.2,129,2025-03-25 09:39:00
1742895600,31120.2,31120.2,31071.55,31088.5,69,2025-03-25 09:40:00
1742895660,31088.5,31116.15,31088.5,31090.15,8,2025-03-25 09:41:00
1742895720,31090.0,31117.4,31051.15,31061.65,32,2025-03-25 09:42:00
1742895780,31077.25,31077.25,30955.55,30974.6,129,2025-03-25 09:43:00
1742895840,30974.6,31059.65,30974.6,31048.2,25,2025-03-25 09:44:00
1742895900,31048.8,31048.8,30949.2,30964.8,41,2025-03-25 09:45:00
1742895960,30964.8,31122.05,30964.8,31100.0,59,2025-03-25 09:46:00
1742896020,31100.0,31100.0,31073.1,31100.0,60,2025-03-25 09:47:00
1742896080,31100.0,31100.0,31068.35,31100.0,49,2025-03-25 09:48:00
1742896140,31100.0,31149.7,31081.95,31089.35,87,2025-03-25 09:49:00
1742896200,31089.35,31116.65,31078.0,31087.75,54,2025-03-25 09:50:00
1742896260,31087.35,31087.35,31069.35,31087.15,16,2025-03-25 09:51:00
1742896320,31087.15,31141.9,31082.55,31106.9,24,2025-03-25 09:52:00
1742896380,31106.9,31107.0,31053.45,31107.0,30,2025-03-25 09:53:00
1742896440,31107.0,31153.85,31105.9,31143.25,27,2025-03-25 09:54:00
1742896500,31143.25,31153.85,31072.85,31098.65,23,2025-03-25 09:55:00
1742896560,31129.35,31154.0,31122.1,31152.0,27,2025-03-25 09:56:00
1742896620,31111.15,31151.7,31059.25,31116.45,27,2025-03-25 09:57:00
1742896680,31116.45,31116.45,31070.0,31070.0,29,2025-03-25 09:58:00
1742896740,31001.0,31150.5,31001.0,31150.0,12,2025-03-25 09:59:00
1742960700,31100.0,31100.0,30954.7,31062.45,16,2025-03-26 03:45:00
1742960760,31062.45,31083.45,30957.55,30957.55,30,2025-03-26 03:46:00
1742960820,30957.55,30957.55,30900.0,30956.2,14,2025-03-26 03:47:00
1742960880,30974.2,30974.2,30812.7,30899.7,46,2025-03-26 03:48:00
1742960940,30899.7,30899.7,30801.85,30801.85,70,2025-03-26 03:49:00
1742961000,30801.85,30843.65,30780.0,30793.55,24,2025-03-26 03:50:00
1742961060,30793.55,30846.55,30784.0,30784.0,36,2025-03-26 03:51:00
1742961120,30783.0,30800.0,30753.65,30800.0,38,2025-03-26 03:52:00
1742961180,30799.95,30862.5,30799.95,30862.5,41,2025-03-26 03:53:00
1742961240,30862.5,30892.05,30830.05,30835.0,30,2025-03-26 03:54:00
1742961300,30835.0,30839.25,30835.0,30839.25,1,2025-03-26 03:55:00
1742961360,30839.25,30880.0,30839.25,30880.0,23,2025-03-26 03:56:00
1742961420,30880.0,30893.45,30835.15,30893.45,22,2025-03-26 03:57:00
1742961480,30893.45,30905.8,30876.05,30876.05,20,2025-03-26 03:58:00
1742961540,30887.45,30931.3,30887.45,30931.3,45,2025-03-26 03:59:00
1742961600,30931.3,30931.3,30835.0,30884.75,30,2025-03-26 04:00:00
1742961660,30884.75,30884.75,30882.9,30882.9,3,2025-03-26 04:01:00
1742961720,30882.9,30882.9,30882.9,30882.9,0,2025-03-26 04:02:00
1742961780,30882.9,30882.9,30882.9,30882.9,1,2025-03-26 04:03:00
1742961840,30882.9,30909.8,30870.05,30882.9,7,2025-03-26 04:04:00
1742961900,30882.9,30882.9,30853.0,30853.0,15,2025-03-26 04:05:00
1742961960,30853.0,30853.0,30820.0,30820.0,15,2025-03-26 04:06:00
1742962020,30820.0,30843.2,30820.0,30843.2,12,2025-03-26 04:07:00
1742962080,30843.2,30843.2,30843.2,30843.2,0,2025-03-26 04:08:00
1742962140,30843.2,30849.75,30836.75,30836.75,5,2025-03-26 04:09:00
1742962200,30836.75,30836.75,30799.0,30799.1,18,2025-03-26 04:10:00
1742962260,30836.65,30836.65,30757.0,30757.0,134,2025-03-26 04:11:00
1742962320,30814.55,30814.55,30750.0,30799.05,45,2025-03-26 04:12:00
1742962380,30799.05,30799.05,30799.0,30799.0,3,2025-03-26 04:13:00
1742962440,30799.0,30822.15,30790.35,30817.85,11,2025-03-26 04:14:00
1742962500,30817.85,30817.85,30817.85,30817.85,0,2025-03-26 04:15:00
1742962560,30817.85,30817.85,30817.85,30817.85,0,2025-03-26 04:16:00
1742962620,30817.85,30817.85,30800.0,30800.0,2,2025-03-26 04:17:00
1742962680,30800.0,30800.0,30800.0,30800.0,0,2025-03-26 04:18:00
1742962740,30800.0,30800.0,30800.0,30800.0,0,2025-03-26 04:19:00
1742962800,30800.0,30800.0,30763.35,30763.35,11,2025-03-26 04:20:00
1742962860,30763.3,30836.75,30763.3,30836.75,24,2025-03-26 04:21:00
1742962920,30853.0,30926.9,30853.0,30888.85,68,2025-03-26 04:22:00
1742962980,30888.85,30888.85,30822.75,30823.9,17,2025-03-26 04:23:00
1742963040,30823.9,30849.8,30823.9,30849.8,7,2025-03-26 04:24:00
1742963100,30849.8,30849.8,30849.8,30849.8,0,2025-03-26 04:25:00
1742963160,30849.8,30889.6,30849.8,30889.6,1,2025-03-26 04:26:00
1742963220,30889.6,30920.55,30889.6,30890.5,2,2025-03-26 04:27:00
1742963280,30890.5,30949.8,30890.2,30949.8,22,2025-03-26 04:28:00
1742963340,30949.8,30949.8,30890.15,30890.15,1,2025-03-26 04:29:00
1742963400,30890.15,30890.15,30890.15,30890.15,0,2025-03-26 04:30:00
1742963460,30890.15,30900.0,30890.0,30900.0,4,2025-03-26 04:31:00
1742963520,30900.0,30931.65,30900.0,30905.05,10,2025-03-26 04:32:00
1742963580,30905.05,30908.15,30905.05,30908.15,5,2025-03-26 04:33:00
1742963640,30908.15,30908.15,30903.3,30903.3,8,2025-03-26 04:34:00
1742963700,30903.3,30934.45,30903.3,30903.3,3,2025-03-26 04:35:00
1742963760,30903.3,30931.0,30903.3,30931.0,2,2025-03-26 04:36:00
1742963820,30931.0,31168.25,30903.3,31168.25,150,2025-03-26 04:37:00
1742963880,31200.0,31249.8,31132.55,31188.1,98,2025-03-26 04:38:00
1742963940,31177.75,31200.0,31124.65,31155.0,174,2025-03-26 04:39:00
1742964000,31151.95,31152.95,31063.35,31152.95,67,2025-03-26 04:40:00
1742964060,31152.95,31200.0,31142.75,31200.0,77,2025-03-26 04:41:00
1742964120,31200.0,31221.5,31169.1,31184.75,37,2025-03-26 04:42:00
1742964180,31184.75,31237.35,31184.75,31237.1,34,2025-03-26 04:43:00
1742964240,31237.35,31237.4,31172.95,31172.95,22,2025-03-26 04:44:00
1742964300,31154.55,31177.85,31115.4,31154.55,60,2025-03-26 04:45:00
1742964360,31154.65,31213.4,31154.65,31209.25,16,2025-03-26 04:46:00
1742964420,31209.25,31229.7,31191.4,31229.7,15,2025-03-26 04:47:00
1742964480,31229.7,31237.0,31201.1,31206.55,23,2025-03-26 04:48:00
1742964540,31206.55,31220.65,31161.7,31161.7,37,2025-03-26 04:49:00
1742964600,31250.0,31250.0,31199.35,31208.15,23,2025-03-26 04:50:00
1742964660,31208.15,31230.0,31208.15,31230.0,12,2025-03-26 04:51:00
1742964720,31196.5,31213.0,31162.75,31187.55,12,2025-03-26 04:52:00
1742964780,31187.55,31210.9,31170.7,31170.7,27,2025-03-26 04:53:00
1742964840,31229.85,31229.85,31203.25,31203.25,11,2025-03-26 04:54:00
1742964900,31203.25,31219.95,31137.35,31218.4,26,2025-03-26 04:55:00
1742964960,31218.4,31229.0,31131.0,31141.6,44,2025-03-26 04:56:00
1742965020,31141.6,31196.15,31112.0,31112.0,8,2025-03-26 04:57:00
1742965080,31112.0,31121.05,31066.65,31076.45,30,2025-03-26 04:58:00
1742965140,31076.45,31093.55,31076.45,31093.55,3,2025-03-26 04:59:00
1742965200,31093.55,31107.2,31092.8,31107.2,4,2025-03-26 05:00:00
1742965260,31107.2,31107.2,31066.0,31066.0,27,2025-03-26 05:01:00
1742965320,31074.95,31136.05,31071.15,31123.15,29,2025-03-26 05:02:00
1742965380,31123.15,31123.15,31085.0,31085.0,4,2025-03-26 05:03:00
1742965440,31085.0,31089.0,31085.0,31089.0,1,2025-03-26 05:04:00
1742965500,31089.0,31126.25,31085.15,31098.8,25,2025-03-26 05:05:00
1742965560,31098.8,31140.1,31089.7,31095.9,28,2025-03-26 05:06:00
1742965620,31095.9,31118.7,31090.35,31118.7,17,2025-03-26 05:07:00
1742965680,31118.7,31165.35,31075.4,31165.35,32,2025-03-26 05:08:00
1742965740,31165.35,31165.35,31094.9,31149.95,7,2025-03-26 05:09:00
1742965800,31149.95,31149.95,31149.95,31149.95,0,2025-03-26 05:10:00
1742965860,31149.95,31149.95,31149.95,31149.95,0,2025-03-26 05:11:00
1742965920,31149.95,31149.95,31149.95,31149.95,0,2025-03-26 05:12:00
1742965980,31149.95,31149.95,31149.95,31149.95,0,2025-03-26 05:13:00
1742966040,31149.95,31149.95,31149.95,31149.95,0,2025-03-26 05:14:00
1742966100,31149.95,31149.95,31149.95,31149.95,0,2025-03-26 05:15:00
1742966160,31149.95,31154.95,31149.95,31154.95,5,2025-03-26 05:16:00
1742966220,31154.95,31168.95,31118.2,31152.35,32,2025-03-26 05:17:00
1742966280,31152.35,31200.0,31152.35,31155.0,10,2025-03-26 05:18:00
1742966340,31155.0,31179.95,31155.0,31179.95,1,2025-03-26 05:19:00
1742966400,31179.95,31179.95,31116.4,31141.7,36,2025-03-26 05:20:00
1742966460,31141.7,31149.95,31141.7,31149.95,1,2025-03-26 05:21:00
1742966520,31149.95,31149.95,31149.95,31149.95,0,2025-03-26 05:22:00
1742966580,31149.95,31171.4,31117.55,31171.4,40,2025-03-26 05:23:00
1742966640,31162.4,31178.7,31032.1,31032.1,74,2025-03-26 05:24:00
1742966700,31036.65,31085.95,31026.1,31059.25,30,2025-03-26 05:25:00
1742966760,31059.25,31095.05,31033.6,31045.45,22,2025-03-26 05:26:00
1742966820,31045.45,31083.7,31016.15,31016.15,4,2025-03-26 05:27:00
1742966880,31016.15,31045.7,31000.0,31017.6,11,2025-03-26 05:28:00
1742966940,31061.65,31061.65,31020.7,31020.7,3,2025-03-26 05:29:00
1742967000,31020.7,31020.7,31019.95,31019.95,2,2025-03-26 05:30:00
1742967060,31019.95,31019.95,31019.95,31019.95,0,2025-03-26 05:31:00
1742967120,31019.95,31044.45,31012.6,31012.6,42,2025-03-26 05:32:00
1742967180,31061.5,31087.7,31015.75,31015.75,21,2025-03-26 05:33:00
1742967240,31015.75,31073.5,31015.75,31036.0,9,2025-03-26 05:34:00
1742967300,31036.0,31060.45,31010.9,31060.45,18,2025-03-26 05:35:00
1742967360,31060.45,31114.45,31008.35,31114.45,16,2025-03-26 05:36:00
1742967420,31036.3,31038.65,31009.65,31009.65,7,2025-03-26 05:37:00
1742967480,31009.65,31037.7,31009.65,31037.7,1,2025-03-26 05:38:00
1742967540,31037.7,31037.7,31037.7,31037.7,0,2025-03-26 05:39:00
1742967600,31037.7,31037.7,31037.7,31037.7,0,2025-03-26 05:40:00
1742967660,31037.7,31069.1,31021.7,31058.2,15,2025-03-26 05:41:00
1742967720,31058.2,31068.25,30993.75,31008.3,15,2025-03-26 05:42:00
1742967780,31008.3,31008.3,31005.2,31005.2,1,2025-03-26 05:43:00
1742967840,31053.6,31053.6,30930.25,30930.25,89,2025-03-26 05:44:00
1742967900,30930.25,30983.05,30930.25,30940.95,13,2025-03-26 05:45:00
1742967960,30940.95,30990.85,30922.95,30922.95,7,2025-03-26 05:46:00
1742968020,30922.95,30922.95,30922.95,30922.95,0,2025-03-26 05:47:00
1742968080,30922.95,30955.0,30922.95,30955.0,1,2025-03-26 05:48:00
1742968140,30955.0,30955.0,30955.0,30955.0,0,2025-03-26 05:49:00
1742968200,30955.0,30955.0,30955.0,30955.0,0,2025-03-26 05:50:00
1742968260,30955.0,30988.95,30945.05,30988.95,2,2025-03-26 05:51:00
1742968320,30988.95,30988.95,30934.5,30937.6,4,2025-03-26 05:52:00
1742968380,30937.6,30990.7,30917.9,30917.9,4,2025-03-26 05:53:00
1742968440,30917.9,30989.85,30910.7,30981.05,11,2025-03-26 05:54:00
1742968500,30952.25,30990.35,30952.25,30990.35,2,2025-03-26 05:55:00
1742968560,30990.35,30990.35,30990.35,30990.35,0,2025-03-26 05:56:00
1742968620,30990.35,30990.35,30990.35,30990.35,0,2025-03-26 05:57:00
1742968680,30990.35,30990.35,30990.35,30990.35,0,2025-03-26 05:58:00
1742968740,30990.35,30990.35,30990.35,30990.35,0,2025-03-26 05:59:00
1742968800,30990.35,30990.35,30990.35,30990.35,0,2025-03-26 06:00:00
1742968860,30990.35,30990.35,30990.35,30990.35,0,2025-03-26 06:01:00
1742968920,30990.35,30990.35,30990.35,30990.35,0,2025-03-26 06:02:00
1742968980,30990.35,30990.35,30990.35,30990.35,0,2025-03-26 06:03:00
1742969040,30990.35,30990.35,30990.35,30990.35,0,2025-03-26 06:04:00
1742969100,30990.35,30990.35,30930.0,30939.75,6,2025-03-26 06:05:00
1742969160,30939.75,30939.75,30939.75,30939.75,1,2025-03-26 06:06:00
1742969220,30939.75,30979.95,30939.75,30979.95,2,2025-03-26 06:07:00
1742969280,30979.95,30979.95,30979.95,30979.95,0,2025-03-26 06:08:00
1742969340,30979.95,30979.95,30979.95,30979.95,0,2025-03-26 06:09:00
1742969400,30979.95,30979.95,30979.95,30979.95,0,2025-03-26 06:10:00
1742969460,30979.95,30979.95,30979.95,30979.95,0,2025-03-26 06:11:00
1742969520,30979.95,30979.95,30979.95,30979.95,0,2025-03-26 06:12:00
1742969580,30979.95,30979.95,30979.95,30979.95,0,2025-03-26 06:13:00
1742969640,30979.95,30979.95,30979.95,30979.95,0,2025-03-26 06:14:00
1742969700,30942.5,30942.5,30930.2,30930.2,6,2025-03-26 06:15:00
1742969760,30930.2,30930.2,30930.2,30930.2,0,2025-03-26 06:16:00
1742969820,30930.2,30930.2,30930.2,30930.2,2,2025-03-26 06:17:00
1742969880,30930.2,30930.2,30930.2,30930.2,0,2025-03-26 06:18:00
1742969940,30930.2,30930.2,30930.2,30930.2,3,2025-03-26 06:19:00
1742970000,30930.2,30974.6,30917.55,30959.15,33,2025-03-26 06:20:00
1742970060,30959.15,30977.75,30938.35,30947.1,6,2025-03-26 06:21:00
1742970120,30947.1,30947.1,30915.85,30915.85,2,2025-03-26 06:22:00
1742970180,30915.85,30915.85,30915.85,30915.85,0,2025-03-26 06:23:00
1742970240,30915.85,30917.75,30915.85,30916.3,9,2025-03-26 06:24:00
1742970300,30963.45,30963.45,30901.0,30935.95,14,2025-03-26 06:25:00
1742970360,30935.95,30954.2,30872.7,30926.6,45,2025-03-26 06:26:00
1742970420,30926.6,30939.2,30895.5,30939.2,12,2025-03-26 06:27:00
1742970480,30939.2,30939.2,30939.2,30939.2,0,2025-03-26 06:28:00
1742970540,30939.2,30939.2,30872.0,30872.0,4,2025-03-26 06:29:00
1742970600,30872.0,30872.0,30872.0,30872.0,1,2025-03-26 06:30:00
1742970660,30872.0,30927.7,30872.0,30889.7,5,2025-03-26 06:31:00
1742970720,30910.0,30910.0,30873.15,30873.15,4,2025-03-26 06:32:00
1742970780,30873.15,30909.45,30873.15,30909.45,1,2025-03-26 06:33:00
1742970840,30909.45,30909.45,30909.45,30909.45,0,2025-03-26 06:34:00
1742970900,30872.0,30926.7,30872.0,30882.55,6,2025-03-26 06:35:00
1742970960,30882.55,30926.8,30882.55,30926.8,3,2025-03-26 06:36:00
1742971020,30926.8,30926.8,30926.8,30926.8,0,2025-03-26 06:37:00
1742971080,30895.55,30895.55,30895.55,30895.55,1,2025-03-26 06:38:00
1742971140,30895.55,30895.55,30895.55,30895.55,0,2025-03-26 06:39:00
1742971200,30895.55,30931.95,30890.5,30931.95,6,2025-03-26 06:40:00
1742971260,30931.95,30931.95,30931.95,30931.95,0,2025-03-26 06:41:00
1742971320,30931.95,30970.0,30895.55,30970.0,20,2025-03-26 06:42:00
1742971380,30970.0,30970.0,30970.0,30970.0,0,2025-03-26 06:43:00
1742971440,30970.0,30970.0,30970.0,30970.0,0,2025-03-26 06:44:00
1742971500,30970.0,30970.0,30922.95,30922.95,3,2025-03-26 06:45:00
1742971560,30922.95,30922.95,30922.95,30922.95,0,2025-03-26 06:46:00
1742971620,30922.95,30922.95,30922.95,30922.95,0,2025-03-26 06:47:00
1742971680,30922.95,30922.95,30922.95,30922.95,0,2025-03-26 06:48:00
1742971740,30922.95,30922.95,30636.85,30698.95,481,2025-03-26 06:49:00
1742971800,30698.95,30698.95,30636.0,30636.0,24,2025-03-26 06:50:00
1742971860,30636.0,30694.95,30636.0,30655.25,19,2025-03-26 06:51:00
1742971920,30699.7,30711.5,30657.2,30658.95,166,2025-03-26 06:52:00
1742971980,30655.0,30681.65,30636.0,30636.65,39,2025-03-26 06:53:00
1742972040,30636.65,30696.0,30636.65,30637.2,17,2025-03-26 06:54:00
1742972100,30637.2,30698.5,30637.2,30638.15,24,2025-03-26 06:55:00
1742972160,30678.9,30698.15,30640.2,30642.8,29,2025-03-26 06:56:00
1742972220,30642.8,30699.8,30642.8,30648.2,16,2025-03-26 06:57:00
1742972280,30648.2,30699.85,30645.2,30650.0,17,2025-03-26 06:58:00
1742972340,30650.0,30694.9,30650.0,30651.1,18,2025-03-26 06:59:00
1742972400,30652.0,30695.0,30650.0,30652.2,39,2025-03-26 07:00:00
1742972460,30652.2,30699.75,30652.2,30699.75,10,2025-03-26 07:01:00
1742972520,30699.75,30699.75,30566.1,30611.85,120,2025-03-26 07:02:00
1742972580,30611.85,30692.25,30611.85,30692.25,25,2025-03-26 07:03:00
1742972640,30692.25,30698.15,30598.1,30598.1,12,2025-03-26 07:04:00
1742972700,30598.1,30633.2,30598.1,30633.2,10,2025-03-26 07:05:00
1742972760,30633.2,30642.2,30587.15,30610.15,8,2025-03-26 07:06:00
1742972820,30610.15,30633.7,30555.6,30633.7,13,2025-03-26 07:07:00
1742972880,30633.7,30634.4,30620.0,30620.0,5,2025-03-26 07:08:00
1742972940,30620.0,30620.0,30620.0,30620.0,0,2025-03-26 07:09:00
1742973000,30620.0,30620.0,30620.0,30620.0,0,2025-03-26 07:10:00
1742973060,30620.0,30638.65,30595.2,30638.65,20,2025-03-26 07:11:00
1742973120,30638.65,30638.65,30638.65,30638.65,0,2025-03-26 07:12:00
1742973180,30638.65,30638.7,30600.2,30620.0,5,2025-03-26 07:13:00
1742973240,30620.0,30642.85,30600.0,30642.85,3,2025-03-26 07:14:00
1742973300,30642.85,30642.85,30600.8,30623.1,24,2025-03-26 07:15:00
1742973360,30607.1,30641.7,30600.0,30600.0,21,2025-03-26 07:16:00
1742973420,30600.0,30657.9,30600.0,30657.9,2,2025-03-26 07:17:00
1742973480,30657.9,30657.9,30657.2,30657.9,3,2025-03-26 07:18:00
1742973540,30657.9,30674.55,30621.05,30674.55,17,2025-03-26 07:19:00
1742973600,30674.55,30674.55,30621.8,30621.8,3,2025-03-26 07:20:00
1742973660,30621.8,30674.55,30621.8,30632.7,15,2025-03-26 07:21:00
1742973720,30632.7,30674.5,30632.7,30674.5,1,2025-03-26 07:22:00
1742973780,30674.5,30674.5,30625.05,30674.5,10,2025-03-26 07:23:00
1742973840,30674.5,30689.9,30651.1,30689.9,7,2025-03-26 07:24:00
1742973900,30689.9,30689.9,30673.25,30673.25,1,2025-03-26 07:25:00
1742973960,30673.25,30673.25,30673.25,30673.25,0,2025-03-26 07:26:00
1742974020,30673.25,30673.25,30650.5,30650.5,3,2025-03-26 07:27:00
1742974080,30650.5,30650.5,30650.5,30650.5,0,2025-03-26 07:28:00
1742974140,30650.5,30667.9,30650.45,30667.9,2,2025-03-26 07:29:00
1742974200,30667.9,30667.9,30667.9,30667.9,0,2025-03-26 07:30:00
1742974260,30667.9,30667.9,30667.9,30667.9,0,2025-03-26 07:31:00
1742974320,30667.9,30667.9,30667.9,30667.9,0,2025-03-26 07:32:00
1742974380,30667.9,30667.9,30650.5,30650.5,1,2025-03-26 07:33:00
1742974440,30650.5,30683.6,30650.5,30683.6,1,2025-03-26 07:34:00
1742974500,30683.6,30683.6,30600.8,30600.8,55,2025-03-26 07:35:00
1742974560,30624.25,30659.9,30600.9,30650.0,23,2025-03-26 07:36:00
1742974620,30650.0,30667.0,30650.0,30667.0,1,2025-03-26 07:37:00
1742974680,30667.0,30679.5,30667.0,30679.5,1,2025-03-26 07:38:00
1742974740,30679.5,30679.5,30607.55,30664.3,14,2025-03-26 07:39:00
1742974800,30664.3,30664.3,30664.3,30664.3,0,2025-03-26 07:40:00
1742974860,30664.3,30664.3,30664.3,30664.3,0,2025-03-26 07:41:00
1742974920,30664.3,30664.3,30618.5,30618.5,2,2025-03-26 07:42:00
1742974980,30618.5,30679.45,30618.5,30679.0,4,2025-03-26 07:43:00
1742975040,30679.0,30679.0,30678.5,30678.5,1,2025-03-26 07:44:00
1742975100,30678.5,30678.5,30618.2,30677.45,3,2025-03-26 07:45:00
1742975160,30677.45,30677.45,30641.0,30641.0,3,2025-03-26 07:46:00
1742975220,30679.45,30679.5,30634.55,30679.5,6,2025-03-26 07:47:00
1742975280,30679.5,30679.5,30679.5,30679.5,0,2025-03-26 07:48:00
1742975340,30679.5,30679.5,30640.0,30640.0,1,2025-03-26 07:49:00
1742975400,30640.0,30679.5,30640.0,30679.5,1,2025-03-26 07:50:00
1742975460,30679.5,30679.5,30644.25,30644.25,3,2025-03-26 07:51:00
1742975520,30644.25,30679.5,30625.35,30673.8,16,2025-03-26 07:52:00
1742975580,30673.8,30673.85,30673.8,30673.85,1,2025-03-26 07:53:00
1742975640,30673.85,30673.85,30630.0,30630.15,5,2025-03-26 07:54:00
1742975700,30630.15,30630.5,30630.15,30630.5,1,2025-03-26 07:55:00
1742975760,30630.5,30674.0,30630.5,30674.0,2,2025-03-26 07:56:00
1742975820,30674.0,30674.0,30638.9,30638.9,1,2025-03-26 07:57:00
1742975880,30670.0,30700.0,30670.0,30695.0,22,2025-03-26 07:58:00
1742975940,30695.0,30695.0,30655.1,30655.1,1,2025-03-26 07:59:00
1742976000,30695.0,30695.0,30695.0,30695.0,1,2025-03-26 08:00:00
1742976060,30695.0,30695.0,30695.0,30695.0,0,2025-03-26 08:01:00
1742976120,30695.0,30695.0,30650.0,30680.85,26,2025-03-26 08:02:00
1742976180,30680.85,30680.85,30680.85,30680.85,0,2025-03-26 08:03:00
1742976240,30680.85,30689.85,30640.0,30643.95,5,2025-03-26 08:04:00
1742976300,30643.95,30667.1,30643.95,30667.1,1,2025-03-26 08:05:00
1742976360,30667.1,30667.1,30667.1,30667.1,0,2025-03-26 08:06:00
1742976420,30667.1,30686.5,30650.0,30669.2,5,2025-03-26 08:07:00
1742976480,30669.2,30669.2,30644.0,30644.0,3,2025-03-26 08:08:00
1742976540,30659.3,30687.45,30659.3,30666.75,9,2025-03-26 08:09:00
1742976600,30666.75,30666.75,30655.3,30655.3,2,2025-03-26 08:10:00
1742976660,30655.3,30655.3,30630.5,30630.5,2,2025-03-26 08:11:00
1742976720,30630.5,30659.6,30630.5,30648.35,2,2025-03-26 08:12:00
1742976780,30648.35,30648.35,30648.35,30648.35,0,2025-03-26 08:13:00
1742976840,30648.35,30663.85,30648.35,30662.1,2,2025-03-26 08:14:00
1742976900,30662.1,30662.1,30630.5,30646.25,10,2025-03-26 08:15:00
1742976960,30646.25,30646.25,30610.5,30610.5,1,2025-03-26 08:16:00
1742977020,30610.5,30647.7,30610.5,30620.6,2,2025-03-26 08:17:00
1742977080,30620.6,30620.6,30620.6,30620.6,0,2025-03-26 08:18:00
1742977140,30620.6,30620.7,30620.6,30620.7,1,2025-03-26 08:19:00
1742977200,30620.7,30620.7,30620.05,30620.05,1,2025-03-26 08:20:00
1742977260,30620.05,30620.2,30620.05,30620.2,1,2025-03-26 08:21:00
1742977320,30620.2,30664.5,30620.0,30620.2,14,2025-03-26 08:22:00
1742977380,30620.2,30620.2,30620.2,30620.2,1,2025-03-26 08:23:00
1742977440,30620.2,30666.7,30620.2,30666.7,4,2025-03-26 08:24:00
1742977500,30666.7,30666.7,30629.65,30629.65,1,2025-03-26 08:25:00
1742977560,30629.65,30665.4,30629.65,30665.4,1,2025-03-26 08:26:00
1742977620,30665.4,30665.4,30646.8,30646.8,1,2025-03-26 08:27:00
1742977680,30646.8,30664.7,30630.2,30630.2,3,2025-03-26 08:28:00
1742977740,30630.2,30664.7,30629.7,30664.7,13,2025-03-26 08:29:00
1742977800,30664.7,30666.0,30629.65,30629.65,19,2025-03-26 08:30:00
1742977860,30629.65,30666.0,30629.65,30666.0,5,2025-03-26 08:31:00
1742977920,30666.0,30699.85,30666.0,30699.85,17,2025-03-26 08:32:00
1742977980,30699.85,30870.35,30678.95,30870.35,225,2025-03-26 08:33:00
1742978040,30870.35,30886.85,30809.5,30874.95,60,2025-03-26 08:34:00
1742978100,30827.5,30955.75,30827.5,30916.6,112,2025-03-26 08:35:00
1742978160,30882.7,30934.15,30867.4,30916.6,47,2025-03-26 08:36:00
1742978220,30938.3,30938.3,30873.2,30916.6,20,2025-03-26 08:37:00
1742978280,30879.5,30932.0,30879.5,30929.8,14,2025-03-26 08:38:00
1742978340,30929.8,30968.85,30916.85,30951.7,57,2025-03-26 08:39:00
1742978400,30951.7,30973.0,30934.3,30934.3,10,2025-03-26 08:40:00
1742978460,30934.3,30967.85,30916.65,30967.85,6,2025-03-26 08:41:00
1742978520,30967.85,30967.85,30917.55,30917.55,6,2025-03-26 08:42:00
1742978580,30960.0,30962.7,30960.0,30960.0,3,2025-03-26 08:43:00
1742978640,30923.0,30923.0,30923.0,30923.0,2,2025-03-26 08:44:00
1742978700,30967.8,30967.8,30935.95,30967.1,7,2025-03-26 08:45:00
1742978760,30967.1,30967.15,30651.2,30699.75,300,2025-03-26 08:46:00
1742978820,30699.75,30700.0,30675.5,30700.0,89,2025-03-26 08:47:00
1742978880,30700.0,30714.1,30651.65,30700.0,165,2025-03-26 08:48:00
1742978940,30700.0,30700.0,30699.3,30699.8,67,2025-03-26 08:49:00
1742979000,30699.85,30700.0,30699.8,30699.8,36,2025-03-26 08:50:00
1742979060,30699.8,30714.25,30699.8,30700.0,26,2025-03-26 08:51:00
1742979120,30700.0,30700.0,30670.9,30700.0,34,2025-03-26 08:52:00
1742979180,30668.3,30700.0,30668.3,30700.0,71,2025-03-26 08:53:00
1742979240,30700.0,30700.0,30668.65,30700.0,49,2025-03-26 08:54:00
1742979300,30699.95,30700.0,30699.95,30700.0,27,2025-03-26 08:55:00
1742979360,30700.0,30700.0,30655.05,30660.3,21,2025-03-26 08:56:00
1742979420,30660.3,30674.0,30640.0,30641.2,71,2025-03-26 08:57:00
1742979480,30664.85,30682.75,30664.85,30682.75,5,2025-03-26 08:58:00
1742979540,30682.75,30682.75,30645.75,30662.45,14,2025-03-26 08:59:00
1742979600,30662.45,30662.5,30635.15,30642.45,50,2025-03-26 09:00:00
1742979660,30642.45,30700.0,30642.45,30700.0,23,2025-03-26 09:01:00
1742979720,30700.0,30700.0,30684.2,30684.2,2,2025-03-26 09:02:00
1742979780,30684.2,30684.2,30655.65,30655.65,3,2025-03-26 09:03:00
1742979840,30655.65,30700.0,30655.0,30700.0,35,2025-03-26 09:04:00
1742979900,30700.0,30700.0,30700.0,30700.0,3,2025-03-26 09:05:00
1742979960,30700.0,30700.0,30655.05,30700.0,4,2025-03-26 09:06:00
1742980020,30700.0,30700.0,30662.55,30700.0,35,2025-03-26 09:07:00
1742980080,30700.0,30700.0,30700.0,30700.0,0,2025-03-26 09:08:00
1742980140,30700.0,30700.0,30675.0,30675.0,2,2025-03-26 09:09:00
1742980200,30675.0,30699.85,30675.0,30675.05,3,2025-03-26 09:10:00
1742980260,30675.05,30700.0,30660.0,30660.0,9,2025-03-26 09:11:00
1742980320,30674.95,30700.0,30674.95,30675.0,14,2025-03-26 09:12:00
1742980380,30675.0,30675.0,30675.0,30675.0,1,2025-03-26 09:13:00
1742980440,30675.0,30700.0,30675.0,30700.0,4,2025-03-26 09:14:00
1742980500,30671.2,30700.0,30671.2,30675.0,4,2025-03-26 09:15:00
1742980560,30675.0,30700.0,30675.0,30700.0,4,2025-03-26 09:16:00
1742980620,30700.0,30720.0,30675.0,30700.0,722,2025-03-26 09:17:00
1742980680,30700.0,30831.85,30675.0,30768.45,241,2025-03-26 09:18:00
1742980740,30768.45,30850.1,30768.45,30850.1,67,2025-03-26 09:19:00
1742980800,30850.1,30925.65,30838.85,30846.65,95,2025-03-26 09:20:00
1742980860,30846.65,30918.0,30663.25,30663.25,342,2025-03-26 09:21:00
1742980920,30699.7,30700.0,30655.55,30655.55,76,2025-03-26 09:22:00
1742980980,30655.55,30677.2,30608.25,30677.2,36,2025-03-26 09:23:00
1742981040,30677.2,30685.0,30650.9,30669.65,45,2025-03-26 09:24:00
1742981100,30669.65,30674.7,30619.0,30654.55,15,2025-03-26 09:25:00
1742981160,30654.55,30667.2,30619.35,30667.2,4,2025-03-26 09:26:00
1742981220,30667.2,30667.2,30619.35,30638.9,2,2025-03-26 09:27:00
1742981280,30638.9,30657.35,30614.6,30614.6,6,2025-03-26 09:28:00
1742981340,30614.6,30647.8,30614.6,30626.2,27,2025-03-26 09:29:00
1742981400,30605.55,30622.8,30580.05,30612.25,31,2025-03-26 09:30:00
1742981460,30612.25,30616.55,30575.35,30610.6,11,2025-03-26 09:31:00
1742981520,30610.6,30638.05,30560.0,30638.05,13,2025-03-26 09:32:00
1742981580,30638.05,30642.2,30623.8,30642.2,22,2025-03-26 09:33:00
1742981640,30642.2,30651.9,30642.2,30651.9,8,2025-03-26 09:34:00
1742981700,30651.9,30675.0,30631.3,30656.95,17,2025-03-26 09:35:00
1742981760,30641.15,30679.85,30641.15,30679.85,30,2025-03-26 09:36:00
1742981820,30679.85,30679.85,30646.2,30647.95,26,2025-03-26 09:37:00
1742981880,30647.95,30647.95,30633.55,30633.55,3,2025-03-26 09:38:00
1742981940,30633.55,30633.55,30633.55,30633.55,1,2025-03-26 09:39:00
1742982000,30600.5,30643.25,30600.5,30642.85,35,2025-03-26 09:40:00
1742982060,30600.6,30634.5,30600.0,30629.8,10,2025-03-26 09:41:00
1742982120,30629.8,30629.8,30600.0,30629.2,8,2025-03-26 09:42:00
1742982180,30629.2,30629.2,30600.0,30619.95,3,2025-03-26 09:43:00
1742982240,30619.95,30642.95,30610.0,30636.8,31,2025-03-26 09:44:00
1742982300,30636.8,30639.8,30605.1,30622.55,8,2025-03-26 09:45:00
1742982360,30622.55,30650.0,30600.0,30600.15,43,2025-03-26 09:46:00
1742982420,30600.05,30649.85,30586.75,30586.75,53,2025-03-26 09:47:00
1742982480,30586.75,30607.95,30555.0,30555.0,69,2025-03-26 09:48:00
1742982540,30607.85,30607.85,30545.8,30601.8,35,2025-03-26 09:49:00
1742982600,30601.8,30601.8,30501.05,30501.05,44,2025-03-26 09:50:00
1742982660,30502.0,30600.4,30500.0,30574.85,56,2025-03-26 09:51:00
1742982720,30574.85,30599.75,30574.55,30599.75,6,2025-03-26 09:52:00
1742982780,30599.75,30599.75,30564.15,30582.95,33,2025-03-26 09:53:00
1742982840,30589.95,30589.95,30510.1,30570.0,13,2025-03-26 09:54:00
1742982900,30570.0,30589.85,30509.85,30509.85,7,2025-03-26 09:55:00
1742982960,30509.85,30579.95,30509.85,30579.95,28,2025-03-26 09:56:00
1742983020,30580.0,30624.7,30512.0,30512.0,33,2025-03-26 09:57:00
1742983080,30512.05,30646.0,30512.05,30540.05,47,2025-03-26 09:58:00
1742983140,30540.05,30600.0,30515.1,30600.0,30,2025-03-26 09:59:00
1743047100,30300.15,30428.8,30209.05,30274.9,113,2025-03-27 03:45:00
1743047160,30298.85,30300.0,30237.25,30256.2,57,2025-03-27 03:46:00
1743047220,30256.2,30303.35,30200.4,30303.35,41,2025-03-27 03:47:00
1743047280,30303.35,30336.35,30296.5,30321.5,38,2025-03-27 03:48:00
1743047340,30381.45,30428.95,30332.35,30374.55,79,2025-03-27 03:49:00
1743047400,30374.55,30466.4,30374.55,30427.0,36,2025-03-27 03:50:00
1743047460,30427.0,30498.2,30427.0,30472.45,28,2025-03-27 03:51:00
1743047520,30499.5,30554.65,30498.1,30516.65,31,2025-03-27 03:52:00
1743047580,30516.65,30519.15,30505.0,30505.0,16,2025-03-27 03:53:00
1743047640,30570.75,30575.65,30515.5,30573.75,47,2025-03-27 03:54:00
1743047700,30565.2,30600.0,30565.2,30570.0,45,2025-03-27 03:55:00
1743047760,30570.0,30599.85,30509.4,30560.65,64,2025-03-27 03:56:00
1743047820,30560.65,30560.65,30498.95,30513.05,90,2025-03-27 03:57:00
1743047880,30515.8,30515.8,30490.75,30490.75,12,2025-03-27 03:58:00
1743047940,30452.4,30452.4,30364.5,30371.35,64,2025-03-27 03:59:00
1743048000,30300.0,30348.6,30300.0,30345.15,73,2025-03-27 04:00:00
1743048060,30301.85,30407.55,30301.85,30407.55,22,2025-03-27 04:01:00
1743048120,30407.55,30407.55,30328.95,30328.95,14,2025-03-27 04:02:00
1743048180,30328.95,30339.8,30324.65,30339.8,53,2025-03-27 04:03:00
1743048240,30339.8,30446.8,30339.8,30422.75,27,2025-03-27 04:04:00
1743048300,30422.75,30422.75,30380.3,30380.3,8,2025-03-27 04:05:00
1743048360,30380.3,30382.9,30380.3,30382.9,5,2025-03-27 04:06:00
1743048420,30382.9,30429.9,30366.15,30366.15,30,2025-03-27 04:07:00
1743048480,30366.15,30449.85,30366.15,30402.35,54,2025-03-27 04:08:00
1743048540,30402.35,30402.35,30381.95,30381.95,5,2025-03-27 04:09:00
1743048600,30381.95,30381.95,30301.0,30301.0,43,2025-03-27 04:10:00
1743048660,30301.0,30529.9,30301.0,30423.55,136,2025-03-27 04:11:00
1743048720,30442.55,30555.35,30442.55,30555.35,76,2025-03-27 04:12:00
1743048780,30555.35,30600.0,30555.0,30559.15,33,2025-03-27 04:13:00
1743048840,30559.15,30600.0,30559.15,30564.25,26,2025-03-27 04:14:00
1743048900,30564.25,30580.15,30538.0,30538.0,13,2025-03-27 04:15:00
1743048960,30538.0,30588.05,30538.0,30569.35,13,2025-03-27 04:16:00
1743049020,30569.35,30569.35,30542.65,30542.65,6,2025-03-27 04:17:00
1743049080,30506.0,30506.0,30416.55,30416.55,146,2025-03-27 04:18:00
1743049140,30416.55,30464.45,30416.55,30456.85,15,2025-03-27 04:19:00
1743049200,30456.85,30475.05,30430.0,30464.7,10,2025-03-27 04:20:00
1743049260,30432.8,30536.2,30432.8,30516.5,78,2025-03-27 04:21:00
1743049320,30502.15,30547.25,30502.15,30506.4,11,2025-03-27 04:22:00
1743049380,30506.4,30550.0,30500.3,30550.0,10,2025-03-27 04:23:00
1743049440,30550.0,30550.0,30501.0,30548.7,8,2025-03-27 04:24:00
1743049500,30511.1,30541.7,30485.4,30485.4,12,2025-03-27 04:25:00
1743049560,30485.4,30529.7,30485.4,30523.9,11,2025-03-27 04:26:00
1743049620,30523.9,30524.2,30469.25,30469.25,25,2025-03-27 04:27:00
1743049680,30469.25,30519.1,30469.25,30498.0,10,2025-03-27 04:28:00
1743049740,30498.0,30557.6,30498.0,30529.15,9,2025-03-27 04:29:00
1743049800,30566.1,30575.8,30530.25,30575.8,9,2025-03-27 04:30:00
1743049860,30519.1,30553.7,30497.9,30518.3,12,2025-03-27 04:31:00
1743049920,30518.3,30560.55,30509.9,30516.9,7,2025-03-27 04:32:00
1743049980,30516.9,30565.35,30504.45,30512.6,30,2025-03-27 04:33:00
1743050040,30512.6,30541.6,30487.45,30512.9,13,2025-03-27 04:34:00
1743050100,30512.9,30541.4,30500.15,30515.1,9,2025-03-27 04:35:00
1743050160,30515.05,30554.95,30506.2,30546.15,8,2025-03-27 04:36:00
1743050220,30517.4,30546.0,30508.95,30511.15,9,2025-03-27 04:37:00
1743050280,30511.15,30525.45,30511.0,30511.0,8,2025-03-27 04:38:00
1743050340,30511.0,30564.5,30511.0,30537.75,9,2025-03-27 04:39:00
1743050400,30537.75,30542.3,30511.0,30511.0,8,2025-03-27 04:40:00
1743050460,30511.0,30538.35,30511.0,30538.35,15,2025-03-27 04:41:00
1743050520,30538.35,30538.5,30511.0,30511.0,10,2025-03-27 04:42:00
1743050580,30511.0,30543.0,30511.0,30511.0,8,2025-03-27 04:43:00
1743050640,30511.0,30548.15,30467.15,30519.4,26,2025-03-27 04:44:00
1743050700,30519.4,30519.4,30494.8,30494.8,13,2025-03-27 04:45:00
1743050760,30514.9,30525.25,30494.9,30494.9,11,2025-03-27 04:46:00
1743050820,30494.9,30501.0,30430.15,30430.15,24,2025-03-27 04:47:00
1743050880,30430.15,30430.15,30377.15,30403.35,21,2025-03-27 04:48:00
1743050940,30400.35,30437.45,30400.35,30404.75,7,2025-03-27 04:49:00
1743051000,30404.75,30426.4,30404.75,30404.75,6,2025-03-27 04:50:00
1743051060,30404.75,30465.0,30404.75,30443.45,46,2025-03-27 04:51:00
1743051120,30408.9,30454.9,30408.9,30412.65,9,2025-03-27 04:52:00
1743051180,30444.15,30449.15,30410.6,30426.7,89,2025-03-27 04:53:00
1743051240,30426.7,30553.0,30423.65,30517.35,131,2025-03-27 04:54:00
1743051300,30489.05,30537.45,30481.55,30488.75,9,2025-03-27 04:55:00
1743051360,30488.75,30505.5,30457.75,30457.75,7,2025-03-27 04:56:00
1743051420,30457.75,30501.4,30443.45,30448.7,9,2025-03-27 04:57:00
1743051480,30448.7,30509.1,30448.7,30484.25,7,2025-03-27 04:58:00
1743051540,30484.25,30529.2,30484.25,30500.5,12,2025-03-27 04:59:00
1743051600,30500.5,30550.0,30490.0,30498.2,34,2025-03-27 05:00:00
1743051660,30498.2,30542.65,30474.45,30474.45,8,2025-03-27 05:01:00
1743051720,30474.45,30510.55,30474.0,30481.55,8,2025-03-27 05:02:00
1743051780,30481.55,30534.8,30476.1,30531.15,8,2025-03-27 05:03:00
1743051840,30494.9,30500.0,30464.15,30500.0,44,2025-03-27 05:04:00
1743051900,30500.0,30500.0,30449.6,30496.65,15,2025-03-27 05:05:00
1743051960,30496.65,30525.95,30470.25,30509.35,11,2025-03-27 05:06:00
1743052020,30509.35,30537.1,30484.1,30488.55,8,2025-03-27 05:07:00
1743052080,30530.05,30545.0,30513.4,30514.15,17,2025-03-27 05:08:00
1743052140,30514.15,30565.7,30504.9,30559.05,32,2025-03-27 05:09:00
1743052200,30513.55,30542.9,30487.95,30526.85,9,2025-03-27 05:10:00
1743052260,30526.85,30544.55,30520.9,30525.9,14,2025-03-27 05:11:00
1743052320,30525.9,30566.35,30486.9,30502.4,10,2025-03-27 05:12:00
1743052380,30502.4,30566.35,30502.4,30541.6,9,2025-03-27 05:13:00
1743052440,30541.6,30554.75,30472.3,30515.4,24,2025-03-27 05:14:00
1743052500,30515.4,30564.85,30503.9,30564.85,23,2025-03-27 05:15:00
1743052560,30564.85,30564.85,30516.15,30533.8,8,2025-03-27 05:16:00
1743052620,30533.8,30550.3,30516.0,30516.0,13,2025-03-27 05:17:00
1743052680,30516.0,30556.55,30449.65,30522.6,50,2025-03-27 05:18:00
1743052740,30499.35,30560.0,30499.35,30514.25,18,2025-03-27 05:19:00
1743052800,30514.25,30554.3,30514.25,30521.45,8,2025-03-27 05:20:00
1743052860,30536.8,30560.0,30536.8,30560.0,6,2025-03-27 05:21:00
1743052920,30548.3,30569.9,30526.3,30526.3,31,2025-03-27 05:22:00
1743052980,30526.3,30569.8,30526.3,30544.05,15,2025-03-27 05:23:00
1743053040,30544.05,30565.25,30520.3,30522.8,8,2025-03-27 05:24:00
1743053100,30534.85,30554.1,30534.85,30539.45,5,2025-03-27 05:25:00
1743053160,30520.1,30565.65,30520.05,30565.65,20,2025-03-27 05:26:00
1743053220,30532.85,30569.55,30523.25,30524.15,10,2025-03-27 05:27:00
1743053280,30524.15,30552.95,30520.05,30520.05,14,2025-03-27 05:28:00
1743053340,30520.05,30568.6,30520.05,30526.2,6,2025-03-27 05:29:00
1743053400,30526.2,30569.9,30520.2,30538.8,17,2025-03-27 05:30:00
1743053460,30538.8,30569.9,30538.8,30557.15,4,2025-03-27 05:31:00
1743053520,30557.15,30562.15,30532.1,30532.15,11,2025-03-27 05:32:00
1743053580,30523.1,30554.95,30523.1,30554.95,35,2025-03-27 05:33:00
1743053640,30525.4,30555.0,30525.2,30526.05,9,2025-03-27 05:34:00
1743053700,30526.05,30555.0,30525.0,30525.0,4,2025-03-27 05:35:00
1743053760,30525.0,30561.6,30525.0,30543.8,14,2025-03-27 05:36:00
1743053820,30543.8,30543.8,30520.05,30520.05,4,2025-03-27 05:37:00
1743053880,30520.05,30560.45,30520.05,30550.3,4,2025-03-27 05:38:00
1743053940,30550.3,30567.95,30550.3,30550.35,4,2025-03-27 05:39:00
1743054000,30550.3,30567.95,30550.3,30550.35,5,2025-03-27 05:40:00
1743054060,30550.35,30567.85,30528.15,30546.1,10,2025-03-27 05:41:00
1743054120,30568.0,30568.0,30529.0,30539.5,12,2025-03-27 05:42:00
1743054180,30539.5,30569.9,30539.5,30550.0,13,2025-03-27 05:43:00
1743054240,30550.0,30565.4,30521.05,30531.3,32,2025-03-27 05:44:00
1743054300,30531.3,30640.0,30523.4,30617.5,107,2025-03-27 05:45:00
1743054360,30617.5,30639.0,30566.05,30580.2,135,2025-03-27 05:46:00
1743054420,30580.2,30632.2,30580.2,30585.0,7,2025-03-27 05:47:00
1743054480,30585.0,30628.55,30580.25,30603.55,17,2025-03-27 05:48:00
1743054540,30603.55,30622.85,30521.05,30521.05,58,2025-03-27 05:49:00
1743054600,30521.05,30566.95,30521.05,30535.35,11,2025-03-27 05:50:00
1743054660,30521.0,30563.15,30521.0,30563.15,17,2025-03-27 05:51:00
1743054720,30542.8,30573.55,30521.0,30521.0,12,2025-03-27 05:52:00
1743054780,30521.0,30557.0,30521.0,30551.2,16,2025-03-27 05:53:00
1743054840,30551.2,30560.7,30500.0,30500.0,55,2025-03-27 05:54:00
1743054900,30500.0,30536.2,30500.0,30506.35,8,2025-03-27 05:55:00
1743054960,30506.35,30550.6,30505.2,30550.6,17,2025-03-27 05:56:00
1743055020,30550.6,30550.6,30493.95,30501.35,33,2025-03-27 05:57:00
1743055080,30501.35,30537.85,30488.05,30518.25,16,2025-03-27 05:58:00
1743055140,30518.25,30535.45,30504.3,30505.25,7,2025-03-27 05:59:00
1743055200,30505.25,30539.75,30505.15,30530.1,23,2025-03-27 06:00:00
1743055260,30496.55,30564.55,30496.55,30564.55,47,2025-03-27 06:01:00
1743055320,30564.55,30569.6,30541.85,30541.85,8,2025-03-27 06:02:00
1743055380,30541.85,30568.4,30528.5,30568.05,17,2025-03-27 06:03:00
1743055440,30568.05,30590.5,30540.0,30540.2,12,2025-03-27 06:04:00
1743055500,30540.2,30576.7,30540.2,30568.35,16,2025-03-27 06:05:00
1743055560,30568.35,30591.45,30553.4,30565.4,8,2025-03-27 06:06:00
1743055620,30565.3,30585.8,30547.7,30547.7,19,2025-03-27 06:07:00
1743055680,30547.7,30590.8,30545.0,30553.7,8,2025-03-27 06:08:00
1743055740,30553.7,30627.8,30553.7,30584.8,37,2025-03-27 06:09:00
1743055800,30584.8,30623.5,30577.7,30577.7,14,2025-03-27 06:10:00
1743055860,30577.7,30616.7,30570.1,30572.55,15,2025-03-27 06:11:00
1743055920,30569.15,30582.95,30546.8,30574.55,12,2025-03-27 06:12:00
1743055980,30574.55,30610.75,30560.15,30560.15,9,2025-03-27 06:13:00
1743056040,30560.15,30622.05,30560.15,30565.6,15,2025-03-27 06:14:00
1743056100,30565.55,30616.85,30565.55,30616.85,8,2025-03-27 06:15:00
1743056160,30594.35,30621.45,30563.25,30587.25,9,2025-03-27 06:16:00
1743056220,30587.25,30618.15,30586.9,30586.9,4,2025-03-27 06:17:00
1743056280,30586.9,30586.9,30538.6,30584.4,44,2025-03-27 06:18:00
1743056340,30554.45,30605.45,30532.2,30560.25,42,2025-03-27 06:19:00
1743056400,30560.25,30575.55,30531.2,30531.2,8,2025-03-27 06:20:00
1743056460,30543.65,30598.7,30536.55,30559.85,16,2025-03-27 06:21:00
1743056520,30559.85,30599.9,30559.8,30559.8,9,2025-03-27 06:22:00
1743056580,30559.8,30578.2,30503.1,30503.5,13,2025-03-27 06:23:00
1743056640,30556.85,30582.25,30539.05,30539.05,46,2025-03-27 06:24:00
1743056700,30542.55,30558.0,30506.5,30537.1,13,2025-03-27 06:25:00
1743056760,30537.1,30573.5,30520.55,30547.45,37,2025-03-27 06:26:00
1743056820,30552.75,30569.55,30521.45,30569.25,11,2025-03-27 06:27:00
1743056880,30539.2,30553.4,30506.2,30546.7,33,2025-03-27 06:28:00
1743056940,30546.7,30556.45,30515.2,30515.2,19,2025-03-27 06:29:00
1743057000,30515.2,30559.45,30515.2,30559.45,6,2025-03-27 06:30:00
1743057060,30519.35,30559.55,30519.35,30520.25,15,2025-03-27 06:31:00
1743057120,30563.3,30563.3,30520.0,30525.0,6,2025-03-27 06:32:00
1743057180,30558.7,30560.7,30520.2,30526.6,11,2025-03-27 06:33:00
1743057240,30526.6,30556.6,30520.2,30556.6,14,2025-03-27 06:34:00
1743057300,30556.6,30556.6,30520.0,30520.0,3,2025-03-27 06:35:00
1743057360,30520.0,30525.0,30488.55,30524.8,23,2025-03-27 06:36:00
1743057420,30513.65,30518.6,30513.6,30518.6,4,2025-03-27 06:37:00
1743057480,30518.6,30525.0,30518.6,30525.0,4,2025-03-27 06:38:00
1743057540,30525.0,30568.15,30525.0,30542.3,13,2025-03-27 06:39:00
1743057600,30525.0,30547.15,30525.0,30525.0,7,2025-03-27 06:40:00
1743057660,30550.05,30550.05,30507.4,30507.4,4,2025-03-27 06:41:00
1743057720,30507.4,30569.6,30507.4,30569.6,31,2025-03-27 06:42:00
1743057780,30569.6,30596.7,30529.1,30561.9,35,2025-03-27 06:43:00
1743057840,30561.9,30600.0,30561.9,30578.2,8,2025-03-27 06:44:00
1743057900,30578.2,30610.0,30578.2,30578.2,22,2025-03-27 06:45:00
1743057960,30578.2,30599.7,30578.2,30599.7,7,2025-03-27 06:46:00
1743058020,30599.7,30599.7,30555.0,30555.0,4,2025-03-27 06:47:00
1743058080,30597.1,30597.1,30545.3,30545.3,4,2025-03-27 06:48:00
1743058140,30523.75,30560.4,30514.5,30533.3,6,2025-03-27 06:49:00
1743058200,30533.3,30534.1,30533.25,30533.25,4,2025-03-27 06:50:00
1743058260,30533.25,30592.35,30533.2,30592.35,7,2025-03-27 06:51:00
1743058320,30558.5,30563.5,30558.5,30563.5,4,2025-03-27 06:52:00
1743058380,30563.5,30596.2,30558.5,30573.85,6,2025-03-27 06:53:00
1743058440,30573.85,30583.5,30543.55,30543.55,21,2025-03-27 06:54:00
1743058500,30543.55,30584.3,30525.15,30546.45,11,2025-03-27 06:55:00
1743058560,30546.45,30572.6,30532.55,30532.55,5,2025-03-27 06:56:00
1743058620,30530.3,30573.05,30530.25,30536.8,20,2025-03-27 06:57:00
1743058680,30536.8,30597.8,30530.7,30591.8,26,2025-03-27 06:58:00
1743058740,30591.8,30597.8,30550.5,30574.5,7,2025-03-27 06:59:00
1743058800,30574.5,30590.75,30525.55,30532.55,14,2025-03-27 07:00:00
1743058860,30532.55,30550.4,30532.55,30550.05,5,2025-03-27 07:01:00
1743058920,30550.05,30596.0,30550.05,30551.2,20,2025-03-27 07:02:00
1743058980,30551.2,30592.9,30550.25,30582.75,29,2025-03-27 07:03:00
1743059040,30561.4,30589.95,30549.6,30574.35,7,2025-03-27 07:04:00
1743059100,30574.35,30589.95,30574.35,30589.95,5,2025-03-27 07:05:00
1743059160,30599.7,30640.0,30599.7,30640.0,50,2025-03-27 07:06:00
1743059220,30612.15,30637.15,30584.2,30584.2,15,2025-03-27 07:07:00
1743059280,30584.2,30633.95,30584.2,30613.95,20,2025-03-27 07:08:00
1743059340,30613.95,30640.0,30594.9,30617.65,16,2025-03-27 07:09:00
1743059400,30617.65,30617.75,30615.0,30617.75,3,2025-03-27 07:10:00
1743059460,30617.75,30640.0,30615.0,30615.0,4,2025-03-27 07:11:00
1743059520,30615.0,30640.0,30615.0,30639.95,14,2025-03-27 07:12:00
1743059580,30615.15,30676.45,30615.0,30617.05,55,2025-03-27 07:13:00
1743059640,30617.05,30680.85,30617.05,30646.45,18,2025-03-27 07:14:00
1743059700,30646.45,30683.5,30634.15,30645.3,12,2025-03-27 07:15:00
1743059760,30645.3,30699.95,30645.3,30654.55,6,2025-03-27 07:16:00
1743059820,30654.55,30700.0,30652.75,30669.5,17,2025-03-27 07:17:00
1743059880,30666.0,30699.65,30655.45,30698.35,12,2025-03-27 07:18:00
1743059940,30665.65,30700.0,30618.5,30631.7,39,2025-03-27 07:19:00
1743060000,30631.7,30681.85,30631.7,30643.75,8,2025-03-27 07:20:00
1743060060,30643.75,30650.3,30615.0,30615.15,5,2025-03-27 07:21:00
1743060120,30615.15,30633.6,30615.0,30615.0,5,2025-03-27 07:22:00
1743060180,30615.0,30650.0,30615.0,30619.45,8,2025-03-27 07:23:00
1743060240,30650.0,30667.8,30619.6,30619.7,11,2025-03-27 07:24:00
1743060300,30619.7,30667.85,30619.7,30622.4,6,2025-03-27 07:25:00
1743060360,30622.4,30658.75,30622.4,30625.25,4,2025-03-27 07:26:00
1743060420,30625.25,30665.95,30625.0,30625.5,5,2025-03-27 07:27:00
1743060480,30625.5,30659.7,30625.5,30625.55,4,2025-03-27 07:28:00
1743060540,30625.55,30634.05,30617.1,30634.05,4,2025-03-27 07:29:00
1743060600,30634.05,30656.75,30615.15,30617.45,6,2025-03-27 07:30:00
1743060660,30617.45,30700.0,30615.0,30700.0,41,2025-03-27 07:31:00
1743060720,30700.0,30750.0,30688.7,30750.0,55,2025-03-27 07:32:00
1743060780,30750.0,30750.0,30750.0,30750.0,6,2025-03-27 07:33:00
1743060840,30750.0,30783.95,30727.45,30727.45,62,2025-03-27 07:34:00
1743060900,30727.45,30798.05,30727.45,30796.3,21,2025-03-27 07:35:00
1743060960,30796.3,30810.0,30796.3,30810.0,40,2025-03-27 07:36:00
1743061020,30810.0,30810.0,30788.0,30790.5,6,2025-03-27 07:37:00
1743061080,30790.5,30790.5,30784.5,30787.55,6,2025-03-27 07:38:00
1743061140,30750.2,30766.2,30675.0,30685.05,46,2025-03-27 07:39:00
1743061200,30685.05,30721.35,30685.05,30685.6,11,2025-03-27 07:40:00
1743061260,30685.6,30769.65,30676.15,30713.95,178,2025-03-27 07:41:00
1743061320,30713.95,30757.1,30688.95,30688.95,17,2025-03-27 07:42:00
1743061380,30688.95,30732.3,30677.9,30686.75,23,2025-03-27 07:43:00
1743061440,30686.75,30746.5,30684.65,30699.1,27,2025-03-27 07:44:00
1743061500,30699.1,30719.1,30685.05,30685.05,17,2025-03-27 07:45:00
1743061560,30724.45,30724.45,30694.15,30710.75,23,2025-03-27 07:46:00
1743061620,30710.75,30737.35,30675.05,30679.25,37,2025-03-27 07:47:00
1743061680,30679.25,30720.0,30679.25,30720.0,11,2025-03-27 07:48:00
1743061740,30720.0,30762.25,30720.0,30760.45,14,2025-03-27 07:49:00
1743061800,30760.45,30760.45,30720.4,30749.85,25,2025-03-27 07:50:00
1743061860,30749.85,30749.85,30717.2,30749.6,16,2025-03-27 07:51:00
1743061920,30749.6,30749.6,30707.45,30748.9,11,2025-03-27 07:52:00
1743061980,30748.9,30748.9,30709.0,30709.0,10,2025-03-27 07:53:00
1743062040,30690.8,30747.45,30690.8,30692.5,43,2025-03-27 07:54:00
1743062100,30692.5,30735.75,30690.0,30702.05,23,2025-03-27 07:55:00
1743062160,30702.05,30726.75,30675.0,30713.2,68,2025-03-27 07:56:00
1743062220,30713.2,30741.0,30713.2,30732.2,6,2025-03-27 07:57:00
1743062280,30732.2,30742.2,30730.6,30730.6,7,2025-03-27 07:58:00
1743062340,30730.6,30730.6,30705.45,30705.45,12,2025-03-27 07:59:00
1743062400,30705.45,30730.4,30700.05,30715.15,12,2025-03-27 08:00:00
1743062460,30715.15,30726.1,30700.05,30700.05,7,2025-03-27 08:01:00
1743062520,30700.05,30730.55,30700.05,30700.2,11,2025-03-27 08:02:00
1743062580,30702.05,30716.0,30675.55,30713.05,15,2025-03-27 08:03:00
1743062640,30685.1,30697.5,30675.0,30675.0,14,2025-03-27 08:04:00
1743062700,30675.0,30677.5,30675.0,30677.5,15,2025-03-27 08:05:00
1743062760,30675.05,30680.0,30675.0,30680.0,22,2025-03-27 08:06:00
1743062820,30675.0,30680.0,30675.0,30675.0,14,2025-03-27 08:07:00
1743062880,30675.0,30697.0,30675.0,30691.0,7,2025-03-27 08:08:00
1743062940,30675.1,30686.0,30675.0,30686.0,17,2025-03-27 08:09:00
1743063000,30675.05,30686.0,30675.05,30680.45,9,2025-03-27 08:10:00
1743063060,30675.0,30685.95,30675.0,30675.0,12,2025-03-27 08:11:00
1743063120,30680.4,30680.45,30675.0,30675.05,12,2025-03-27 08:12:00
1743063180,30678.05,30693.4,30675.0,30675.0,394,2025-03-27 08:13:00
1743063240,30675.0,30688.6,30675.0,30675.0,23,2025-03-27 08:14:00
1743063300,30675.0,30681.45,30675.0,30681.45,13,2025-03-27 08:15:00
1743063360,30681.45,30707.3,30681.45,30695.55,12,2025-03-27 08:16:00
1743063420,30675.0,30698.25,30675.0,30698.25,21,2025-03-27 08:17:00
1743063480,30698.25,30698.25,30675.0,30675.0,8,2025-03-27 08:18:00
1743063540,30675.0,30700.0,30675.0,30700.0,38,2025-03-27 08:19:00
1743063600,30700.0,30714.4,30680.1,30680.1,13,2025-03-27 08:20:00
1743063660,30680.1,30705.05,30675.0,30699.25,18,2025-03-27 08:21:00
1743063720,30699.25,30699.25,30675.05,30699.25,8,2025-03-27 08:22:00
1743063780,30699.25,30699.25,30675.0,30675.0,29,2025-03-27 08:23:00
1743063840,30675.0,30685.3,30675.0,30685.3,11,2025-03-27 08:24:00
1743063900,30685.3,30701.3,30675.0,30696.5,15,2025-03-27 08:25:00
1743063960,30696.5,30700.0,30675.0,30699.25,11,2025-03-27 08:26:00
1743064020,30680.0,30698.8,30675.0,30698.8,14,2025-03-27 08:27:00
1743064080,30698.8,30699.25,30675.05,30699.25,7,2025-03-27 08:28:00
1743064140,30699.25,30699.25,30675.0,30696.8,13,2025-03-27 08:29:00
1743064200,30696.8,30696.8,30675.0,30694.65,8,2025-03-27 08:30:00
1743064260,30694.65,30694.65,30675.0,30694.55,11,2025-03-27 08:31:00
1743064320,30694.55,30699.25,30675.05,30690.0,30,2025-03-27 08:32:00
1743064380,30690.0,30712.0,30675.15,30675.15,8,2025-03-27 08:33:00
1743064440,30675.15,30711.15,30675.15,30711.15,8,2025-03-27 08:34:00
1743064500,30675.7,30700.0,30675.0,30699.9,13,2025-03-27 08:35:00
1743064560,30675.0,30720.0,30675.0,30720.0,167,2025-03-27 08:36:00
1743064620,30710.0,30730.0,30710.0,30710.0,29,2025-03-27 08:37:00
1743064680,30710.0,30730.0,30710.0,30718.95,23,2025-03-27 08:38:00
1743064740,30710.0,30718.95,30710.0,30718.95,11,2025-03-27 08:39:00
1743064800,30710.0,30718.95,30700.0,30700.0,85,2025-03-27 08:40:00
1743064860,30675.0,30687.8,30675.0,30685.05,15,2025-03-27 08:41:00
1743064920,30675.0,30691.55,30675.0,30691.55,12,2025-03-27 08:42:00
1743064980,30676.35,30691.1,30670.05,30685.0,22,2025-03-27 08:43:00
1743065040,30670.05,30679.95,30670.05,30679.9,18,2025-03-27 08:44:00
1743065100,30670.05,30679.9,30670.05,30679.9,9,2025-03-27 08:45:00
1743065160,30670.05,30699.05,30670.05,30699.05,31,2025-03-27 08:46:00
1743065220,30675.05,30714.6,30675.0,30714.6,14,2025-03-27 08:47:00
1743065280,30675.05,30715.45,30675.05,30707.4,13,2025-03-27 08:48:00
1743065340,30675.4,30700.85,30675.0,30700.85,20,2025-03-27 08:49:00
1743065400,30675.0,30687.85,30675.0,30685.05,23,2025-03-27 08:50:00
1743065460,30675.0,30684.8,30675.0,30684.0,40,2025-03-27 08:51:00
1743065520,30685.1,30729.8,30685.1,30729.8,49,2025-03-27 08:52:00
1743065580,30715.4,30730.6,30685.05,30730.6,286,2025-03-27 08:53:00
1743065640,30730.6,30730.6,30696.15,30716.75,8,2025-03-27 08:54:00
1743065700,30716.75,30721.75,30685.15,30721.75,11,2025-03-27 08:55:00
1743065760,30721.75,30721.75,30689.6,30721.6,11,2025-03-27 08:56:00
1743065820,30721.6,30721.6,30704.65,30704.65,14,2025-03-27 08:57:00
1743065880,30704.65,30722.7,30691.2,30722.7,17,2025-03-27 08:58:00
1743065940,30722.7,30722.7,30694.2,30708.35,9,2025-03-27 08:59:00
1743066000,30708.35,30708.35,30708.35,30708.35,8,2025-03-27 09:00:00
1743066060,30708.35,30722.7,30708.35,30722.7,6,2025-03-27 09:01:00
1743066120,30722.7,30722.7,30720.5,30720.5,8,2025-03-27 09:02:00
1743066180,30720.5,30720.5,30689.9,30689.9,12,2025-03-27 09:03:00
1743066240,30689.9,30720.25,30687.9,30700.0,23,2025-03-27 09:04:00
1743066300,30700.0,30718.3,30692.4,30692.4,15,2025-03-27 09:05:00
1743066360,30692.4,30717.9,30690.05,30690.05,9,2025-03-27 09:06:00
1743066420,30718.55,30718.55,30686.7,30695.7,10,2025-03-27 09:07:00
1743066480,30695.75,30695.75,30691.6,30691.6,18,2025-03-27 09:08:00
1743066540,30691.6,30717.75,30687.05,30687.05,8,2025-03-27 09:09:00
1743066600,30687.05,30718.5,30687.0,30687.0,9,2025-03-27 09:10:00
1743066660,30717.5,30717.5,30688.8,30688.8,19,2025-03-27 09:11:00
1743066720,30688.8,30717.2,30688.8,30694.95,11,2025-03-27 09:12:00
1743066780,30694.95,30717.0,30691.2,30716.6,13,2025-03-27 09:13:00
1743066840,30716.6,30716.6,30685.15,30685.15,9,2025-03-27 09:14:00
1743066900,30685.15,30715.6,30685.15,30687.95,9,2025-03-27 09:15:00
1743066960,30687.95,30715.55,30685.0,30685.0,10,2025-03-27 09:16:00
1743067020,30685.0,30715.5,30685.0,30700.25,30,2025-03-27 09:17:00
1743067080,30716.25,30720.0,30687.75,30687.75,29,2025-03-27 09:18:00
1743067140,30687.75,30701.95,30686.1,30701.95,13,2025-03-27 09:19:00
1743067200,30701.95,30719.9,30694.0,30719.9,18,2025-03-27 09:20:00
1743067260,30719.9,30727.5,30719.9,30727.5,262,2025-03-27 09:21:00
1743067320,30727.5,30727.5,30725.0,30726.25,12,2025-03-27 09:22:00
1743067380,30725.0,30726.25,30725.0,30726.25,24,2025-03-27 09:23:00
1743067440,30726.25,30726.25,30725.6,30726.25,11,2025-03-27 09:24:00
1743067500,30726.25,30726.25,30725.6,30725.75,14,2025-03-27 09:25:00
1743067560,30725.75,30730.0,30725.05,30730.0,24,2025-03-27 09:26:00
1743067620,30730.0,30730.0,30725.0,30726.3,23,2025-03-27 09:27:00
1743067680,30726.3,30727.5,30725.0,30725.0,29,2025-03-27 09:28:00
1743067740,30725.0,30725.95,30725.0,30725.0,19,2025-03-27 09:29:00
1743067800,30725.0,30725.2,30725.0,30725.0,150,2025-03-27 09:30:00
1743067860,30725.0,30725.15,30721.85,30722.95,40,2025-03-27 09:31:00
1743067920,30701.0,30729.85,30701.0,30701.0,61,2025-03-27 09:32:00
1743067980,30701.0,30722.9,30688.35,30718.95,76,2025-03-27 09:33:00
1743068040,30703.7,30725.5,30691.6,30695.3,65,2025-03-27 09:34:00
1743068100,30695.3,30695.3,30631.2,30631.2,64,2025-03-27 09:35:00
1743068160,30617.15,30730.4,30615.0,30730.4,111,2025-03-27 09:36:00
1743068220,30710.0,30710.0,30583.1,30600.25,70,2025-03-27 09:37:00
1743068280,30591.7,30600.0,30464.05,30539.05,208,2025-03-27 09:38:00
1743068340,30528.1,30543.5,30528.05,30528.05,30,2025-03-27 09:39:00
1743068400,30530.15,30539.4,30480.1,30510.85,128,2025-03-27 09:40:00
1743068460,30509.15,30600.05,30456.05,30576.75,118,2025-03-27 09:41:00
1743068520,30540.7,30553.9,30464.1,30500.0,45,2025-03-27 09:42:00
1743068580,30500.0,30599.95,30500.0,30562.25,56,2025-03-27 09:43:00
1743068640,30535.8,30562.25,30500.0,30549.45,47,2025-03-27 09:44:00
1743068700,30475.4,30595.15,30464.1,30554.1,63,2025-03-27 09:45:00
1743068760,30554.15,30625.85,30502.15,30542.4,75,2025-03-27 09:46:00
1743068820,30530.2,30600.0,30501.2,30544.3,57,2025-03-27 09:47:00
1743068880,30560.85,30625.8,30508.3,30580.05,158,2025-03-27 09:48:00
1743068940,30565.95,30565.95,30450.0,30478.3,128,2025-03-27 09:49:00
1743069000,30539.9,30554.95,30438.4,30450.6,95,2025-03-27 09:50:00
1743069060,30454.25,30507.95,30454.25,30460.15,32,2025-03-27 09:51:00
1743069120,30494.85,30540.0,30460.1,30491.9,42,2025-03-27 09:52:00
1743069180,30491.9,30535.3,30400.05,30434.05,67,2025-03-27 09:53:00
1743069240,30393.55,30550.0,30393.55,30417.65,179,2025-03-27 09:54:00
1743069300,30440.45,30499.95,30440.45,30475.0,39,2025-03-27 09:55:00
1743069360,30475.0,30480.0,30423.45,30480.0,32,2025-03-27 09:56:00
1743069420,30457.05,30479.75,30400.15,30400.3,42,2025-03-27 09:57:00
1743069480,30400.3,30479.75,30300.05,30337.5,32,2025-03-27 09:58:00
1743069540,30447.95,30498.25,30337.5,30498.25,15,2025-03-27 09:59:00
1743133500,30570.0,30759.65,30570.0,30641.35,45,2025-03-28 03:45:00
1743133560,30640.0,30800.0,30640.0,30768.35,81,2025-03-28 03:46:00
1743133620,30750.0,30755.6,30719.25,30721.5,29,2025-03-28 03:47:00
1743133680,30676.45,30687.7,30644.35,30644.35,21,2025-03-28 03:48:00
1743133740,30644.35,30644.35,30644.35,30644.35,0,2025-03-28 03:49:00
1743133800,30618.3,30644.35,30618.3,30644.35,4,2025-03-28 03:50:00
1743133860,30644.35,30645.9,30644.35,30645.9,2,2025-03-28 03:51:00
1743133920,30645.9,30647.95,30624.05,30624.05,77,2025-03-28 03:52:00
1743133980,30624.05,30652.1,30624.05,30652.1,1,2025-03-28 03:53:00
1743134040,30650.25,30669.5,30650.25,30669.5,2,2025-03-28 03:54:00
1743134100,30669.5,30669.5,30524.55,30577.5,135,2025-03-28 03:55:00
1743134160,30565.0,30575.1,30512.7,30543.5,24,2025-03-28 03:56:00
1743134220,30543.5,30543.5,30543.5,30543.5,1,2025-03-28 03:57:00
1743134280,30543.5,30543.5,30543.5,30543.5,0,2025-03-28 03:58:00
1743134340,30579.85,30579.85,30579.85,30579.85,1,2025-03-28 03:59:00
1743134400,30579.85,30587.5,30579.85,30587.5,3,2025-03-28 04:00:00
1743134460,30623.95,30643.65,30592.2,30592.2,44,2025-03-28 04:01:00
1743134520,30592.2,30592.2,30587.0,30587.0,2,2025-03-28 04:02:00
1743134580,30587.0,30587.0,30525.0,30557.55,45,2025-03-28 04:03:00
1743134640,30557.55,30557.55,30551.0,30551.0,7,2025-03-28 04:04:00
1743134700,30551.0,30551.0,30536.0,30536.0,18,2025-03-28 04:05:00
1743134760,30525.0,30531.35,30500.15,30500.15,3,2025-03-28 04:06:00
1743134820,30500.15,30531.95,30500.15,30531.95,1,2025-03-28 04:07:00
1743134880,30512.05,30512.05,30463.0,30463.0,21,2025-03-28 04:08:00
1743134940,30463.0,30489.8,30463.0,30489.8,1,2025-03-28 04:09:00
1743135000,30489.8,30489.8,30489.8,30489.8,3,2025-03-28 04:10:00
1743135060,30489.8,30489.8,30478.6,30478.6,8,2025-03-28 04:11:00
1743135120,30478.6,30500.0,30478.6,30500.0,4,2025-03-28 04:12:00
1743135180,30500.0,30500.0,30500.0,30500.0,0,2025-03-28 04:13:00
1743135240,30500.0,30515.55,30500.0,30507.95,21,2025-03-28 04:14:00
1743135300,30507.95,30507.95,30507.95,30507.95,0,2025-03-28 04:15:00
1743135360,30507.95,30520.25,30507.95,30517.05,16,2025-03-28 04:16:00
1743135420,30517.05,30517.05,30517.05,30517.05,0,2025-03-28 04:17:00
1743135480,30517.05,30520.0,30517.05,30520.0,10,2025-03-28 04:18:00
1743135540,30500.2,30500.2,30480.05,30480.05,12,2025-03-28 04:19:00
1743135600,30480.05,30480.05,30480.05,30480.05,0,2025-03-28 04:20:00
1743135660,30480.05,30480.05,30480.05,30480.05,0,2025-03-28 04:21:00
1743135720,30480.05,30516.8,30480.05,30516.8,1,2025-03-28 04:22:00
1743135780,30516.8,30524.8,30500.0,30524.8,43,2025-03-28 04:23:00
1743135840,30524.8,30524.8,30500.4,30500.4,3,2025-03-28 04:24:00
1743135900,30500.4,30500.4,30500.4,30500.4,0,2025-03-28 04:25:00
1743135960,30500.4,30509.85,30500.4,30509.85,1,2025-03-28 04:26:00
1743136020,30509.85,30509.85,30502.85,30502.85,2,2025-03-28 04:27:00
1743136080,30502.85,30502.85,30502.85,30502.85,0,2025-03-28 04:28:00
1743136140,30502.85,30550.0,30502.85,30550.0,6,2025-03-28 04:29:00
1743136200,30550.0,30561.75,30550.0,30561.75,4,2025-03-28 04:30:00
1743136260,30599.85,30599.85,30553.6,30565.75,41,2025-03-28 04:31:00
1743136320,30565.75,30565.75,30550.0,30550.0,1,2025-03-28 04:32:00
1743136380,30550.0,30570.25,30550.0,30570.25,16,2025-03-28 04:33:00
1743136440,30570.25,30570.25,30570.25,30570.25,0,2025-03-28 04:34:00
1743136500,30570.25,30633.5,30570.25,30633.5,26,2025-03-28 04:35:00
1743136560,30625.55,30669.35,30625.55,30627.2,24,2025-03-28 04:36:00
1743136620,30627.2,30657.2,30627.2,30657.2,2,2025-03-28 04:37:00
1743136680,30657.2,30657.2,30657.2,30657.2,0,2025-03-28 04:38:00
1743136740,30657.2,30657.2,30596.0,30602.15,19,2025-03-28 04:39:00
1743136800,30602.15,30690.0,30602.15,30687.95,35,2025-03-28 04:40:00
1743136860,30687.95,30700.0,30687.95,30700.0,22,2025-03-28 04:41:00
1743136920,30733.25,30733.25,30710.4,30710.4,12,2025-03-28 04:42:00
1743136980,30750.0,30750.0,30750.0,30750.0,43,2025-03-28 04:43:00
1743137040,30750.0,30750.0,30745.9,30745.9,4,2025-03-28 04:44:00
1743137100,30767.9,30793.9,30757.45,30757.45,13,2025-03-28 04:45:00
1743137160,30780.6,30780.6,30732.85,30732.85,4,2025-03-28 04:46:00
1743137220,30732.85,30732.85,30720.05,30720.05,3,2025-03-28 04:47:00
1743137280,30720.05,30720.05,30688.05,30688.05,4,2025-03-28 04:48:00
1743137340,30688.05,30688.05,30672.25,30676.25,6,2025-03-28 04:49:00
1743137400,30676.25,30676.25,30676.25,30676.25,0,2025-03-28 04:50:00
1743137460,30676.25,30676.25,30625.65,30625.65,47,2025-03-28 04:51:00
1743137520,30625.65,30631.5,30625.65,30631.5,1,2025-03-28 04:52:00
1743137580,30631.5,30631.5,30631.5,30631.5,0,2025-03-28 04:53:00
1743137640,30631.5,30670.25,30631.5,30670.25,1,2025-03-28 04:54:00
1743137700,30670.25,30670.25,30592.25,30592.25,67,2025-03-28 04:55:00
1743137760,30592.25,30592.25,30592.25,30592.25,0,2025-03-28 04:56:00
1743137820,30592.25,30592.25,30592.25,30592.25,0,2025-03-28 04:57:00
1743137880,30592.25,30592.25,30500.0,30500.0,9,2025-03-28 04:58:00
1743137940,30500.0,30500.0,30420.1,30446.0,92,2025-03-28 04:59:00
1743138000,30446.0,30478.0,30446.0,30478.0,10,2025-03-28 05:00:00
1743138060,30478.0,30478.0,30468.45,30468.45,5,2025-03-28 05:01:00
1743138120,30473.25,30555.05,30473.25,30555.05,86,2025-03-28 05:02:00
1743138180,30592.25,30592.25,30592.25,30592.25,1,2025-03-28 05:03:00
1743138240,30592.25,30624.95,30592.25,30624.95,3,2025-03-28 05:04:00
1743138300,30624.95,30624.95,30619.6,30619.6,1,2025-03-28 05:05:00
1743138360,30619.6,30619.6,30619.6,30619.6,3,2025-03-28 05:06:00
1743138420,30619.6,30619.6,30619.6,30619.6,0,2025-03-28 05:07:00
1743138480,30619.6,30619.6,30589.1,30589.1,23,2025-03-28 05:08:00
1743138540,30589.1,30589.1,30589.1,30589.1,0,2025-03-28 05:09:00
1743138600,30589.1,30601.6,30589.1,30601.6,1,2025-03-28 05:10:00
1743138660,30601.6,30601.6,30601.5,30601.5,1,2025-03-28 05:11:00
1743138720,30601.5,30601.5,30601.5,30601.5,0,2025-03-28 05:12:00
1743138780,30601.5,30601.5,30565.2,30565.2,16,2025-03-28 05:13:00
1743138840,30565.2,30565.2,30542.9,30542.9,9,2025-03-28 05:14:00
1743138900,30542.9,30542.9,30542.9,30542.9,0,2025-03-28 05:15:00
1743138960,30542.9,30542.9,30542.9,30542.9,0,2025-03-28 05:16:00
1743139020,30514.55,30553.1,30512.1,30512.1,29,2025-03-28 05:17:00
1743139080,30512.1,30512.1,30512.1,30512.1,0,2025-03-28 05:18:00
1743139140,30512.1,30512.1,30512.1,30512.1,0,2025-03-28 05:19:00
1743139200,30512.1,30563.2,30512.1,30516.45,11,2025-03-28 05:20:00
1743139260,30516.45,30516.45,30516.45,30516.45,1,2025-03-28 05:21:00
1743139320,30516.45,30553.2,30516.45,30553.2,1,2025-03-28 05:22:00
1743139380,30553.2,30553.2,30516.45,30516.45,1,2025-03-28 05:23:00
1743139440,30516.45,30544.2,30516.45,30544.2,1,2025-03-28 05:24:00
1743139500,30544.2,30557.65,30544.2,30557.65,1,2025-03-28 05:25:00
1743139560,30557.65,30573.8,30550.0,30557.65,4,2025-03-28 05:26:00
1743139620,30557.65,30580.0,30557.65,30580.0,12,2025-03-28 05:27:00
1743139680,30580.0,30580.0,30557.65,30557.65,14,2025-03-28 05:28:00
1743139740,30557.65,30557.65,30516.45,30516.45,4,2025-03-28 05:29:00
1743139800,30516.45,30543.95,30516.45,30543.95,18,2025-03-28 05:30:00
1743139860,30543.95,30599.75,30543.95,30599.05,17,2025-03-28 05:31:00
1743139920,30562.7,30562.7,30546.3,30546.3,7,2025-03-28 05:32:00
1743139980,30546.3,30546.3,30546.3,30546.3,0,2025-03-28 05:33:00
1743140040,30546.3,30580.75,30546.3,30580.75,2,2025-03-28 05:34:00
1743140100,30580.75,30588.4,30580.75,30588.4,3,2025-03-28 05:35:00
1743140160,30588.4,30588.8,30588.4,30588.8,2,2025-03-28 05:36:00
1743140220,30588.8,30588.8,30588.8,30588.8,2,2025-03-28 05:37:00
1743140280,30588.8,30588.8,30588.8,30588.8,2,2025-03-28 05:38:00
1743140340,30588.8,30637.2,30588.8,30637.2,24,2025-03-28 05:39:00
1743140400,30637.2,30637.2,30600.2,30636.5,9,2025-03-28 05:40:00
1743140460,30636.5,30636.5,30633.75,30633.75,2,2025-03-28 05:41:00
1743140520,30633.75,30676.25,30633.75,30671.0,42,2025-03-28 05:42:00
1743140580,30671.0,30682.7,30671.0,30682.7,2,2025-03-28 05:43:00
1743140640,30682.7,30682.7,30679.7,30679.7,2,2025-03-28 05:44:00
1743140700,30679.7,30679.7,30658.05,30658.05,1,2025-03-28 05:45:00
1743140760,30654.75,30693.85,30654.35,30689.8,31,2025-03-28 05:46:00
1743140820,30689.8,30698.0,30689.8,30698.0,2,2025-03-28 05:47:00
1743140880,30698.0,30698.0,30608.05,30627.25,35,2025-03-28 05:48:00
1743140940,30627.25,30644.4,30627.25,30644.4,10,2025-03-28 05:49:00
1743141000,30644.4,30645.0,30644.4,30645.0,6,2025-03-28 05:50:00
1743141060,30645.0,30686.1,30645.0,30686.1,1,2025-03-28 05:51:00
1743141120,30686.1,30700.0,30662.35,30700.0,17,2025-03-28 05:52:00
1743141180,30700.0,30700.0,30700.0,30700.0,0,2025-03-28 05:53:00
1743141240,30700.0,30700.0,30690.45,30690.45,2,2025-03-28 05:54:00
1743141300,30690.45,30690.45,30674.35,30680.3,5,2025-03-28 05:55:00
1743141360,30687.85,30690.4,30687.85,30690.4,3,2025-03-28 05:56:00
1743141420,30690.45,30732.95,30690.45,30732.8,13,2025-03-28 05:57:00
1743141480,30730.0,30730.0,30697.3,30721.0,11,2025-03-28 05:58:00
1743141540,30732.8,30732.8,30720.0,30723.5,405,2025-03-28 05:59:00
1743141600,30723.5,30764.8,30723.5,30728.25,10,2025-03-28 06:00:00
1743141660,30728.25,30760.65,30728.25,30760.65,5,2025-03-28 06:01:00
1743141720,30760.65,30760.65,30760.6,30760.65,4,2025-03-28 06:02:00
1743141780,30760.65,30760.65,30724.4,30750.25,5,2025-03-28 06:03:00
1743141840,30750.25,30750.25,30711.3,30711.3,60,2025-03-28 06:04:00
1743141900,30751.4,30760.0,30719.3,30760.0,18,2025-03-28 06:05:00
1743141960,30760.0,30763.0,30760.0,30763.0,21,2025-03-28 06:06:00
1743142020,30763.0,30763.0,30761.0,30761.0,7,2025-03-28 06:07:00
1743142080,30761.0,30761.0,30717.35,30751.95,7,2025-03-28 06:08:00
1743142140,30751.95,30751.95,30751.2,30751.2,10,2025-03-28 06:09:00
1743142200,30751.2,30751.2,30735.95,30746.05,4,2025-03-28 06:10:00
1743142260,30746.05,30746.05,30735.95,30735.95,2,2025-03-28 06:11:00
1743142320,30735.95,30745.75,30735.95,30745.75,2,2025-03-28 06:12:00
1743142380,30745.75,30745.75,30743.1,30744.75,4,2025-03-28 06:13:00
1743142440,30744.75,30744.75,30743.8,30743.8,2,2025-03-28 06:14:00
1743142500,30743.8,30743.8,30735.95,30743.45,9,2025-03-28 06:15:00
1743142560,30743.45,30743.45,30743.45,30743.45,0,2025-03-28 06:16:00
1743142620,30743.45,30743.45,30736.35,30740.05,8,2025-03-28 06:17:00
1743142680,30740.05,30761.75,30740.05,30743.0,260,2025-03-28 06:18:00
1743142740,30743.0,30751.8,30740.05,30751.8,13,2025-03-28 06:19:00
1743142800,30751.7,30751.7,30719.75,30749.85,16,2025-03-28 06:20:00
1743142860,30749.85,30750.0,30712.0,30749.85,9,2025-03-28 06:21:00
1743142920,30749.85,30749.85,30709.15,30709.15,1,2025-03-28 06:22:00
1743142980,30709.15,30735.8,30702.1,30719.95,7,2025-03-28 06:23:00
1743143040,30719.95,30735.45,30719.95,30735.4,7,2025-03-28 06:24:00
1743143100,30735.4,30735.4,30733.35,30733.35,2,2025-03-28 06:25:00
1743143160,30735.0,30735.4,30706.25,30735.4,8,2025-03-28 06:26:00
1743143220,30735.4,30735.45,30735.3,30735.3,4,2025-03-28 06:27:00
1743143280,30735.3,30749.5,30735.3,30749.5,13,2025-03-28 06:28:00
1743143340,30749.5,30750.0,30749.5,30750.0,5,2025-03-28 06:29:00
1743143400,30761.85,30761.85,30751.95,30751.95,8,2025-03-28 06:30:00
1743143460,30751.95,30760.95,30751.95,30760.95,7,2025-03-28 06:31:00
1743143520,30761.85,30761.85,30720.0,30741.95,22,2025-03-28 06:32:00
1743143580,30750.4,30755.15,30750.4,30755.15,4,2025-03-28 06:33:00
1743143640,30755.15,30767.0,30755.15,30767.0,128,2025-03-28 06:34:00
1743143700,30767.0,30767.0,30767.0,30767.0,5,2025-03-28 06:35:00
1743143760,30767.0,30767.0,30766.9,30767.0,6,2025-03-28 06:36:00
1743143820,30767.0,30767.0,30720.0,30720.0,46,2025-03-28 06:37:00
1743143880,30720.0,30755.8,30720.0,30755.8,7,2025-03-28 06:38:00
1743143940,30755.8,30755.8,30755.75,30755.8,8,2025-03-28 06:39:00
1743144000,30755.8,30755.8,30755.8,30755.8,4,2025-03-28 06:40:00
1743144060,30720.15,30720.15,30720.0,30720.0,40,2025-03-28 06:41:00
1743144120,30720.0,30755.8,30720.0,30755.8,3,2025-03-28 06:42:00
1743144180,30755.8,30755.8,30755.1,30755.8,4,2025-03-28 06:43:00
1743144240,30755.8,30755.8,30753.85,30753.85,4,2025-03-28 06:44:00
1743144300,30753.85,30755.8,30753.85,30755.8,2,2025-03-28 06:45:00
1743144360,30755.8,30755.8,30753.1,30753.1,3,2025-03-28 06:46:00
1743144420,30753.1,30755.75,30710.0,30733.3,12,2025-03-28 06:47:00
1743144480,30733.3,30746.8,30733.3,30746.8,2,2025-03-28 06:48:00
1743144540,30746.8,30748.95,30746.8,30748.95,2,2025-03-28 06:49:00
1743144600,30748.95,30748.95,30600.05,30645.8,79,2025-03-28 06:50:00
1743144660,30645.8,30645.8,30645.8,30645.8,0,2025-03-28 06:51:00
1743144720,30645.8,30645.8,30596.85,30596.85,11,2025-03-28 06:52:00
1743144780,30596.85,30636.2,30585.0,30608.25,12,2025-03-28 06:53:00
1743144840,30608.25,30608.25,30562.05,30599.8,14,2025-03-28 06:54:00
1743144900,30599.8,30599.8,30598.25,30598.25,5,2025-03-28 06:55:00
1743144960,30598.25,30598.25,30584.45,30584.45,8,2025-03-28 06:56:00
1743145020,30584.45,30591.95,30584.45,30591.95,14,2025-03-28 06:57:00
1743145080,30591.95,30644.35,30591.95,30644.35,7,2025-03-28 06:58:00
1743145140,30644.35,30645.8,30644.35,30645.8,1,2025-03-28 06:59:00
1743145200,30645.8,30645.8,30612.3,30645.25,6,2025-03-28 07:00:00
1743145260,30645.25,30645.25,30645.25,30645.25,0,2025-03-28 07:01:00
1743145320,30645.25,30664.35,30645.25,30664.35,2,2025-03-28 07:02:00
1743145380,30605.65,30660.1,30605.65,30660.1,11,2025-03-28 07:03:00
1743145440,30660.1,30660.1,30597.55,30613.0,7,2025-03-28 07:04:00
1743145500,30613.0,30652.65,30564.7,30594.5,34,2025-03-28 07:05:00
1743145560,30594.5,30616.55,30530.0,30616.55,11,2025-03-28 07:06:00
1743145620,30621.2,30631.35,30571.7,30631.35,6,2025-03-28 07:07:00
1743145680,30631.35,30632.65,30570.15,30632.65,22,2025-03-28 07:08:00
1743145740,30632.65,30669.85,30595.95,30595.95,45,2025-03-28 07:09:00
1743145800,30594.05,30625.0,30594.05,30625.0,12,2025-03-28 07:10:00
1743145860,30625.0,30650.0,30625.0,30650.0,4,2025-03-28 07:11:00
1743145920,30652.6,30699.75,30652.6,30699.75,4,2025-03-28 07:12:00
1743145980,30699.75,30699.75,30698.95,30698.95,2,2025-03-28 07:13:00
1743146040,30698.95,30698.95,30655.95,30655.95,8,2025-03-28 07:14:00
1743146100,30682.1,30693.0,30653.0,30693.0,43,2025-03-28 07:15:00
1743146160,30724.55,30729.15,30724.55,30729.15,6,2025-03-28 07:16:00
1743146220,30729.15,30748.8,30725.7,30748.8,68,2025-03-28 07:17:00
1743146280,30753.1,30760.0,30753.1,30760.0,7,2025-03-28 07:18:00
1743146340,30760.0,30760.0,30750.0,30750.0,6,2025-03-28 07:19:00
1743146400,30750.0,30759.0,30729.25,30759.0,5,2025-03-28 07:20:00
1743146460,30759.0,30760.0,30719.35,30751.95,13,2025-03-28 07:21:00
1743146520,30751.95,30751.95,30718.7,30751.0,8,2025-03-28 07:22:00
1743146580,30751.0,30751.0,30734.1,30744.4,3,2025-03-28 07:23:00
1743146640,30746.5,30746.5,30708.25,30744.55,7,2025-03-28 07:24:00
1743146700,30744.55,30744.55,30744.55,30744.55,2,2025-03-28 07:25:00
1743146760,30744.55,30744.55,30744.4,30744.4,2,2025-03-28 07:26:00
1743146820,30744.4,30744.4,30744.3,30744.3,2,2025-03-28 07:27:00
1743146880,30744.3,30749.85,30744.3,30749.85,29,2025-03-28 07:28:00
1743146940,30749.85,30749.85,30747.15,30747.15,2,2025-03-28 07:29:00
1743147000,30747.15,30749.85,30711.45,30749.85,6,2025-03-28 07:30:00
1743147060,30749.85,30749.95,30749.85,30749.95,2,2025-03-28 07:31:00
1743147120,30749.95,30749.95,30746.05,30746.05,2,2025-03-28 07:32:00
1743147180,30746.05,30746.05,30745.9,30745.9,2,2025-03-28 07:33:00
1743147240,30745.9,30745.9,30699.95,30700.0,12,2025-03-28 07:34:00
1743147300,30700.0,30749.25,30700.0,30749.2,35,2025-03-28 07:35:00
1743147360,30749.2,30749.25,30717.75,30749.25,6,2025-03-28 07:36:00
1743147420,30749.25,30749.25,30720.0,30720.0,4,2025-03-28 07:37:00
1743147480,30720.0,30747.0,30717.1,30747.0,6,2025-03-28 07:38:00
1743147540,30747.0,30749.0,30747.0,30749.0,2,2025-03-28 07:39:00
1743147600,30749.0,30750.0,30749.0,30750.0,2,2025-03-28 07:40:00
1743147660,30750.0,30750.0,30714.9,30750.0,28,2025-03-28 07:41:00
1743147720,30723.1,30746.15,30723.1,30744.7,6,2025-03-28 07:42:00
1743147780,30750.0,30750.0,30750.0,30750.0,13,2025-03-28 07:43:00
1743147840,30750.0,30750.0,30748.0,30750.0,7,2025-03-28 07:44:00
1743147900,30750.0,30750.0,30750.0,30750.0,3,2025-03-28 07:45:00
1743147960,30750.0,30759.0,30725.95,30759.0,7,2025-03-28 07:46:00
1743148020,30759.0,30771.9,30721.9,30771.9,15,2025-03-28 07:47:00
1743148080,30771.9,30794.85,30765.0,30765.0,36,2025-03-28 07:48:00
1743148140,30765.0,30769.95,30765.0,30769.95,4,2025-03-28 07:49:00
1743148200,30769.95,30770.0,30769.95,30770.0,1,2025-03-28 07:50:00
1743148260,30770.0,30794.85,30736.05,30736.05,41,2025-03-28 07:51:00
1743148320,30736.05,30785.2,30724.2,30724.2,31,2025-03-28 07:52:00
1743148380,30724.2,30755.55,30724.2,30755.55,1,2025-03-28 07:53:00
1743148440,30755.55,30761.95,30735.3,30735.3,4,2025-03-28 07:54:00
1743148500,30735.3,30762.0,30727.4,30761.95,8,2025-03-28 07:55:00
1743148560,30761.95,30761.95,30759.6,30761.95,3,2025-03-28 07:56:00
1743148620,30761.95,30762.0,30760.75,30762.0,3,2025-03-28 07:57:00
1743148680,30762.0,30785.35,30745.75,30785.35,9,2025-03-28 07:58:00
1743148740,30785.35,30785.35,30779.85,30779.95,3,2025-03-28 07:59:00
1743148800,30779.95,30779.95,30755.15,30779.95,7,2025-03-28 08:00:00
1743148860,30780.0,30780.0,30755.0,30755.0,3,2025-03-28 08:01:00
1743148920,30755.1,30774.25,30710.25,30710.25,84,2025-03-28 08:02:00
1743148980,30710.25,30758.25,30710.25,30758.25,3,2025-03-28 08:03:00
1743149040,30758.25,30764.95,30758.25,30764.95,3,2025-03-28 08:04:00
1743149100,30764.95,30765.0,30750.25,30750.25,7,2025-03-28 08:05:00
1743149160,30750.25,30754.0,30734.95,30754.0,13,2025-03-28 08:06:00
1743149220,30754.0,30754.0,30753.8,30753.8,4,2025-03-28 08:07:00
1743149280,30753.8,30754.0,30729.7,30729.7,8,2025-03-28 08:08:00
1743149340,30751.75,30751.75,30716.15,30743.4,9,2025-03-28 08:09:00
1743149400,30743.4,30743.7,30709.1,30743.7,5,2025-03-28 08:10:00
1743149460,30719.6,30751.8,30719.6,30751.8,21,2025-03-28 08:11:00
1743149520,30751.8,30751.8,30732.05,30751.75,8,2025-03-28 08:12:00
1743149580,30751.75,30751.75,30751.75,30751.75,4,2025-03-28 08:13:00
1743149640,30726.25,30767.95,30723.65,30767.95,57,2025-03-28 08:14:00
1743149700,30767.95,30767.95,30727.85,30762.0,7,2025-03-28 08:15:00
1743149760,30762.0,30762.0,30725.9,30725.9,3,2025-03-28 08:16:00
1743149820,30759.95,30759.95,30759.95,30759.95,2,2025-03-28 08:17:00
1743149880,30759.95,30760.0,30726.95,30732.4,10,2025-03-28 08:18:00
1743149940,30733.3,30761.0,30733.3,30734.45,4,2025-03-28 08:19:00
1743150000,30734.45,30765.0,30734.45,30765.0,14,2025-03-28 08:20:00
1743150060,30765.0,30765.0,30735.05,30765.0,4,2025-03-28 08:21:00
1743150120,30765.0,30765.0,30735.1,30735.1,19,2025-03-28 08:22:00
1743150180,30735.1,30760.95,30715.55,30715.55,36,2025-03-28 08:23:00
1743150240,30715.55,30753.15,30715.0,30715.0,22,2025-03-28 08:24:00
1743150300,30715.0,30756.15,30715.0,30715.0,4,2025-03-28 08:25:00
1743150360,30715.0,30760.75,30715.0,30726.6,10,2025-03-28 08:26:00
1743150420,30726.6,30760.4,30726.6,30760.4,2,2025-03-28 08:27:00
1743150480,30760.4,30760.4,30728.45,30759.65,3,2025-03-28 08:28:00
1743150540,30759.65,30759.65,30728.5,30759.2,5,2025-03-28 08:29:00
1743150600,30759.2,30759.2,30728.6,30728.6,5,2025-03-28 08:30:00
1743150660,30728.5,30750.15,30715.0,30715.0,9,2025-03-28 08:31:00
1743150720,30715.0,30747.7,30715.0,30717.15,3,2025-03-28 08:32:00
1743150780,30717.15,30749.95,30717.15,30721.3,5,2025-03-28 08:33:00
1743150840,30721.3,30745.2,30715.15,30745.2,3,2025-03-28 08:34:00
1743150900,30745.2,30748.7,30715.45,30715.45,3,2025-03-28 08:35:00
1743150960,30715.45,30748.5,30715.0,30715.1,18,2025-03-28 08:36:00
1743151020,30715.1,30733.3,30715.0,30733.3,3,2025-03-28 08:37:00
1743151080,30733.3,30733.3,30702.35,30702.4,2,2025-03-28 08:38:00
1743151140,30703.0,30743.75,30703.0,30743.75,3,2025-03-28 08:39:00
1743151200,30743.75,30743.75,30710.45,30710.45,1,2025-03-28 08:40:00
1743151260,30706.85,30740.15,30703.05,30703.05,13,2025-03-28 08:41:00
1743151320,30703.05,30707.35,30703.05,30707.35,1,2025-03-28 08:42:00
1743151380,30746.9,30746.9,30714.05,30739.95,5,2025-03-28 08:43:00
1743151440,30739.95,30739.95,30723.5,30724.1,2,2025-03-28 08:44:00
1743151500,30724.1,30749.5,30724.0,30749.5,6,2025-03-28 08:45:00
1743151560,30749.5,30755.4,30724.1,30755.4,8,2025-03-28 08:46:00
1743151620,30794.95,30794.95,30737.75,30764.95,34,2025-03-28 08:47:00
1743151680,30765.0,30765.0,30734.3,30764.95,9,2025-03-28 08:48:00
1743151740,30765.0,30765.0,30750.0,30765.0,5,2025-03-28 08:49:00
1743151800,30765.0,30765.0,30740.3,30740.3,7,2025-03-28 08:50:00
1743151860,30740.3,30765.0,30740.3,30765.0,4,2025-03-28 08:51:00
1743151920,30765.0,30765.0,30740.3,30740.3,8,2025-03-28 08:52:00
1743151980,30740.3,30745.0,30740.0,30745.0,5,2025-03-28 08:53:00
1743152040,30745.0,30783.95,30745.0,30765.0,36,2025-03-28 08:54:00
1743152100,30765.0,30765.0,30750.0,30750.0,20,2025-03-28 08:55:00
1743152160,30750.0,30765.0,30740.15,30764.95,34,2025-03-28 08:56:00
1743152220,30764.95,30765.0,30744.9,30744.9,7,2025-03-28 08:57:00
1743152280,30764.95,30765.0,30746.65,30765.0,23,2025-03-28 08:58:00
1743152340,30765.0,30765.0,30761.9,30765.0,18,2025-03-28 08:59:00
1743152400,30765.0,30765.0,30759.0,30765.0,13,2025-03-28 09:00:00
1743152460,30765.0,30765.0,30765.0,30765.0,8,2025-03-28 09:01:00
1743152520,30753.25,30765.0,30753.25,30765.0,13,2025-03-28 09:02:00
1743152580,30765.0,30765.0,30753.0,30765.0,8,2025-03-28 09:03:00
1743152640,30720.45,30782.0,30720.45,30733.6,55,2025-03-28 09:04:00
1743152700,30733.6,30785.0,30733.6,30785.0,23,2025-03-28 09:05:00
1743152760,30785.0,30785.0,30764.95,30764.95,7,2025-03-28 09:06:00
1743152820,30764.95,30765.0,30740.2,30740.2,7,2025-03-28 09:07:00
1743152880,30740.2,30765.0,30740.2,30765.0,6,2025-03-28 09:08:00
1743152940,30765.0,30765.0,30753.6,30765.0,4,2025-03-28 09:09:00
1743153000,30765.0,30783.85,30740.5,30765.0,28,2025-03-28 09:10:00
1743153060,30765.0,30765.0,30764.95,30765.0,5,2025-03-28 09:11:00
1743153120,30765.0,30765.0,30740.05,30765.0,5,2025-03-28 09:12:00
1743153180,30765.0,30765.0,30740.55,30740.6,6,2025-03-28 09:13:00
1743153240,30764.95,30764.95,30740.65,30740.65,6,2025-03-28 09:14:00
1743153300,30740.65,30765.0,30740.65,30765.0,3,2025-03-28 09:15:00
1743153360,30765.0,30765.0,30745.2,30765.0,12,2025-03-28 09:16:00
1743153420,30765.0,30765.0,30745.3,30765.0,4,2025-03-28 09:17:00
1743153480,30765.0,30765.0,30765.0,30765.0,1,2025-03-28 09:18:00
1743153540,30765.0,30765.0,30746.0,30746.0,13,2025-03-28 09:19:00
1743153600,30746.0,30765.0,30746.0,30764.3,6,2025-03-28 09:20:00
1743153660,30764.3,30764.75,30761.8,30764.75,6,2025-03-28 09:21:00
1743153720,30746.0,30764.7,30746.0,30746.05,6,2025-03-28 09:22:00
1743153780,30746.05,30765.0,30746.05,30751.05,6,2025-03-28 09:23:00
1743153840,30751.05,30764.7,30746.0,30746.0,4,2025-03-28 09:24:00
1743153900,30746.0,30764.75,30746.0,30764.75,8,2025-03-28 09:25:00
1743153960,30764.75,30764.75,30720.85,30763.95,28,2025-03-28 09:26:00
1743154020,30763.95,30763.95,30721.35,30746.0,12,2025-03-28 09:27:00
1743154080,30746.0,30746.0,30700.2,30700.2,23,2025-03-28 09:28:00
1743154140,30710.0,30720.0,30693.95,30714.05,17,2025-03-28 09:29:00
1743154200,30716.75,30759.8,30716.75,30759.8,91,2025-03-28 09:30:00
1743154260,30759.8,30759.8,30695.35,30695.35,28,2025-03-28 09:31:00
1743154320,30695.35,30749.2,30695.35,30749.2,4,2025-03-28 09:32:00
1743154380,30749.2,30749.85,30743.05,30749.85,13,2025-03-28 09:33:00
1743154440,30746.6,30749.35,30713.85,30749.35,15,2025-03-28 09:34:00
1743154500,30749.35,30749.35,30721.9,30745.0,10,2025-03-28 09:35:00
1743154560,30745.0,30745.0,30716.9,30740.0,12,2025-03-28 09:36:00
1743154620,30740.0,30740.0,30718.5,30740.0,8,2025-03-28 09:37:00
1743154680,30740.0,30740.0,30720.0,30740.0,54,2025-03-28 09:38:00
1743154740,30740.0,30740.0,30712.1,30714.85,25,2025-03-28 09:39:00
1743154800,30714.85,30740.0,30714.85,30739.95,17,2025-03-28 09:40:00
1743154860,30739.95,30739.95,30737.4,30739.5,5,2025-03-28 09:41:00
1743154920,30739.5,30739.5,30720.1,30739.0,11,2025-03-28 09:42:00
1743154980,30728.05,30739.5,30712.15,30715.0,31,2025-03-28 09:43:00
1743155040,30715.0,30739.5,30712.1,30734.15,15,2025-03-28 09:44:00
1743155100,30734.15,30750.0,30734.15,30750.0,63,2025-03-28 09:45:00
1743155160,30739.75,30750.0,30712.1,30750.0,51,2025-03-28 09:46:00
1743155220,30750.0,30750.0,30728.05,30749.6,24,2025-03-28 09:47:00
1743155280,30749.6,30749.9,30731.3,30731.3,60,2025-03-28 09:48:00
1743155340,30744.95,30749.9,30731.35,30737.2,28,2025-03-28 09:49:00
1743155400,30740.0,30750.0,30711.2,30730.55,51,2025-03-28 09:50:00
1743155460,30730.55,30738.9,30714.95,30727.75,20,2025-03-28 09:51:00
1743155520,30727.75,30750.0,30700.25,30749.85,53,2025-03-28 09:52:00
1743155580,30749.6,30749.75,30708.05,30748.85,33,2025-03-28 09:53:00
1743155640,30748.85,30748.85,30710.65,30739.3,17,2025-03-28 09:54:00
1743155700,30739.3,30749.0,30700.0,30700.0,58,2025-03-28 09:55:00
1743155760,30700.0,30722.3,30700.0,30722.3,15,2025-03-28 09:56:00
1743155820,30722.3,30722.3,30660.05,30676.4,29,2025-03-28 09:57:00
1743155880,30717.95,30717.95,30650.0,30650.0,41,2025-03-28 09:58:00
1743155940,30650.0,30683.5,30650.0,30650.0,41,2025-03-28 09:59:00
1743479100,30720.55,30720.6,30352.05,30411.35,222,2025-04-01 03:45:00
1743479160,30411.35,30532.05,30411.35,30459.05,72,2025-04-01 03:46:00
1743479220,30459.05,30617.75,30459.05,30611.1,39,2025-04-01 03:47:00
1743479280,30611.1,30620.65,30604.95,30604.95,5,2025-04-01 03:48:00
1743479340,30640.55,30640.55,30546.15,30546.15,31,2025-04-01 03:49:00
1743479400,30546.15,30557.0,30531.25,30557.0,14,2025-04-01 03:50:00
1743479460,30557.0,30603.95,30557.0,30565.9,65,2025-04-01 03:51:00
1743479520,30565.9,30595.1,30565.9,30595.1,5,2025-04-01 03:52:00
1743479580,30595.1,30595.1,30450.05,30450.05,115,2025-04-01 03:53:00
1743479640,30450.0,30484.8,30437.5,30454.6,22,2025-04-01 03:54:00
1743479700,30454.6,30480.45,30454.6,30478.8,14,2025-04-01 03:55:00
1743479760,30478.8,30499.8,30432.5,30499.8,8,2025-04-01 03:56:00
1743479820,30499.8,30499.8,30499.1,30499.1,18,2025-04-01 03:57:00
1743479880,30499.8,30499.85,30473.25,30473.25,13,2025-04-01 03:58:00
1743479940,30473.25,30473.25,30473.25,30473.25,0,2025-04-01 03:59:00
1743480000,30472.85,30504.05,30472.85,30504.05,41,2025-04-01 04:00:00
1743480060,30504.05,30504.05,30504.05,30504.05,0,2025-04-01 04:01:00
1743480120,30504.05,30556.8,30504.05,30540.2,5,2025-04-01 04:02:00
1743480180,30540.2,30540.2,30473.25,30473.25,13,2025-04-01 04:03:00
1743480240,30473.25,30486.15,30473.25,30486.15,2,2025-04-01 04:04:00
1743480300,30486.15,30530.45,30486.15,30530.45,18,2025-04-01 04:05:00
1743480360,30570.0,30570.0,30568.25,30568.25,3,2025-04-01 04:06:00
1743480420,30568.25,30568.25,30522.2,30532.15,5,2025-04-01 04:07:00
1743480480,30532.15,30532.15,30475.0,30480.15,24,2025-04-01 04:08:00
1743480540,30512.9,30516.1,30476.2,30516.1,8,2025-04-01 04:09:00
1743480600,30516.1,30520.0,30481.25,30520.0,7,2025-04-01 04:10:00
1743480660,30520.0,30549.75,30520.0,30549.75,1,2025-04-01 04:11:00
1743480720,30549.75,30549.75,30514.55,30514.55,16,2025-04-01 04:12:00
1743480780,30514.55,30514.55,30514.55,30514.55,0,2025-04-01 04:13:00
1743480840,30526.35,30526.35,30500.0,30500.0,39,2025-04-01 04:14:00
1743480900,30500.0,30523.15,30500.0,30523.15,2,2025-04-01 04:15:00
1743480960,30523.15,30523.15,30483.8,30513.35,10,2025-04-01 04:16:00
1743481020,30513.35,30513.35,30498.15,30498.15,12,2025-04-01 04:17:00
1743481080,30498.15,30522.35,30498.15,30522.35,4,2025-04-01 04:18:00
1743481140,30522.35,30535.75,30522.35,30535.75,1,2025-04-01 04:19:00
1743481200,30535.75,30535.75,30506.2,30506.2,2,2025-04-01 04:20:00
1743481260,30506.2,30506.2,30500.9,30502.8,4,2025-04-01 04:21:00
1743481320,30502.8,30533.95,30502.8,30533.95,26,2025-04-01 04:22:00
1743481380,30533.95,30533.95,30533.95,30533.95,0,2025-04-01 04:23:00
1743481440,30533.95,30550.0,30533.95,30550.0,8,2025-04-01 04:24:00
1743481500,30550.0,30550.0,30500.0,30521.5,9,2025-04-01 04:25:00
1743481560,30521.5,30537.65,30521.5,30537.65,12,2025-04-01 04:26:00
1743481620,30537.65,30537.65,30537.65,30537.65,3,2025-04-01 04:27:00
1743481680,30537.65,30537.65,30504.05,30504.05,1,2025-04-01 04:28:00
1743481740,30504.05,30536.5,30504.05,30536.5,3,2025-04-01 04:29:00
1743481800,30536.5,30536.5,30536.5,30536.5,0,2025-04-01 04:30:00
1743481860,30536.5,30536.5,30536.3,30536.3,4,2025-04-01 04:31:00
1743481920,30536.3,30536.3,30504.05,30504.05,8,2025-04-01 04:32:00
1743481980,30504.05,30524.85,30488.4,30524.85,6,2025-04-01 04:33:00
1743482040,30525.0,30599.0,30525.0,30570.35,186,2025-04-01 04:34:00
1743482100,30570.35,30695.0,30570.35,30695.0,123,2025-04-01 04:35:00
1743482160,30695.0,30695.0,30644.9,30649.2,15,2025-04-01 04:36:00
1743482220,30649.2,30670.0,30649.2,30652.35,64,2025-04-01 04:37:00
1743482280,30652.35,30652.35,30650.0,30650.0,2,2025-04-01 04:38:00
1743482340,30650.0,30650.0,30650.0,30650.0,4,2025-04-01 04:39:00
1743482400,30650.0,30679.05,30650.0,30679.05,5,2025-04-01 04:40:00
1743482460,30679.05,30695.0,30653.7,30653.7,21,2025-04-01 04:41:00
1743482520,30653.15,30679.0,30653.15,30655.15,5,2025-04-01 04:42:00
1743482580,30655.15,30655.15,30640.85,30650.0,18,2025-04-01 04:43:00
1743482640,30650.0,30650.0,30650.0,30650.0,0,2025-04-01 04:44:00
1743482700,30650.0,30650.0,30650.0,30650.0,0,2025-04-01 04:45:00
1743482760,30650.0,30695.0,30650.0,30692.6,24,2025-04-01 04:46:00
1743482820,30692.6,30694.35,30657.2,30657.2,3,2025-04-01 04:47:00
1743482880,30657.2,30682.55,30657.2,30682.55,2,2025-04-01 04:48:00
1743482940,30695.0,30695.0,30695.0,30695.0,4,2025-04-01 04:49:00
1743483000,30695.0,30695.0,30655.5,30655.5,2,2025-04-01 04:50:00
1743483060,30655.5,30666.3,30633.45,30666.3,12,2025-04-01 04:51:00
1743483120,30666.3,30666.3,30666.3,30666.3,0,2025-04-01 04:52:00
1743483180,30666.3,30666.3,30641.8,30641.8,10,2025-04-01 04:53:00
1743483240,30641.8,30675.3,30641.8,30675.3,2,2025-04-01 04:54:00
1743483300,30675.3,30675.3,30622.2,30632.55,21,2025-04-01 04:55:00
1743483360,30632.55,30632.55,30551.15,30551.15,130,2025-04-01 04:56:00
1743483420,30500.05,30520.05,30500.05,30520.05,23,2025-04-01 04:57:00
1743483480,30520.05,30534.2,30520.05,30534.2,1,2025-04-01 04:58:00
1743483540,30534.2,30534.2,30534.2,30534.2,0,2025-04-01 04:59:00
1743483600,30534.2,30575.6,30520.15,30565.7,18,2025-04-01 05:00:00
1743483660,30565.7,30565.7,30528.25,30528.25,2,2025-04-01 05:01:00
1743483720,30528.25,30528.25,30524.3,30524.65,2,2025-04-01 05:02:00
1743483780,30524.65,30524.65,30524.65,30524.65,0,2025-04-01 05:03:00
1743483840,30524.65,30558.05,30524.65,30558.05,1,2025-04-01 05:04:00
1743483900,30558.05,30558.05,30551.65,30551.65,1,2025-04-01 05:05:00
1743483960,30565.0,30594.45,30541.0,30574.5,9,2025-04-01 05:06:00
1743484020,30574.5,30598.35,30531.1,30598.35,12,2025-04-01 05:07:00
1743484080,30599.75,30641.05,30599.75,30607.8,9,2025-04-01 05:08:00
1743484140,30607.8,30664.3,30607.2,30631.1,14,2025-04-01 05:09:00
1743484200,30652.0,30665.25,30616.15,30665.25,9,2025-04-01 05:10:00
1743484260,30665.25,30670.0,30633.15,30666.0,8,2025-04-01 05:11:00
1743484320,30666.0,30670.0,30636.45,30669.75,11,2025-04-01 05:12:00
1743484380,30669.8,30669.8,30600.0,30607.5,118,2025-04-01 05:13:00
1743484440,30607.5,30661.8,30607.5,30640.7,5,2025-04-01 05:14:00
1743484500,30668.2,30668.2,30630.9,30651.15,17,2025-04-01 05:15:00
1743484560,30670.0,30670.0,30667.45,30670.0,13,2025-04-01 05:16:00
1743484620,30638.9,30670.0,30638.9,30670.0,9,2025-04-01 05:17:00
1743484680,30670.0,30670.0,30669.8,30670.0,5,2025-04-01 05:18:00
1743484740,30670.0,30670.0,30670.0,30670.0,7,2025-04-01 05:19:00
1743484800,30670.0,30670.0,30665.2,30670.0,5,2025-04-01 05:20:00
1743484860,30670.0,30670.0,30636.75,30670.0,8,2025-04-01 05:21:00
1743484920,30670.0,30670.0,30639.85,30670.0,7,2025-04-01 05:22:00
1743484980,30670.0,30670.0,30669.7,30669.95,6,2025-04-01 05:23:00
1743485040,30669.95,30669.95,30669.85,30669.95,11,2025-04-01 05:24:00
1743485100,30669.95,30677.6,30669.95,30677.6,6,2025-04-01 05:25:00
1743485160,30677.6,30677.6,30643.85,30655.95,8,2025-04-01 05:26:00
1743485220,30655.95,30669.95,30655.95,30669.95,22,2025-04-01 05:27:00
1743485280,30669.95,30681.8,30650.2,30674.75,20,2025-04-01 05:28:00
1743485340,30682.0,30686.85,30682.0,30686.85,7,2025-04-01 05:29:00
1743485400,30688.0,30690.0,30661.2,30666.85,16,2025-04-01 05:30:00
1743485460,30666.85,30690.0,30663.6,30690.0,18,2025-04-01 05:31:00
1743485520,30690.0,30695.0,30690.0,30695.0,19,2025-04-01 05:32:00
1743485580,30695.0,30695.0,30695.0,30695.0,13,2025-04-01 05:33:00
1743485640,30695.0,30695.0,30670.25,30675.0,11,2025-04-01 05:34:00
1743485700,30695.0,30780.0,30695.0,30722.55,208,2025-04-01 05:35:00
1743485760,30740.8,30780.0,30740.8,30774.45,10,2025-04-01 05:36:00
1743485820,30750.0,30774.45,30747.2,30774.45,12,2025-04-01 05:37:00
1743485880,30774.45,30774.45,30715.65,30767.9,24,2025-04-01 05:38:00
1743485940,30767.95,30780.0,30767.95,30780.0,10,2025-04-01 05:39:00
1743486000,30780.0,30780.0,30706.85,30761.4,51,2025-04-01 05:40:00
1743486060,30761.4,30780.0,30761.4,30780.0,4,2025-04-01 05:41:00
1743486120,30780.0,30780.0,30720.2,30720.2,12,2025-04-01 05:42:00
1743486180,30720.2,30720.2,30653.3,30653.3,28,2025-04-01 05:43:00
1743486240,30658.4,30658.4,30632.2,30632.2,12,2025-04-01 05:44:00
1743486300,30632.2,30632.2,30577.15,30577.15,10,2025-04-01 05:45:00
1743486360,30600.0,30658.15,30600.0,30658.15,15,2025-04-01 05:46:00
1743486420,30658.15,30691.35,30658.15,30691.35,3,2025-04-01 05:47:00
1743486480,30691.35,30691.35,30658.95,30658.95,6,2025-04-01 05:48:00
1743486540,30658.95,30658.95,30643.45,30643.45,2,2025-04-01 05:49:00
1743486600,30643.45,30680.0,30643.45,30680.0,1,2025-04-01 05:50:00
1743486660,30693.15,30693.15,30646.25,30646.25,12,2025-04-01 05:51:00
1743486720,30646.25,30664.25,30631.65,30664.25,3,2025-04-01 05:52:00
1743486780,30630.25,30688.25,30630.25,30688.25,5,2025-04-01 05:53:00
1743486840,30688.25,30695.85,30674.55,30674.55,2,2025-04-01 05:54:00
1743486900,30657.4,30657.4,30630.2,30654.4,16,2025-04-01 05:55:00
1743486960,30654.4,30654.4,30612.25,30612.25,2,2025-04-01 05:56:00
1743487020,30612.25,30635.0,30612.25,30635.0,1,2025-04-01 05:57:00
1743487080,30635.0,30655.0,30635.0,30655.0,1,2025-04-01 05:58:00
1743487140,30655.0,30655.0,30655.0,30655.0,1,2025-04-01 05:59:00
1743487200,30655.0,30655.0,30621.0,30621.0,10,2025-04-01 06:00:00
1743487260,30621.0,30621.0,30610.0,30610.0,2,2025-04-01 06:01:00
1743487320,30610.0,30620.3,30610.0,30620.3,5,2025-04-01 06:02:00
1743487380,30620.3,30620.3,30605.0,30605.0,3,2025-04-01 06:03:00
1743487440,30605.0,30605.0,30562.25,30562.25,7,2025-04-01 06:04:00
1743487500,30562.25,30600.0,30562.25,30565.7,5,2025-04-01 06:05:00
1743487560,30565.7,30601.75,30565.7,30601.75,1,2025-04-01 06:06:00
1743487620,30601.75,30620.3,30601.75,30620.3,3,2025-04-01 06:07:00
1743487680,30620.3,30620.3,30592.1,30606.6,29,2025-04-01 06:08:00
1743487740,30606.6,30640.6,30606.6,30640.6,2,2025-04-01 06:09:00
1743487800,30623.8,30637.5,30623.8,30637.5,4,2025-04-01 06:10:00
1743487860,30637.5,30637.5,30562.35,30562.35,40,2025-04-01 06:11:00
1743487920,30621.3,30621.3,30616.2,30616.2,2,2025-04-01 06:12:00
1743487980,30616.2,30620.9,30616.2,30620.9,1,2025-04-01 06:13:00
1743488040,30620.9,30637.05,30616.55,30637.05,2,2025-04-01 06:14:00
1743488100,30637.05,30637.9,30593.85,30637.9,5,2025-04-01 06:15:00
1743488160,30637.9,30651.0,30637.1,30651.0,10,2025-04-01 06:16:00
1743488220,30651.0,30700.0,30651.0,30700.0,5,2025-04-01 06:17:00
1743488280,30700.0,30726.85,30695.05,30726.85,7,2025-04-01 06:18:00
1743488340,30726.85,30735.2,30697.6,30725.85,9,2025-04-01 06:19:00
1743488400,30725.85,30734.7,30704.0,30734.7,9,2025-04-01 06:20:00
1743488460,30734.7,30778.95,30734.7,30773.1,13,2025-04-01 06:21:00
1743488520,30726.3,30769.0,30715.2,30715.2,8,2025-04-01 06:22:00
1743488580,30715.2,30750.3,30715.2,30750.3,4,2025-04-01 06:23:00
1743488640,30750.3,30750.3,30720.05,30750.3,8,2025-04-01 06:24:00
1743488700,30750.3,30750.3,30716.05,30731.65,9,2025-04-01 06:25:00
1743488760,30731.65,30750.0,30731.65,30749.75,5,2025-04-01 06:26:00
1743488820,30749.75,30750.0,30665.4,30665.4,61,2025-04-01 06:27:00
1743488880,30665.4,30687.1,30665.4,30682.7,5,2025-04-01 06:28:00
1743488940,30682.7,30685.3,30676.7,30679.5,5,2025-04-01 06:29:00
1743489000,30679.5,30679.5,30643.45,30671.9,30,2025-04-01 06:30:00
1743489060,30671.9,30687.95,30671.9,30671.95,5,2025-04-01 06:31:00
1743489120,30671.95,30698.7,30671.95,30687.8,4,2025-04-01 06:32:00
1743489180,30687.8,30687.95,30671.95,30671.95,5,2025-04-01 06:33:00
1743489240,30671.95,30692.8,30643.4,30692.8,6,2025-04-01 06:34:00
1743489300,30692.8,30697.7,30680.9,30687.95,4,2025-04-01 06:35:00
1743489360,30687.95,30700.0,30687.95,30695.0,5,2025-04-01 06:36:00
1743489420,30695.0,30695.0,30681.25,30681.25,3,2025-04-01 06:37:00
1743489480,30681.25,30681.25,30652.15,30652.15,12,2025-04-01 06:38:00
1743489540,30666.45,30687.5,30642.3,30687.5,22,2025-04-01 06:39:00
1743489600,30687.5,30700.0,30664.95,30699.8,20,2025-04-01 06:40:00
1743489660,30699.85,30750.0,30699.85,30740.0,69,2025-04-01 06:41:00
1743489720,30740.0,30779.25,30740.0,30750.35,59,2025-04-01 06:42:00
1743489780,30750.35,30888.75,30750.35,30880.0,196,2025-04-01 06:43:00
1743489840,30897.0,30980.0,30889.05,30980.0,221,2025-04-01 06:44:00
1743489900,30980.0,31107.55,30980.0,31048.15,153,2025-04-01 06:45:00
1743489960,31056.15,31056.15,30950.0,30988.2,101,2025-04-01 06:46:00
1743490020,30988.2,31017.8,30980.4,30980.4,16,2025-04-01 06:47:00
1743490080,30980.4,31000.0,30980.4,31000.0,23,2025-04-01 06:48:00
1743490140,31000.0,31045.3,30970.05,30998.2,31,2025-04-01 06:49:00
1743490200,30998.2,30998.2,30970.1,30970.1,11,2025-04-01 06:50:00
1743490260,30970.1,30970.1,30919.85,30933.9,101,2025-04-01 06:51:00
1743490320,30900.0,30915.5,30832.1,30915.5,60,2025-04-01 06:52:00
1743490380,30915.5,30919.25,30900.95,30904.15,40,2025-04-01 06:53:00
1743490440,30913.75,30950.0,30913.75,30950.0,112,2025-04-01 06:54:00
1743490500,30950.0,30961.65,30950.0,30961.65,1,2025-04-01 06:55:00
1743490560,30961.65,30995.65,30941.1,30957.35,19,2025-04-01 06:56:00
1743490620,30957.35,30957.35,30957.35,30957.35,0,2025-04-01 06:57:00
1743490680,30957.35,31013.0,30957.35,31013.0,65,2025-04-01 06:58:00
1743490740,31013.0,31013.0,30991.65,30991.65,41,2025-04-01 06:59:00
1743490800,30991.65,31012.95,30991.65,31000.7,7,2025-04-01 07:00:00
1743490860,31000.7,31000.7,31000.05,31000.05,1,2025-04-01 07:01:00
1743490920,31000.05,31000.05,31000.05,31000.05,1,2025-04-01 07:02:00
1743490980,31000.05,31000.05,30985.85,30985.85,5,2025-04-01 07:03:00
1743491040,30985.85,30985.85,30985.85,30985.85,0,2025-04-01 07:04:00
1743491100,30985.85,30985.85,30985.85,30985.85,0,2025-04-01 07:05:00
1743491160,30985.85,30985.85,30962.25,30962.25,1,2025-04-01 07:06:00
1743491220,30962.25,30962.25,30913.0,30913.0,7,2025-04-01 07:07:00
1743491280,30913.0,30918.15,30910.0,30910.0,88,2025-04-01 07:08:00
1743491340,30910.0,30928.05,30910.0,30928.05,4,2025-04-01 07:09:00
1743491400,30950.0,30950.0,30950.0,30950.0,2,2025-04-01 07:10:00
1743491460,30950.0,30950.0,30933.5,30933.5,2,2025-04-01 07:11:00
1743491520,30933.5,30985.0,30933.5,30985.0,13,2025-04-01 07:12:00
1743491580,30985.0,31017.45,30968.75,30968.75,36,2025-04-01 07:13:00
1743491640,30968.75,30968.75,30968.75,30968.75,0,2025-04-01 07:14:00
1743491700,30968.75,30968.75,30968.75,30968.75,0,2025-04-01 07:15:00
1743491760,30968.75,30968.75,30967.2,30967.2,5,2025-04-01 07:16:00
1743491820,30967.2,30967.2,30967.2,30967.2,0,2025-04-01 07:17:00
1743491880,30967.2,30967.2,30933.05,30933.05,2,2025-04-01 07:18:00
1743491940,30933.05,30933.05,30933.05,30933.05,0,2025-04-01 07:19:00
1743492000,30933.05,30933.05,30933.05,30933.05,0,2025-04-01 07:20:00
1743492060,30933.05,30933.05,30933.05,30933.05,0,2025-04-01 07:21:00
1743492120,30933.05,30959.8,30933.0,30959.8,2,2025-04-01 07:22:00
1743492180,30959.8,30959.8,30959.8,30959.8,10,2025-04-01 07:23:00
1743492240,30959.8,30959.8,30948.55,30948.55,1,2025-04-01 07:24:00
1743492300,30948.55,30959.85,30948.55,30959.85,3,2025-04-01 07:25:00
1743492360,30933.1,30933.1,30921.8,30921.8,6,2025-04-01 07:26:00
1743492420,30921.8,30947.75,30921.8,30947.75,1,2025-04-01 07:27:00
1743492480,30947.75,30987.45,30947.75,30987.45,69,2025-04-01 07:28:00
1743492540,30987.45,30987.45,30968.35,30968.35,1,2025-04-01 07:29:00
1743492600,30968.35,30968.35,30968.3,30968.3,1,2025-04-01 07:30:00
1743492660,30968.3,30968.3,30918.65,30959.85,22,2025-04-01 07:31:00
1743492720,30959.85,30959.85,30959.85,30959.85,0,2025-04-01 07:32:00
1743492780,30959.85,30959.85,30948.1,30948.1,2,2025-04-01 07:33:00
1743492840,30948.1,30964.75,30948.1,30964.75,1,2025-04-01 07:34:00
1743492900,30964.75,30964.75,30964.75,30964.75,0,2025-04-01 07:35:00
1743492960,30964.75,30964.75,30964.75,30964.75,2,2025-04-01 07:36:00
1743493020,30964.75,30991.95,30964.75,30978.95,12,2025-04-01 07:37:00
1743493080,30978.95,30978.95,30978.95,30978.95,0,2025-04-01 07:38:00
1743493140,30978.95,30978.95,30978.95,30978.95,0,2025-04-01 07:39:00
1743493200,30978.95,30978.95,30978.95,30978.95,0,2025-04-01 07:40:00
1743493260,30978.95,30978.95,30978.95,30978.95,0,2025-04-01 07:41:00
1743493320,30970.4,30970.4,30970.4,30970.4,1,2025-04-01 07:42:00
1743493380,30970.4,30990.7,30970.4,30990.7,1,2025-04-01 07:43:00
1743493440,30990.7,30990.7,30990.7,30990.7,0,2025-04-01 07:44:00
1743493500,30990.7,30990.7,30910.0,30939.75,43,2025-04-01 07:45:00
1743493560,30939.75,30939.75,30900.0,30900.0,6,2025-04-01 07:46:00
1743493620,30900.0,30900.0,30899.95,30899.95,1,2025-04-01 07:47:00
1743493680,30900.0,30900.0,30898.35,30898.35,5,2025-04-01 07:48:00
1743493740,30898.35,30898.35,30856.1,30856.1,6,2025-04-01 07:49:00
1743493800,30851.0,30851.0,30851.0,30851.0,2,2025-04-01 07:50:00
1743493860,30892.4,30892.4,30892.4,30892.4,3,2025-04-01 07:51:00
1743493920,30892.4,30892.4,30821.0,30821.0,17,2025-04-01 07:52:00
1743493980,30819.0,30819.0,30819.0,30819.0,39,2025-04-01 07:53:00
1743494040,30819.0,30848.5,30819.0,30848.5,3,2025-04-01 07:54:00
1743494100,30848.5,30850.0,30823.35,30850.0,3,2025-04-01 07:55:00
1743494160,30850.0,30850.0,30823.65,30823.65,3,2025-04-01 07:56:00
1743494220,30823.65,30823.9,30816.0,30816.0,7,2025-04-01 07:57:00
1743494280,30816.0,30847.35,30816.0,30847.35,7,2025-04-01 07:58:00
1743494340,30847.35,30848.95,30817.05,30817.05,8,2025-04-01 07:59:00
1743494400,30817.05,30847.0,30816.15,30816.15,10,2025-04-01 08:00:00
1743494460,30816.15,30846.0,30816.15,30816.3,7,2025-04-01 08:01:00
1743494520,30816.3,30889.85,30816.3,30874.2,30,2025-04-01 08:02:00
1743494580,30874.2,30874.2,30819.7,30819.7,6,2025-04-01 08:03:00
1743494640,30819.7,30819.7,30816.0,30816.0,8,2025-04-01 08:04:00
1743494700,30816.0,30816.5,30816.0,30816.5,7,2025-04-01 08:05:00
1743494760,30816.5,30816.5,30816.0,30816.0,6,2025-04-01 08:06:00
1743494820,30816.0,30816.1,30816.0,30816.0,8,2025-04-01 08:07:00
1743494880,30816.0,30845.95,30811.0,30811.0,12,2025-04-01 08:08:00
1743494940,30811.0,30820.0,30811.0,30820.0,11,2025-04-01 08:09:00
1743495000,30820.0,30820.0,30811.05,30811.05,6,2025-04-01 08:10:00
1743495060,30811.05,30816.05,30811.0,30811.0,7,2025-04-01 08:11:00
1743495120,30800.0,30800.0,30640.95,30687.95,220,2025-04-01 08:12:00
1743495180,30687.95,30687.95,30687.95,30687.95,0,2025-04-01 08:13:00
1743495240,30687.95,30687.95,30640.0,30640.0,2,2025-04-01 08:14:00
1743495300,30640.0,30650.0,30640.0,30650.0,6,2025-04-01 08:15:00
1743495360,30650.0,30650.0,30640.0,30640.0,8,2025-04-01 08:16:00
1743495420,30640.0,30640.0,30550.0,30621.3,17,2025-04-01 08:17:00
1743495480,30571.2,30571.2,30552.15,30552.15,26,2025-04-01 08:18:00
1743495540,30552.15,30552.15,30540.0,30540.0,29,2025-04-01 08:19:00
1743495600,30540.0,30567.9,30528.3,30545.45,41,2025-04-01 08:20:00
1743495660,30545.45,30578.1,30528.05,30528.3,22,2025-04-01 08:21:00
1743495720,30528.3,30559.95,30528.3,30559.95,11,2025-04-01 08:22:00
1743495780,30559.95,30592.6,30559.95,30592.6,1,2025-04-01 08:23:00
1743495840,30592.6,30592.6,30566.5,30566.5,1,2025-04-01 08:24:00
1743495900,30566.5,30566.5,30566.5,30566.5,7,2025-04-01 08:25:00
1743495960,30566.5,30566.5,30566.5,30566.5,0,2025-04-01 08:26:00
1743496020,30566.5,30566.5,30566.5,30566.5,13,2025-04-01 08:27:00
1743496080,30566.5,30566.5,30548.55,30548.55,1,2025-04-01 08:28:00
1743496140,30548.55,30548.55,30540.0,30540.0,3,2025-04-01 08:29:00
1743496200,30540.25,30590.75,30540.25,30590.0,12,2025-04-01 08:30:00
1743496260,30590.0,30590.0,30590.0,30590.0,2,2025-04-01 08:31:00
1743496320,30590.0,30590.0,30560.25,30560.25,3,2025-04-01 08:32:00
1743496380,30560.25,30560.25,30555.0,30555.0,40,2025-04-01 08:33:00
1743496440,30555.0,30555.0,30555.0,30555.0,0,2025-04-01 08:34:00
1743496500,30555.0,30564.55,30555.0,30557.15,2,2025-04-01 08:35:00
1743496560,30557.15,30557.15,30555.0,30555.0,1,2025-04-01 08:36:00
1743496620,30555.0,30555.1,30555.0,30555.1,1,2025-04-01 08:37:00
1743496680,30555.1,30590.0,30555.1,30590.0,10,2025-04-01 08:38:00
1743496740,30590.0,30590.0,30590.0,30590.0,0,2025-04-01 08:39:00
1743496800,30590.0,30590.0,30590.0,30590.0,0,2025-04-01 08:40:00
1743496860,30590.0,30590.0,30577.85,30577.85,6,2025-04-01 08:41:00
1743496920,30577.85,30577.85,30577.85,30577.85,0,2025-04-01 08:42:00
1743496980,30577.85,30577.85,30577.85,30577.85,0,2025-04-01 08:43:00
1743497040,30577.85,30577.85,30556.05,30556.05,1,2025-04-01 08:44:00
1743497100,30556.05,30556.05,30556.05,30556.05,0,2025-04-01 08:45:00
1743497160,30556.05,30576.8,30556.05,30576.8,7,2025-04-01 08:46:00
1743497220,30576.8,30576.8,30555.0,30555.0,1,2025-04-01 08:47:00
1743497280,30555.0,30577.0,30555.0,30555.65,2,2025-04-01 08:48:00
1743497340,30577.0,30577.0,30555.0,30555.0,4,2025-04-01 08:49:00
1743497400,30555.0,30576.8,30555.0,30576.8,5,2025-04-01 08:50:00
1743497460,30576.8,30576.8,30540.15,30540.15,7,2025-04-01 08:51:00
1743497520,30540.15,30543.5,30540.15,30542.45,2,2025-04-01 08:52:00
1743497580,30542.45,30576.65,30540.0,30576.65,6,2025-04-01 08:53:00
1743497640,30576.65,30576.8,30537.0,30576.8,46,2025-04-01 08:54:00
1743497700,30576.8,30576.8,30528.3,30528.3,23,2025-04-01 08:55:00
1743497760,30528.3,30536.95,30528.3,30536.95,3,2025-04-01 08:56:00
1743497820,30536.95,30569.8,30528.35,30563.6,3,2025-04-01 08:57:00
1743497880,30563.6,30593.6,30532.0,30568.0,34,2025-04-01 08:58:00
1743497940,30568.0,30568.0,30568.0,30568.0,2,2025-04-01 08:59:00
1743498000,30597.0,30599.8,30568.3,30569.4,11,2025-04-01 09:00:00
1743498060,30569.4,30569.4,30568.05,30568.05,2,2025-04-01 09:01:00
1743498120,30568.05,30593.2,30568.0,30586.75,28,2025-04-01 09:02:00
1743498180,30586.75,30592.1,30548.75,30592.1,4,2025-04-01 09:03:00
1743498240,30592.1,30592.1,30536.7,30536.7,3,2025-04-01 09:04:00
1743498300,30536.7,30540.0,30536.7,30540.0,1,2025-04-01 09:05:00
1743498360,30540.0,30576.3,30540.0,30567.65,4,2025-04-01 09:06:00
1743498420,30567.65,30567.65,30531.85,30531.85,3,2025-04-01 09:07:00
1743498480,30531.85,30543.45,30531.85,30536.25,2,2025-04-01 09:08:00
1743498540,30536.25,30536.25,30536.25,30536.25,0,2025-04-01 09:09:00
1743498600,30537.0,30573.5,30529.4,30573.5,24,2025-04-01 09:10:00
1743498660,30536.5,30568.7,30430.0,30430.0,243,2025-04-01 09:11:00
1743498720,30430.0,30432.0,30377.0,30384.1,27,2025-04-01 09:12:00
1743498780,30384.1,30388.0,30384.1,30388.0,3,2025-04-01 09:13:00
1743498840,30388.0,30388.0,30386.1,30386.1,1,2025-04-01 09:14:00
1743498900,30386.1,30438.1,30386.1,30438.1,130,2025-04-01 09:15:00
1743498960,30400.0,30416.3,30391.0,30400.0,86,2025-04-01 09:16:00
1743499020,30400.0,30400.0,30365.0,30388.2,21,2025-04-01 09:17:00
1743499080,30383.95,30383.95,30383.95,30383.95,2,2025-04-01 09:18:00
1743499140,30383.95,30383.95,30364.35,30364.35,7,2025-04-01 09:19:00
1743499200,30364.35,30364.35,30354.95,30354.95,2,2025-04-01 09:20:00
1743499260,30354.95,30384.0,30354.95,30384.0,2,2025-04-01 09:21:00
1743499320,30384.0,30384.0,30330.45,30330.45,10,2025-04-01 09:22:00
1743499380,30330.45,30330.5,30320.15,30330.5,6,2025-04-01 09:23:00
1743499440,30330.5,30346.55,30330.5,30346.55,5,2025-04-01 09:24:00
1743499500,30346.55,30351.2,30312.2,30341.75,14,2025-04-01 09:25:00
1743499560,30341.75,30341.75,30320.1,30320.1,2,2025-04-01 09:26:00
1743499620,30320.1,30379.55,30320.1,30369.3,10,2025-04-01 09:27:00
1743499680,30351.5,30381.35,30351.5,30381.35,3,2025-04-01 09:28:00
1743499740,30381.35,30388.1,30381.35,30388.1,1,2025-04-01 09:29:00
1743499800,30363.05,30399.45,30363.05,30399.45,12,2025-04-01 09:30:00
1743499860,30399.45,30399.45,30389.0,30391.85,4,2025-04-01 09:31:00
1743499920,30391.85,30400.0,30391.85,30399.95,20,2025-04-01 09:32:00
1743499980,30399.95,30399.95,30365.95,30395.8,5,2025-04-01 09:33:00
1743500040,30395.8,30395.8,30354.15,30354.15,5,2025-04-01 09:34:00
1743500100,30354.15,30382.8,30354.15,30382.8,1,2025-04-01 09:35:00
1743500160,30382.8,30393.75,30353.0,30353.0,13,2025-04-01 09:36:00
1743500220,30353.0,30353.0,30353.0,30353.0,0,2025-04-01 09:37:00
1743500280,30353.0,30379.95,30353.0,30379.95,1,2025-04-01 09:38:00
1743500340,30379.95,30379.95,30317.05,30347.4,14,2025-04-01 09:39:00
1743500400,30347.4,30350.0,30326.05,30349.95,16,2025-04-01 09:40:00
1743500460,30349.95,30349.95,30330.0,30330.0,7,2025-04-01 09:41:00
1743500520,30330.0,30330.0,30253.15,30253.15,52,2025-04-01 09:42:00
1743500580,30288.3,30300.4,30286.65,30300.15,14,2025-04-01 09:43:00
1743500640,30300.15,30349.85,30300.15,30349.85,24,2025-04-01 09:44:00
1743500700,30349.85,30350.8,30320.45,30320.45,6,2025-04-01 09:45:00
1743500760,30320.45,30320.45,30288.2,30318.35,8,2025-04-01 09:46:00
1743500820,30318.35,30318.35,30272.85,30272.85,1,2025-04-01 09:47:00
1743500880,30297.95,30304.35,30255.7,30300.8,59,2025-04-01 09:48:00
1743500940,30300.8,30330.0,30300.35,30301.0,12,2025-04-01 09:49:00
1743501000,30301.0,30312.3,30270.2,30295.5,30,2025-04-01 09:50:00
1743501060,30310.45,30327.15,30250.0,30270.2,52,2025-04-01 09:51:00
1743501120,30242.0,30321.75,30240.95,30295.1,30,2025-04-01 09:52:00
1743501180,30295.1,30344.95,30295.1,30314.65,7,2025-04-01 09:53:00
1743501240,30314.65,30349.8,30300.15,30349.8,13,2025-04-01 09:54:00
1743501300,30349.85,30349.85,30310.85,30311.05,5,2025-04-01 09:55:00
1743501360,30311.1,30387.95,30311.1,30350.0,43,2025-04-01 09:56:00
1743501420,30315.15,30349.9,30315.15,30320.0,18,2025-04-01 09:57:00
1743501480,30320.0,30330.0,30310.85,30310.85,12,2025-04-01 09:58:00
1743501540,30310.85,30377.95,30245.3,30245.3,10,2025-04-01 09:59:00
1743565500,30305.2,30318.0,30064.05,30155.0,80,2025-04-02 03:45:00
1743565560,30155.0,30173.3,30070.0,30100.05,80,2025-04-02 03:46:00
1743565620,30100.05,30161.8,30084.2,30084.2,28,2025-04-02 03:47:00
1743565680,30174.1,30194.85,30050.0,30050.0,70,2025-04-02 03:48:00
1743565740,30050.0,30055.6,30008.0,30050.0,100,2025-04-02 03:49:00
1743565800,30050.55,30050.55,30047.95,30047.95,18,2025-04-02 03:50:00
1743565860,30047.95,30079.95,30011.2,30041.65,76,2025-04-02 03:51:00
1743565920,30041.65,30063.95,30015.0,30015.0,26,2025-04-02 03:52:00
1743565980,30015.0,30015.0,29872.05,29937.75,230,2025-04-02 03:53:00
1743566040,29904.05,29949.8,29901.0,29901.75,69,2025-04-02 03:54:00
1743566100,29900.0,29962.95,29900.0,29962.95,59,2025-04-02 03:55:00
1743566160,29962.95,30016.25,29940.85,29953.5,80,2025-04-02 03:56:00
1743566220,29953.5,30007.7,29949.75,30007.7,24,2025-04-02 03:57:00
1743566280,30007.7,30084.2,30007.7,30057.4,29,2025-04-02 03:58:00
1743566340,30057.4,30072.5,30000.0,30072.5,13,2025-04-02 03:59:00
1743566400,30072.5,30078.1,30032.4,30032.4,7,2025-04-02 04:00:00
1743566460,30032.4,30069.85,30032.4,30069.55,3,2025-04-02 04:01:00
1743566520,30069.55,30069.55,30030.0,30030.0,25,2025-04-02 04:02:00
1743566580,30050.7,30069.85,30050.7,30069.85,9,2025-04-02 04:03:00
1743566640,30069.85,30073.7,30050.0,30050.0,33,2025-04-02 04:04:00
1743566700,30050.0,30099.85,30050.0,30061.25,27,2025-04-02 04:05:00
1743566760,30056.1,30063.65,30056.1,30063.65,11,2025-04-02 04:06:00
1743566820,30063.65,30063.65,29991.15,29992.0,27,2025-04-02 04:07:00
1743566880,29992.0,30030.15,29985.6,30030.15,5,2025-04-02 04:08:00
1743566940,30030.15,30030.15,29991.0,29991.45,6,2025-04-02 04:09:00
1743567000,30023.3,30025.0,29998.15,29998.15,6,2025-04-02 04:10:00
1743567060,30025.0,30025.0,29984.05,29984.05,12,2025-04-02 04:11:00
1743567120,29984.05,30029.0,29984.05,30029.0,14,2025-04-02 04:12:00
1743567180,30029.0,30029.0,30000.0,30000.0,101,2025-04-02 04:13:00
1743567240,30000.0,30000.0,29948.0,29948.0,38,2025-04-02 04:14:00
1743567300,29948.0,29948.0,29930.0,29930.0,13,2025-04-02 04:15:00
1743567360,29900.25,29956.8,29900.25,29900.35,21,2025-04-02 04:16:00
1743567420,29914.85,29951.25,29904.05,29951.25,30,2025-04-02 04:17:00
1743567480,29951.25,29951.25,29951.25,29951.25,0,2025-04-02 04:18:00
1743567540,29951.25,29958.2,29951.25,29958.2,1,2025-04-02 04:19:00
1743567600,29958.2,29958.25,29958.2,29958.25,1,2025-04-02 04:20:00
1743567660,29958.25,29993.35,29958.25,29993.35,2,2025-04-02 04:21:00
1743567720,29993.35,29998.05,29993.35,29997.8,9,2025-04-02 04:22:00
1743567780,29997.8,29997.8,29958.3,29958.3,8,2025-04-02 04:23:00
1743567840,29958.3,30000.0,29958.3,30000.0,11,2025-04-02 04:24:00
1743567900,30000.0,30000.0,29925.0,29925.0,23,2025-04-02 04:25:00
1743567960,29907.2,29967.4,29907.2,29917.85,32,2025-04-02 04:26:00
1743568020,29917.85,29917.85,29900.2,29917.7,21,2025-04-02 04:27:00
1743568080,29900.2,29936.7,29900.2,29912.55,10,2025-04-02 04:28:00
1743568140,29912.55,29979.0,29912.55,29940.0,68,2025-04-02 04:29:00
1743568200,29930.05,29930.05,29901.05,29901.05,7,2025-04-02 04:30:00
1743568260,29901.05,29978.8,29901.05,29978.8,6,2025-04-02 04:31:00
1743568320,29978.8,29978.8,29923.5,29931.0,6,2025-04-02 04:32:00
1743568380,29931.0,29978.8,29931.0,29933.0,4,2025-04-02 04:33:00
1743568440,29933.0,29938.0,29933.0,29935.15,3,2025-04-02 04:34:00
1743568500,29935.15,29975.1,29933.15,29933.15,4,2025-04-02 04:35:00
1743568560,29933.15,30039.4,29933.15,30039.4,50,2025-04-02 04:36:00
1743568620,30039.4,30091.9,30038.55,30038.55,31,2025-04-02 04:37:00
1743568680,30053.8,30080.0,30051.35,30063.95,13,2025-04-02 04:38:00
1743568740,30063.95,30063.95,30030.5,30030.5,1,2025-04-02 04:39:00
1743568800,30030.5,30037.35,30030.5,30037.35,2,2025-04-02 04:40:00
1743568860,30037.35,30049.1,30029.5,30049.1,6,2025-04-02 04:41:00
1743568920,30049.1,30049.1,30049.1,30049.1,0,2025-04-02 04:42:00
1743568980,30049.1,30049.1,30040.0,30040.0,15,2025-04-02 04:43:00
1743569040,30040.0,30040.0,30039.0,30039.0,1,2025-04-02 04:44:00
1743569100,30039.0,30039.0,30039.0,30039.0,0,2025-04-02 04:45:00
1743569160,30039.0,30039.0,30010.0,30032.1,2,2025-04-02 04:46:00
1743569220,30039.0,30042.75,30039.0,30042.75,6,2025-04-02 04:47:00
1743569280,30042.75,30073.3,30042.75,30073.3,4,2025-04-02 04:48:00
1743569340,30073.3,30073.3,30021.2,30021.2,2,2025-04-02 04:49:00
1743569400,30021.2,30072.5,30013.15,30013.15,35,2025-04-02 04:50:00
1743569460,30013.15,30013.15,30002.1,30002.1,2,2025-04-02 04:51:00
1743569520,30002.1,30002.1,29950.0,29981.1,29,2025-04-02 04:52:00
1743569580,29981.1,29994.0,29981.1,29990.0,3,2025-04-02 04:53:00
1743569640,29990.0,30019.25,29990.0,30019.25,2,2025-04-02 04:54:00
1743569700,30019.25,30030.05,30019.25,30030.05,2,2025-04-02 04:55:00
1743569760,30030.05,30030.05,30030.05,30030.05,0,2025-04-02 04:56:00
1743569820,30030.05,30030.05,30030.05,30030.05,0,2025-04-02 04:57:00
1743569880,30030.05,30030.05,30000.0,30000.0,7,2025-04-02 04:58:00
1743569940,29959.55,29959.55,29959.55,29959.55,7,2025-04-02 04:59:00
1743570000,30009.85,30009.85,29977.55,30005.1,4,2025-04-02 05:00:00
1743570060,30005.1,30010.0,30005.0,30005.0,11,2025-04-02 05:01:00
1743570120,30005.0,30010.0,30000.0,30010.0,15,2025-04-02 05:02:00
1743570180,30010.0,30028.4,30010.0,30028.4,2,2025-04-02 05:03:00
1743570240,30028.4,30056.4,30028.4,30056.4,5,2025-04-02 05:04:00
1743570300,30056.4,30056.4,30056.4,30056.4,0,2025-04-02 05:05:00
1743570360,30056.4,30056.4,30007.55,30007.55,12,2025-04-02 05:06:00
1743570420,30007.55,30007.55,30007.55,30007.55,0,2025-04-02 05:07:00
1743570480,30007.55,30031.8,30000.1,30023.85,8,2025-04-02 05:08:00
1743570540,30035.35,30035.35,29971.5,30011.75,28,2025-04-02 05:09:00
1743570600,30011.75,30011.75,30011.75,30011.75,0,2025-04-02 05:10:00
1743570660,30011.75,30029.4,30011.75,30029.4,17,2025-04-02 05:11:00
1743570720,30029.4,30029.4,30029.4,30029.4,0,2025-04-02 05:12:00
1743570780,30029.4,30029.4,29984.1,29984.1,5,2025-04-02 05:13:00
1743570840,29984.1,29984.1,29984.1,29984.1,0,2025-04-02 05:14:00
1743570900,29984.1,30018.85,29984.1,30018.85,1,2025-04-02 05:15:00
1743570960,30018.85,30023.8,30018.85,30023.8,3,2025-04-02 05:16:00
1743571020,30023.8,30023.8,30023.8,30023.8,0,2025-04-02 05:17:00
1743571080,30000.0,30000.0,30000.0,30000.0,1,2025-04-02 05:18:00
1743571140,30000.0,30025.0,29989.35,29989.35,3,2025-04-02 05:19:00
1743571200,29989.35,29989.35,29984.75,29984.75,1,2025-04-02 05:20:00
1743571260,29984.75,30021.4,29984.75,30021.4,3,2025-04-02 05:21:00
1743571320,30021.4,30021.4,29984.1,29984.1,13,2025-04-02 05:22:00
1743571380,29984.1,30031.9,29984.1,30031.9,20,2025-04-02 05:23:00
1743571440,30031.9,30040.0,30007.9,30040.0,4,2025-04-02 05:24:00
1743571500,30020.05,30020.05,30020.05,30020.05,1,2025-04-02 05:25:00
1743571560,30020.05,30020.05,30020.05,30020.05,0,2025-04-02 05:26:00
1743571620,30020.05,30020.05,29933.0,29933.0,29,2025-04-02 05:27:00
1743571680,29933.0,29935.3,29933.0,29935.3,6,2025-04-02 05:28:00
1743571740,29935.3,29935.3,29935.3,29935.3,0,2025-04-02 05:29:00
1743571800,29977.55,29977.55,29976.8,29977.0,6,2025-04-02 05:30:00
1743571860,29977.0,29977.0,29977.0,29977.0,0,2025-04-02 05:31:00
1743571920,29977.0,29977.0,29950.0,29955.0,11,2025-04-02 05:32:00
1743571980,29955.0,29955.0,29955.0,29955.0,1,2025-04-02 05:33:00
1743572040,29955.0,29955.0,29937.85,29940.0,3,2025-04-02 05:34:00
1743572100,29940.0,29940.0,29937.85,29937.85,4,2025-04-02 05:35:00
1743572160,29937.85,29954.0,29910.05,29939.45,24,2025-04-02 05:36:00
1743572220,29939.45,29939.45,29939.45,29939.45,11,2025-04-02 05:37:00
1743572280,29939.45,29939.45,29920.65,29920.65,23,2025-04-02 05:38:00
1743572340,29920.65,29920.65,29920.65,29920.65,5,2025-04-02 05:39:00
1743572400,29920.65,29920.65,29910.0,29919.55,22,2025-04-02 05:40:00
1743572460,29905.0,29950.0,29905.0,29950.0,136,2025-04-02 05:41:00
1743572520,29950.0,29950.0,29950.0,29950.0,0,2025-04-02 05:42:00
1743572580,29950.0,29954.85,29950.0,29954.85,8,2025-04-02 05:43:00
1743572640,29954.85,29954.85,29954.85,29954.85,0,2025-04-02 05:44:00
1743572700,29954.85,29954.85,29954.85,29954.85,6,2025-04-02 05:45:00
1743572760,29954.85,29954.85,29925.0,29925.0,8,2025-04-02 05:46:00
1743572820,29925.0,29925.0,29900.0,29900.0,80,2025-04-02 05:47:00
1743572880,29900.0,29923.35,29900.0,29923.35,5,2025-04-02 05:48:00
1743572940,29923.35,29923.35,29887.3,29903.95,153,2025-04-02 05:49:00
1743573000,29903.95,29903.95,29887.3,29888.0,3,2025-04-02 05:50:00
1743573060,29880.05,29880.05,29875.0,29875.0,57,2025-04-02 05:51:00
1743573120,29875.0,29905.05,29875.0,29902.0,4,2025-04-02 05:52:00
1743573180,29902.0,29905.05,29902.0,29904.8,3,2025-04-02 05:53:00
1743573240,29875.15,29875.15,29875.0,29875.0,3,2025-04-02 05:54:00
1743573300,29875.0,29919.35,29875.0,29890.4,2,2025-04-02 05:55:00
1743573360,29890.4,29926.2,29878.15,29926.2,3,2025-04-02 05:56:00
1743573420,29926.2,29926.2,29926.2,29926.2,0,2025-04-02 05:57:00
1743573480,29926.2,29926.2,29926.2,29926.2,2,2025-04-02 05:58:00
1743573540,29926.2,29926.2,29926.2,29926.2,0,2025-04-02 05:59:00
1743573600,29879.2,29900.0,29875.2,29875.2,9,2025-04-02 06:00:00
1743573660,29880.0,29880.0,29875.0,29875.0,21,2025-04-02 06:01:00
1743573720,29875.0,29900.0,29875.0,29900.0,1,2025-04-02 06:02:00
1743573780,29900.0,29900.0,29900.0,29900.0,0,2025-04-02 06:03:00
1743573840,29900.0,29900.0,29875.0,29875.0,2,2025-04-02 06:04:00
1743573900,29875.0,29875.0,29875.0,29875.0,0,2025-04-02 06:05:00
1743573960,29875.0,29900.0,29875.0,29900.0,2,2025-04-02 06:06:00
1743574020,29900.0,29900.0,29875.15,29875.15,7,2025-04-02 06:07:00
1743574080,29900.0,29900.0,29900.0,29900.0,4,2025-04-02 06:08:00
1743574140,29900.0,29900.0,29875.15,29900.0,3,2025-04-02 06:09:00
1743574200,29900.0,29900.0,29875.1,29875.1,12,2025-04-02 06:10:00
1743574260,29875.1,29875.1,29850.0,29869.95,50,2025-04-02 06:11:00
1743574320,29880.85,29880.85,29850.0,29850.0,18,2025-04-02 06:12:00
1743574380,29852.2,29852.2,29850.0,29852.15,55,2025-04-02 06:13:00
1743574440,29852.15,29852.15,29825.0,29825.0,11,2025-04-02 06:14:00
1743574500,29825.0,29825.0,29825.0,29825.0,10,2025-04-02 06:15:00
1743574560,29825.0,29849.8,29825.0,29825.0,2,2025-04-02 06:16:00
1743574620,29825.0,29825.0,29750.2,29750.2,82,2025-04-02 06:17:00
1743574680,29750.2,29799.8,29750.2,29799.8,2,2025-04-02 06:18:00
1743574740,29799.8,29828.7,29799.8,29828.7,13,2025-04-02 06:19:00
1743574800,29828.7,29833.75,29799.85,29799.85,3,2025-04-02 06:20:00
1743574860,29829.95,29829.95,29829.95,29829.95,4,2025-04-02 06:21:00
1743574920,29829.95,29829.95,29829.95,29829.95,1,2025-04-02 06:22:00
1743574980,29846.1,29895.15,29846.1,29856.75,49,2025-04-02 06:23:00
1743575040,29856.75,29856.75,29850.0,29856.05,23,2025-04-02 06:24:00
1743575100,29856.05,29856.05,29817.45,29817.45,48,2025-04-02 06:25:00
1743575160,29795.2,29864.75,29795.2,29864.75,23,2025-04-02 06:26:00
1743575220,29864.75,29864.75,29828.3,29828.3,1,2025-04-02 06:27:00
1743575280,29828.3,29845.0,29828.3,29845.0,1,2025-04-02 06:28:00
1743575340,29845.0,29845.0,29830.0,29830.0,5,2025-04-02 06:29:00
1743575400,29830.0,29859.7,29830.0,29859.7,51,2025-04-02 06:30:00
1743575460,29859.7,29859.7,29831.05,29858.9,2,2025-04-02 06:31:00
1743575520,29858.9,29858.9,29858.9,29858.9,0,2025-04-02 06:32:00
1743575580,29858.9,29858.9,29858.9,29858.9,0,2025-04-02 06:33:00
1743575640,29858.9,29858.9,29858.9,29858.9,0,2025-04-02 06:34:00
1743575700,29858.9,29871.9,29850.0,29850.0,30,2025-04-02 06:35:00
1743575760,29850.0,29871.85,29850.0,29871.85,4,2025-04-02 06:36:00
1743575820,29871.85,29895.0,29871.85,29895.0,43,2025-04-02 06:37:00
1743575880,29895.0,29899.95,29895.0,29899.95,11,2025-04-02 06:38:00
1743575940,29899.95,29899.95,29895.15,29895.15,2,2025-04-02 06:39:00
1743576000,29895.15,29899.85,29895.15,29899.85,1,2025-04-02 06:40:00
1743576060,29899.85,29899.85,29899.85,29899.85,0,2025-04-02 06:41:00
1743576120,29899.85,29899.85,29899.85,29899.85,1,2025-04-02 06:42:00
1743576180,29899.85,29899.85,29880.25,29880.25,6,2025-04-02 06:43:00
1743576240,29880.25,29881.55,29880.05,29880.05,2,2025-04-02 06:44:00
1743576300,29899.95,29900.0,29899.95,29900.0,3,2025-04-02 06:45:00
1743576360,29899.95,29938.5,29895.4,29907.95,101,2025-04-02 06:46:00
1743576420,29938.0,29938.0,29903.2,29937.8,10,2025-04-02 06:47:00
1743576480,29904.1,29904.1,29895.0,29895.0,14,2025-04-02 06:48:00
1743576540,29895.0,29895.0,29862.45,29862.45,1,2025-04-02 06:49:00
1743576600,29862.45,29892.3,29860.0,29892.3,2,2025-04-02 06:50:00
1743576660,29893.5,29893.5,29893.5,29893.5,1,2025-04-02 06:51:00
1743576720,29893.5,29893.5,29893.5,29893.5,0,2025-04-02 06:52:00
1743576780,29893.5,29893.5,29855.35,29855.35,2,2025-04-02 06:53:00
1743576840,29855.35,29855.35,29855.35,29855.35,2,2025-04-02 06:54:00
1743576900,29855.35,29855.35,29855.35,29855.35,0,2025-04-02 06:55:00
1743576960,29855.35,29855.35,29855.35,29855.35,0,2025-04-02 06:56:00
1743577020,29855.35,29887.2,29855.35,29887.2,6,2025-04-02 06:57:00
1743577080,29887.2,29887.2,29844.35,29844.35,6,2025-04-02 06:58:00
1743577140,29844.35,29882.9,29824.05,29882.9,26,2025-04-02 06:59:00
1743577200,29882.9,29882.9,29882.9,29882.9,0,2025-04-02 07:00:00
1743577260,29882.9,29882.9,29849.75,29849.75,1,2025-04-02 07:01:00
1743577320,29849.75,29882.25,29842.15,29882.25,2,2025-04-02 07:02:00
1743577380,29882.25,29882.25,29850.05,29861.7,4,2025-04-02 07:03:00
1743577440,29861.7,29861.7,29861.7,29861.7,0,2025-04-02 07:04:00
1743577500,29861.7,29861.7,29861.7,29861.7,2,2025-04-02 07:05:00
1743577560,29861.7,29862.0,29861.7,29862.0,1,2025-04-02 07:06:00
1743577620,29862.0,29862.0,29862.0,29862.0,0,2025-04-02 07:07:00
1743577680,29862.0,29885.0,29862.0,29862.05,7,2025-04-02 07:08:00
1743577740,29884.85,29884.85,29884.85,29884.85,2,2025-04-02 07:09:00
1743577800,29884.85,29884.85,29851.0,29851.0,7,2025-04-02 07:10:00
1743577860,29851.0,29886.7,29851.0,29886.7,1,2025-04-02 07:11:00
1743577920,29886.7,29886.7,29886.7,29886.7,0,2025-04-02 07:12:00
1743577980,29886.7,29886.7,29886.7,29886.7,0,2025-04-02 07:13:00
1743578040,29886.7,29898.95,29886.7,29898.95,1,2025-04-02 07:14:00
1743578100,29898.95,29898.95,29898.95,29898.95,0,2025-04-02 07:15:00
1743578160,29898.95,29898.95,29898.95,29898.95,0,2025-04-02 07:16:00
1743578220,29898.95,29899.0,29898.95,29899.0,37,2025-04-02 07:17:00
1743578280,29899.0,29899.0,29899.0,29899.0,2,2025-04-02 07:18:00
1743578340,29899.0,29899.0,29886.7,29886.7,2,2025-04-02 07:19:00
1743578400,29886.7,29886.7,29886.7,29886.7,0,2025-04-02 07:20:00
1743578460,29886.7,29900.0,29886.7,29900.0,12,2025-04-02 07:21:00
1743578520,29900.0,29900.0,29886.7,29886.7,1,2025-04-02 07:22:00
1743578580,29886.7,29886.75,29886.7,29886.75,2,2025-04-02 07:23:00
1743578640,29886.75,29886.75,29886.75,29886.75,0,2025-04-02 07:24:00
1743578700,29886.75,29886.75,29886.7,29886.7,20,2025-04-02 07:25:00
1743578760,29886.7,29886.7,29886.7,29886.7,1,2025-04-02 07:26:00
1743578820,29886.7,29899.7,29870.0,29870.0,3,2025-04-02 07:27:00
1743578880,29898.7,29898.7,29898.7,29898.7,1,2025-04-02 07:28:00
1743578940,29898.7,29899.8,29898.7,29899.8,1,2025-04-02 07:29:00
1743579000,29899.8,29899.8,29870.0,29870.0,3,2025-04-02 07:30:00
1743579060,29870.0,29870.0,29870.0,29870.0,0,2025-04-02 07:31:00
1743579120,29870.0,29870.0,29870.0,29870.0,3,2025-04-02 07:32:00
1743579180,29870.0,29870.0,29870.0,29870.0,0,2025-04-02 07:33:00
1743579240,29870.0,29899.85,29870.0,29878.05,6,2025-04-02 07:34:00
1743579300,29878.05,29878.05,29878.05,29878.05,0,2025-04-02 07:35:00
1743579360,29878.05,29878.05,29870.0,29870.0,4,2025-04-02 07:36:00
1743579420,29870.0,29895.35,29870.0,29895.35,1,2025-04-02 07:37:00
1743579480,29895.35,29895.6,29895.35,29895.6,1,2025-04-02 07:38:00
1743579540,29899.7,29899.7,29871.0,29871.0,2,2025-04-02 07:39:00
1743579600,29871.0,29871.0,29871.0,29871.0,0,2025-04-02 07:40:00
1743579660,29871.0,29871.0,29871.0,29871.0,0,2025-04-02 07:41:00
1743579720,29871.0,29871.0,29871.0,29871.0,1,2025-04-02 07:42:00
1743579780,29871.0,29900.0,29871.0,29900.0,3,2025-04-02 07:43:00
1743579840,29900.0,29900.0,29900.0,29900.0,1,2025-04-02 07:44:00
1743579900,29900.0,29900.0,29900.0,29900.0,14,2025-04-02 07:45:00
1743579960,29900.0,29900.0,29900.0,29900.0,0,2025-04-02 07:46:00
1743580020,29900.0,29900.0,29900.0,29900.0,0,2025-04-02 07:47:00
1743580080,29900.0,29900.0,29890.0,29890.0,6,2025-04-02 07:48:00
1743580140,29890.0,29900.0,29890.0,29900.0,15,2025-04-02 07:49:00
1743580200,29900.0,29900.0,29871.0,29871.0,3,2025-04-02 07:50:00
1743580260,29899.4,29900.0,29899.4,29900.0,2,2025-04-02 07:51:00
1743580320,29872.35,29900.0,29872.35,29900.0,22,2025-04-02 07:52:00
1743580380,29900.0,29900.0,29900.0,29900.0,0,2025-04-02 07:53:00
1743580440,29900.0,29900.0,29900.0,29900.0,0,2025-04-02 07:54:00
1743580500,29900.0,29900.0,29900.0,29900.0,1,2025-04-02 07:55:00
1743580560,29900.0,29900.0,29900.0,29900.0,0,2025-04-02 07:56:00
1743580620,29900.0,29900.0,29871.05,29871.05,2,2025-04-02 07:57:00
1743580680,29871.05,29896.7,29870.05,29896.7,5,2025-04-02 07:58:00
1743580740,29896.7,29899.4,29896.5,29899.4,2,2025-04-02 07:59:00
1743580800,29899.4,29900.0,29870.05,29870.05,21,2025-04-02 08:00:00
1743580860,29884.95,29919.95,29884.95,29919.95,21,2025-04-02 08:01:00
1743580920,29919.95,29919.95,29919.95,29919.95,0,2025-04-02 08:02:00
1743580980,29919.95,29919.95,29900.0,29900.0,11,2025-04-02 08:03:00
1743581040,29900.0,29955.25,29900.0,29908.8,51,2025-04-02 08:04:00
1743581100,29910.0,29941.0,29910.0,29941.0,17,2025-04-02 08:05:00
1743581160,29941.0,29956.7,29910.2,29915.25,13,2025-04-02 08:06:00
1743581220,29915.25,29967.95,29915.25,29915.3,33,2025-04-02 08:07:00
1743581280,29915.3,29950.0,29915.3,29921.0,10,2025-04-02 08:08:00
1743581340,29920.05,29937.5,29920.05,29921.0,49,2025-04-02 08:09:00
1743581400,29924.75,29959.7,29924.55,29959.7,10,2025-04-02 08:10:00
1743581460,29931.65,29950.0,29931.65,29934.1,12,2025-04-02 08:11:00
1743581520,29934.1,29952.05,29934.1,29952.05,7,2025-04-02 08:12:00
1743581580,29950.0,29965.15,29950.0,29965.15,13,2025-04-02 08:13:00
1743581640,29950.0,29952.05,29941.65,29952.05,10,2025-04-02 08:14:00
1743581700,29952.05,29952.05,29950.0,29950.0,13,2025-04-02 08:15:00
1743581760,29950.0,29950.0,29940.0,29940.05,22,2025-04-02 08:16:00
1743581820,29940.0,29952.05,29940.0,29952.05,10,2025-04-02 08:17:00
1743581880,29952.05,29952.05,29950.0,29950.0,6,2025-04-02 08:18:00
1743581940,29950.0,29950.0,29950.0,29950.0,9,2025-04-02 08:19:00
1743582000,29940.1,29940.1,29940.0,29940.0,11,2025-04-02 08:20:00
1743582060,29940.0,29940.0,29900.05,29900.15,31,2025-04-02 08:21:00
1743582120,29901.65,29930.0,29900.0,29900.05,12,2025-04-02 08:22:00
1743582180,29900.0,29900.0,29885.0,29900.0,10,2025-04-02 08:23:00
1743582240,29900.0,29900.0,29884.0,29884.0,3,2025-04-02 08:24:00
1743582300,29884.0,29884.0,29870.0,29870.0,7,2025-04-02 08:25:00
1743582360,29870.0,29899.85,29870.0,29899.85,2,2025-04-02 08:26:00
1743582420,29899.85,29899.85,29899.85,29899.85,10,2025-04-02 08:27:00
1743582480,29899.85,29899.85,29899.85,29899.85,0,2025-04-02 08:28:00
1743582540,29899.85,29899.85,29899.85,29899.85,1,2025-04-02 08:29:00
1743582600,29899.85,29899.85,29899.85,29899.85,1,2025-04-02 08:30:00
1743582660,29899.85,29899.85,29899.85,29899.85,0,2025-04-02 08:31:00
1743582720,29870.0,29873.9,29850.0,29873.9,54,2025-04-02 08:32:00
1743582780,29847.6,29878.35,29847.6,29870.0,6,2025-04-02 08:33:00
1743582840,29870.0,29870.0,29750.0,29750.0,182,2025-04-02 08:34:00
1743582900,29750.0,29792.8,29750.0,29792.8,3,2025-04-02 08:35:00
1743582960,29792.8,29799.8,29792.8,29799.8,6,2025-04-02 08:36:00
1743583020,29799.8,29825.0,29799.8,29825.0,149,2025-04-02 08:37:00
1743583080,29825.0,29825.0,29807.0,29807.0,15,2025-04-02 08:38:00
1743583140,29807.0,29808.0,29807.0,29808.0,3,2025-04-02 08:39:00
1743583200,29808.0,29814.7,29808.0,29814.7,2,2025-04-02 08:40:00
1743583260,29814.7,29814.7,29800.0,29800.0,11,2025-04-02 08:41:00
1743583320,29800.0,29802.0,29800.0,29802.0,94,2025-04-02 08:42:00
1743583380,29802.0,29804.75,29802.0,29804.75,1,2025-04-02 08:43:00
1743583440,29804.75,29804.75,29800.0,29800.0,10,2025-04-02 08:44:00
1743583500,29800.0,29800.0,29800.0,29800.0,0,2025-04-02 08:45:00
1743583560,29800.0,29800.0,29761.6,29761.6,18,2025-04-02 08:46:00
1743583620,29761.6,29798.35,29761.6,29765.0,14,2025-04-02 08:47:00
1743583680,29765.0,29765.0,29765.0,29765.0,0,2025-04-02 08:48:00
1743583740,29765.0,29791.95,29750.0,29750.0,185,2025-04-02 08:49:00
1743583800,29750.0,29750.0,29750.0,29750.0,11,2025-04-02 08:50:00
1743583860,29750.0,29750.0,29740.0,29750.0,10,2025-04-02 08:51:00
1743583920,29750.0,29750.0,29740.0,29750.0,13,2025-04-02 08:52:00
1743583980,29750.0,29750.0,29732.0,29740.0,13,2025-04-02 08:53:00
1743584040,29740.0,29749.8,29721.15,29721.15,27,2025-04-02 08:54:00
1743584100,29721.2,29721.2,29718.1,29718.1,6,2025-04-02 08:55:00
1743584160,29718.1,29749.65,29672.0,29675.0,201,2025-04-02 08:56:00
1743584220,29675.0,29675.0,29616.2,29616.2,27,2025-04-02 08:57:00
1743584280,29616.2,29661.3,29616.2,29661.3,17,2025-04-02 08:58:00
1743584340,29660.4,29660.4,29635.05,29656.0,12,2025-04-02 08:59:00
1743584400,29656.0,29661.5,29656.0,29661.5,8,2025-04-02 09:00:00
1743584460,29661.5,29661.5,29650.0,29650.0,6,2025-04-02 09:01:00
1743584520,29650.0,29679.95,29650.0,29679.95,4,2025-04-02 09:02:00
1743584580,29679.95,29693.45,29651.0,29693.45,32,2025-04-02 09:03:00
1743584640,29693.45,29693.45,29658.45,29693.3,3,2025-04-02 09:04:00
1743584700,29700.0,29700.0,29660.55,29660.7,56,2025-04-02 09:05:00
1743584760,29660.7,29695.15,29660.7,29695.15,2,2025-04-02 09:06:00
1743584820,29695.15,29700.0,29680.0,29680.0,4,2025-04-02 09:07:00
1743584880,29680.0,29680.0,29675.05,29675.05,5,2025-04-02 09:08:00
1743584940,29675.05,29675.05,29631.55,29631.55,103,2025-04-02 09:09:00
1743585000,29631.55,29650.0,29631.55,29631.55,12,2025-04-02 09:10:00
1743585060,29631.55,29662.95,29631.55,29662.9,9,2025-04-02 09:11:00
1743585120,29662.9,29670.0,29662.9,29670.0,2,2025-04-02 09:12:00
1743585180,29670.0,29691.8,29670.0,29691.8,1,2025-04-02 09:13:00
1743585240,29691.8,29691.8,29691.8,29691.8,0,2025-04-02 09:14:00
1743585300,29691.8,29691.8,29645.0,29650.0,52,2025-04-02 09:15:00
1743585360,29650.0,29684.3,29650.0,29650.0,9,2025-04-02 09:16:00
1743585420,29650.0,29677.0,29650.0,29677.0,2,2025-04-02 09:17:00
1743585480,29677.0,29677.0,29677.0,29677.0,0,2025-04-02 09:18:00
1743585540,29677.0,29682.9,29660.0,29682.9,5,2025-04-02 09:19:00
1743585600,29682.9,29682.9,29682.9,29682.9,0,2025-04-02 09:20:00
1743585660,29682.9,29682.9,29660.0,29660.0,7,2025-04-02 09:21:00
1743585720,29660.0,29684.95,29660.0,29684.95,1,2025-04-02 09:22:00
1743585780,29661.05,29674.95,29647.95,29674.95,28,2025-04-02 09:23:00
1743585840,29674.95,29674.95,29630.0,29630.0,118,2025-04-02 09:24:00
1743585900,29620.0,29650.75,29620.0,29649.65,7,2025-04-02 09:25:00
1743585960,29649.65,29649.95,29620.0,29649.95,10,2025-04-02 09:26:00
1743586020,29649.95,29649.95,29622.05,29649.9,6,2025-04-02 09:27:00
1743586080,29620.0,29641.85,29620.0,29639.95,26,2025-04-02 09:28:00
1743586140,29639.95,29649.95,29630.0,29649.95,13,2025-04-02 09:29:00
1743586200,29649.95,29676.5,29649.95,29676.5,38,2025-04-02 09:30:00
1743586260,29669.6,29669.6,29640.1,29640.1,6,2025-04-02 09:31:00
1743586320,29640.35,29640.35,29519.0,29626.55,259,2025-04-02 09:32:00
1743586380,29626.55,29626.55,29585.0,29602.8,17,2025-04-02 09:33:00
1743586440,29602.8,29614.95,29585.0,29585.0,7,2025-04-02 09:34:00
1743586500,29585.0,29611.8,29585.0,29590.0,104,2025-04-02 09:35:00
1743586560,29590.0,29599.95,29590.0,29599.95,5,2025-04-02 09:36:00
1743586620,29599.95,29599.95,29539.9,29570.05,39,2025-04-02 09:37:00
1743586680,29570.05,29570.05,29525.65,29546.9,81,2025-04-02 09:38:00
1743586740,29546.9,29650.85,29546.9,29650.85,133,2025-04-02 09:39:00
1743586800,29617.6,29617.6,29546.8,29599.8,85,2025-04-02 09:40:00
1743586860,29599.75,29599.8,29535.0,29591.1,36,2025-04-02 09:41:00
1743586920,29591.1,29600.0,29559.45,29599.85,100,2025-04-02 09:42:00
1743586980,29599.85,29599.85,29596.2,29596.2,3,2025-04-02 09:43:00
1743587040,29596.2,29596.2,29560.0,29560.0,49,2025-04-02 09:44:00
1743587100,29559.95,29560.0,29507.15,29507.15,146,2025-04-02 09:45:00
1743587160,29536.0,29559.25,29500.0,29540.0,133,2025-04-02 09:46:00
1743587220,29540.0,29540.0,29500.05,29530.0,188,2025-04-02 09:47:00
1743587280,29530.0,29540.0,29479.0,29500.0,162,2025-04-02 09:48:00
1743587340,29500.0,29539.85,29475.05,29539.85,390,2025-04-02 09:49:00
1743587400,29539.85,29539.85,29401.0,29518.25,175,2025-04-02 09:50:00
1743587460,29533.8,29533.8,29475.05,29523.95,40,2025-04-02 09:51:00
1743587520,29524.0,29588.85,29500.0,29588.85,84,2025-04-02 09:52:00
1743587580,29588.85,29588.85,29517.05,29588.85,25,2025-04-02 09:53:00
1743587640,29525.15,29588.45,29525.15,29531.6,73,2025-04-02 09:54:00
1743587700,29584.8,29599.0,29535.0,29542.05,163,2025-04-02 09:55:00
1743587760,29542.05,29542.05,29542.0,29542.0,6,2025-04-02 09:56:00
1743587820,29542.0,29583.45,29542.0,29542.05,81,2025-04-02 09:57:00
1743587880,29542.05,29549.85,29493.0,29518.55,301,2025-04-02 09:58:00
1743587940,29518.55,29550.6,29499.0,29501.0,73,2025-04-02 09:59:00
1743651900,29800.0,30300.0,29740.0,30299.0,768,2025-04-03 03:45:00
1743651960,30342.15,30398.0,30047.45,30104.55,578,2025-04-03 03:46:00
1743652020,30104.55,30270.0,30092.35,30092.35,148,2025-04-03 03:47:00
1743652080,30132.5,30199.85,30100.0,30199.85,49,2025-04-03 03:48:00
1743652140,30199.85,30246.0,30150.0,30208.15,92,2025-04-03 03:49:00
1743652200,30208.15,30292.6,30142.9,30289.8,339,2025-04-03 03:50:00
1743652260,30289.8,30331.95,30241.2,30241.2,132,2025-04-03 03:51:00
1743652320,30241.2,30331.95,30241.2,30331.95,25,2025-04-03 03:52:00
1743652380,30331.95,30331.95,30300.0,30327.95,17,2025-04-03 03:53:00
1743652440,30328.0,30328.0,30285.05,30300.0,63,2025-04-03 03:54:00
1743652500,30300.0,30300.0,30257.1,30263.7,14,2025-04-03 03:55:00
1743652560,30255.8,30320.0,30255.8,30293.15,31,2025-04-03 03:56:00
1743652620,30293.15,30325.8,30280.0,30280.0,25,2025-04-03 03:57:00
1743652680,30280.0,30325.0,30258.35,30298.95,111,2025-04-03 03:58:00
1743652740,30298.95,30298.95,30254.85,30279.85,10,2025-04-03 03:59:00
1743652800,30279.85,30280.0,30279.85,30279.85,4,2025-04-03 04:00:00
1743652860,30279.85,30279.85,30200.0,30239.85,251,2025-04-03 04:01:00
1743652920,30239.85,30239.85,30146.7,30171.25,73,2025-04-03 04:02:00
1743652980,30173.85,30179.85,30086.9,30179.85,102,2025-04-03 04:03:00
1743653040,30179.85,30179.85,30087.5,30087.5,53,2025-04-03 04:04:00
1743653100,30087.5,30087.5,30038.7,30038.7,63,2025-04-03 04:05:00
1743653160,30038.7,30074.4,30032.2,30074.4,10,2025-04-03 04:06:00
1743653220,30074.4,30074.4,30017.45,30066.8,18,2025-04-03 04:07:00
1743653280,30066.8,30066.8,30001.0,30029.1,17,2025-04-03 04:08:00
1743653340,30029.1,30036.9,30015.65,30015.65,36,2025-04-03 04:09:00
1743653400,30015.65,30160.0,30015.65,30160.0,122,2025-04-03 04:10:00
1743653460,30170.0,30237.45,30170.0,30200.0,71,2025-04-03 04:11:00
1743653520,30200.0,30229.95,30200.0,30221.2,17,2025-04-03 04:12:00
1743653580,30221.2,30230.0,30200.0,30200.0,123,2025-04-03 04:13:00
1743653640,30200.0,30200.0,30135.05,30135.05,24,2025-04-03 04:14:00
1743653700,30200.0,30200.0,30158.05,30158.05,70,2025-04-03 04:15:00
1743653760,30158.05,30176.85,30135.9,30158.55,15,2025-04-03 04:16:00
1743653820,30158.55,30158.55,30103.9,30103.9,26,2025-04-03 04:17:00
1743653880,30103.9,30130.0,30045.7,30045.7,43,2025-04-03 04:18:00
1743653940,30045.7,30052.15,29976.3,29985.95,39,2025-04-03 04:19:00
1743654000,29950.6,29950.6,29907.05,29940.0,18,2025-04-03 04:20:00
1743654060,29940.0,29970.0,29940.0,29970.0,10,2025-04-03 04:21:00
1743654120,29970.0,30024.7,29970.0,30024.7,6,2025-04-03 04:22:00
1743654180,30024.7,30041.25,30000.9,30000.9,36,2025-04-03 04:23:00
1743654240,29982.8,29982.8,29982.8,29982.8,1,2025-04-03 04:24:00
1743654300,29948.0,29948.0,29945.0,29945.05,18,2025-04-03 04:25:00
1743654360,29908.55,29908.55,29884.8,29884.8,19,2025-04-03 04:26:00
1743654420,29884.8,29885.0,29884.8,29885.0,9,2025-04-03 04:27:00
1743654480,29885.0,29925.85,29885.0,29925.85,14,2025-04-03 04:28:00
1743654540,29951.5,29976.95,29918.25,29945.75,39,2025-04-03 04:29:00
1743654600,29945.75,29984.35,29945.75,29968.75,6,2025-04-03 04:30:00
1743654660,29968.75,29999.0,29968.75,29999.0,27,2025-04-03 04:31:00
1743654720,29999.0,29999.0,29986.95,29986.95,15,2025-04-03 04:32:00
1743654780,29986.95,30005.0,29986.95,30005.0,79,2025-04-03 04:33:00
1743654840,30049.95,30080.0,30015.7,30053.4,65,2025-04-03 04:34:00
1743654900,30054.2,30054.2,30023.2,30023.2,5,2025-04-03 04:35:00
1743654960,30023.2,30046.25,30018.0,30018.0,5,2025-04-03 04:36:00
1743655020,30018.0,30050.0,30018.0,30050.0,2,2025-04-03 04:37:00
1743655080,30050.0,30050.0,30034.85,30040.55,8,2025-04-03 04:38:00
1743655140,30040.55,30043.45,30005.0,30005.0,13,2025-04-03 04:39:00
1743655200,30005.0,30021.85,30000.0,30021.0,14,2025-04-03 04:40:00
1743655260,30021.0,30021.0,30021.0,30021.0,0,2025-04-03 04:41:00
1743655320,30021.0,30021.0,30021.0,30021.0,2,2025-04-03 04:42:00
1743655380,30021.0,30021.0,30021.0,30021.0,3,2025-04-03 04:43:00
1743655440,30021.0,30021.0,30021.0,30021.0,0,2025-04-03 04:44:00
1743655500,30021.0,30040.6,30021.0,30040.6,5,2025-04-03 04:45:00
1743655560,30040.6,30054.4,29975.0,30054.4,188,2025-04-03 04:46:00
1743655620,30052.4,30052.4,30022.4,30022.4,9,2025-04-03 04:47:00
1743655680,30022.4,30059.95,30022.4,30059.95,2,2025-04-03 04:48:00
1743655740,30105.0,30150.0,30105.0,30150.0,74,2025-04-03 04:49:00
1743655800,30137.9,30137.9,30074.65,30113.65,63,2025-04-03 04:50:00
1743655860,30113.65,30113.65,30070.05,30109.9,24,2025-04-03 04:51:00
1743655920,30109.9,30116.4,30086.85,30086.85,25,2025-04-03 04:52:00
1743655980,30100.0,30130.0,30056.5,30056.5,36,2025-04-03 04:53:00
1743656040,30056.5,30137.0,30056.5,30137.0,3,2025-04-03 04:54:00
1743656100,30137.0,30140.0,30103.4,30103.4,20,2025-04-03 04:55:00
1743656160,30103.4,30116.05,30103.4,30116.05,4,2025-04-03 04:56:00
1743656220,30116.05,30116.05,30091.65,30091.65,2,2025-04-03 04:57:00
1743656280,30091.65,30116.05,30079.65,30116.05,3,2025-04-03 04:58:00
1743656340,30116.05,30116.05,30116.05,30116.05,0,2025-04-03 04:59:00
1743656400,30116.05,30116.05,30057.65,30057.65,6,2025-04-03 05:00:00
1743656460,30057.65,30080.15,30054.4,30054.4,2,2025-04-03 05:01:00
1743656520,30054.4,30094.1,30054.4,30094.1,6,2025-04-03 05:02:00
1743656580,30094.1,30094.1,30094.1,30094.1,0,2025-04-03 05:03:00
1743656640,30094.1,30094.1,30094.1,30094.1,0,2025-04-03 05:04:00
1743656700,30094.1,30109.4,30094.1,30109.4,2,2025-04-03 05:05:00
1743656760,30109.4,30109.4,30109.4,30109.4,0,2025-04-03 05:06:00
1743656820,30109.4,30144.85,30100.0,30144.85,27,2025-04-03 05:07:00
1743656880,30144.85,30144.85,30144.85,30144.85,0,2025-04-03 05:08:00
1743656940,30144.85,30144.85,30107.5,30107.5,15,2025-04-03 05:09:00
1743657000,30107.5,30155.7,30107.5,30116.55,51,2025-04-03 05:10:00
1743657060,30116.55,30116.55,30116.55,30116.55,0,2025-04-03 05:11:00
1743657120,30116.55,30116.55,30116.55,30116.55,0,2025-04-03 05:12:00
1743657180,30116.55,30116.55,30116.55,30116.55,0,2025-04-03 05:13:00
1743657240,30116.55,30116.55,30116.55,30116.55,0,2025-04-03 05:14:00
1743657300,30116.55,30146.85,30116.55,30146.85,1,2025-04-03 05:15:00
1743657360,30116.55,30116.55,30116.55,30116.55,6,2025-04-03 05:16:00
1743657420,30116.55,30116.55,30100.0,30100.0,1,2025-04-03 05:17:00
1743657480,30100.0,30100.0,30100.0,30100.0,4,2025-04-03 05:18:00
1743657540,30100.0,30102.35,30100.0,30102.35,10,2025-04-03 05:19:00
1743657600,30102.35,30119.95,30091.55,30119.95,2,2025-04-03 05:20:00
1743657660,30119.95,30119.95,30100.0,30100.0,1,2025-04-03 05:21:00
1743657720,30100.0,30131.85,30095.2,30095.2,9,2025-04-03 05:22:00
1743657780,30095.2,30100.0,30085.7,30085.7,11,2025-04-03 05:23:00
1743657840,30123.6,30123.6,30123.6,30123.6,1,2025-04-03 05:24:00
1743657900,30123.6,30123.6,30123.6,30123.6,0,2025-04-03 05:25:00
1743657960,30123.6,30123.6,30123.3,30123.3,1,2025-04-03 05:26:00
1743658020,30123.3,30123.3,30090.9,30090.9,2,2025-04-03 05:27:00
1743658080,30090.9,30090.9,30090.9,30090.9,0,2025-04-03 05:28:00
1743658140,30090.9,30113.55,30090.9,30113.55,1,2025-04-03 05:29:00
1743658200,30113.55,30113.55,30113.55,30113.55,0,2025-04-03 05:30:00
1743658260,30113.55,30123.6,30113.55,30123.6,13,2025-04-03 05:31:00
1743658320,30123.6,30126.2,30123.6,30126.2,1,2025-04-03 05:32:00
1743658380,30126.2,30126.2,30075.75,30075.75,4,2025-04-03 05:33:00
1743658440,30075.75,30075.75,30049.45,30049.45,21,2025-04-03 05:34:00
1743658500,30049.45,30054.15,30014.45,30014.45,4,2025-04-03 05:35:00
1743658560,30038.5,30038.5,30038.5,30038.5,1,2025-04-03 05:36:00
1743658620,30038.5,30038.5,30037.75,30037.9,6,2025-04-03 05:37:00
1743658680,30037.9,30037.9,30006.0,30006.0,8,2025-04-03 05:38:00
1743658740,30006.0,30006.0,30006.0,30006.0,0,2025-04-03 05:39:00
1743658800,30006.0,30006.0,30006.0,30006.0,0,2025-04-03 05:40:00
1743658860,30006.0,30026.65,30006.0,30026.65,5,2025-04-03 05:41:00
1743658920,30026.65,30028.9,30010.0,30010.0,3,2025-04-03 05:42:00
1743658980,30010.0,30030.0,30010.0,30030.0,1,2025-04-03 05:43:00
1743659040,30030.0,30030.0,30030.0,30030.0,0,2025-04-03 05:44:00
1743659100,30030.0,30030.0,30030.0,30030.0,1,2025-04-03 05:45:00
1743659160,30030.0,30030.0,30030.0,30030.0,0,2025-04-03 05:46:00
1743659220,30030.0,30030.0,30010.0,30010.0,8,2025-04-03 05:47:00
1743659280,30010.0,30054.25,30010.0,30053.45,16,2025-04-03 05:48:00
1743659340,30053.45,30053.45,30053.45,30053.45,0,2025-04-03 05:49:00
1743659400,30053.45,30053.45,30053.45,30053.45,0,2025-04-03 05:50:00
1743659460,30053.45,30053.45,30053.45,30053.45,0,2025-04-03 05:51:00
1743659520,30053.45,30053.45,30053.45,30053.45,0,2025-04-03 05:52:00
1743659580,30053.45,30053.45,30053.45,30053.45,0,2025-04-03 05:53:00
1743659640,30053.45,30053.45,30053.45,30053.45,0,2025-04-03 05:54:00
1743659700,30053.45,30053.45,30051.0,30051.0,1,2025-04-03 05:55:00
1743659760,30051.0,30051.0,30051.0,30051.0,0,2025-04-03 05:56:00
1743659820,30051.0,30051.0,30051.0,30051.0,0,2025-04-03 05:57:00
1743659880,30051.0,30062.05,30025.05,30062.05,8,2025-04-03 05:58:00
1743659940,30062.05,30162.9,30062.05,30162.9,40,2025-04-03 05:59:00
1743660000,30174.75,30174.75,30172.7,30172.7,5,2025-04-03 06:00:00
1743660060,30133.0,30133.0,30133.0,30133.0,18,2025-04-03 06:01:00
1743660120,30133.0,30133.0,30133.0,30133.0,0,2025-04-03 06:02:00
1743660180,30133.0,30133.0,30081.7,30114.45,2,2025-04-03 06:03:00
1743660240,30100.0,30130.0,30100.0,30100.0,23,2025-04-03 06:04:00
1743660300,30100.0,30100.0,30100.0,30100.0,0,2025-04-03 06:05:00
1743660360,30100.0,30100.0,30030.05,30030.05,33,2025-04-03 06:06:00
1743660420,30030.05,30078.4,30030.05,30078.4,2,2025-04-03 06:07:00
1743660480,30078.4,30078.4,30078.4,30078.4,0,2025-04-03 06:08:00
1743660540,30078.4,30078.4,30030.7,30030.7,1,2025-04-03 06:09:00
1743660600,30030.7,30030.7,30030.7,30030.7,0,2025-04-03 06:10:00
1743660660,30030.7,30030.7,30030.7,30030.7,0,2025-04-03 06:11:00
1743660720,30030.7,30030.7,30030.7,30030.7,0,2025-04-03 06:12:00
1743660780,30030.7,30030.7,30030.7,30030.7,1,2025-04-03 06:13:00
1743660840,30030.7,30030.7,30030.7,30030.7,0,2025-04-03 06:14:00
1743660900,30030.7,30059.8,30030.7,30030.75,2,2025-04-03 06:15:00
1743660960,30030.75,30060.0,30030.75,30030.75,6,2025-04-03 06:16:00
1743661020,30030.75,30030.75,30030.75,30030.75,0,2025-04-03 06:17:00
1743661080,30030.75,30030.75,30030.75,30030.75,0,2025-04-03 06:18:00
1743661140,30030.75,30030.75,30030.75,30030.75,0,2025-04-03 06:19:00
1743661200,30030.75,30059.85,30030.75,30030.75,13,2025-04-03 06:20:00
1743661260,30030.75,30030.75,30030.75,30030.75,1,2025-04-03 06:21:00
1743661320,30030.75,30059.6,30030.75,30059.6,1,2025-04-03 06:22:00
1743661380,30059.6,30069.95,30059.6,30068.6,19,2025-04-03 06:23:00
1743661440,30068.6,30068.6,30068.6,30068.6,1,2025-04-03 06:24:00
1743661500,30068.6,30105.0,30066.05,30066.05,9,2025-04-03 06:25:00
1743661560,30066.05,30100.5,30066.05,30100.5,1,2025-04-03 06:26:00
1743661620,30100.5,30100.5,29950.05,29950.05,104,2025-04-03 06:27:00
1743661680,29950.05,29950.05,29950.05,29950.05,0,2025-04-03 06:28:00
1743661740,29950.05,29950.05,29950.05,29950.05,0,2025-04-03 06:29:00
1743661800,29950.05,29986.45,29950.05,29985.85,3,2025-04-03 06:30:00
1743661860,29950.0,29975.5,29935.3,29975.5,14,2025-04-03 06:31:00
1743661920,29975.5,29975.5,29931.75,29931.75,6,2025-04-03 06:32:00
1743661980,29931.75,29931.75,29931.75,29931.75,0,2025-04-03 06:33:00
1743662040,29931.75,29970.25,29931.75,29968.2,4,2025-04-03 06:34:00
1743662100,29968.2,29968.2,29932.0,29932.0,5,2025-04-03 06:35:00
1743662160,29932.0,29932.15,29932.0,29932.15,1,2025-04-03 06:36:00
1743662220,29932.15,29932.15,29901.0,29901.0,8,2025-04-03 06:37:00
1743662280,29901.0,29901.0,29901.0,29901.0,1,2025-04-03 06:38:00
1743662340,29901.0,30023.4,29901.0,30023.4,41,2025-04-03 06:39:00
1743662400,29964.0,30045.0,29950.05,29952.0,73,2025-04-03 06:40:00
1743662460,29952.0,29952.0,29952.0,29952.0,1,2025-04-03 06:41:00
1743662520,29952.0,29952.0,29952.0,29952.0,0,2025-04-03 06:42:00
1743662580,29950.0,29986.5,29950.0,29986.5,25,2025-04-03 06:43:00
1743662640,29986.5,29986.5,29950.05,29984.55,6,2025-04-03 06:44:00
1743662700,29984.55,29984.55,29984.55,29984.55,0,2025-04-03 06:45:00
1743662760,29984.55,29984.55,29984.55,29984.55,0,2025-04-03 06:46:00
1743662820,29984.55,29989.7,29984.55,29989.7,2,2025-04-03 06:47:00
1743662880,29989.7,29989.7,29989.7,29989.7,1,2025-04-03 06:48:00
1743662940,29989.7,29989.7,29989.7,29989.7,0,2025-04-03 06:49:00
1743663000,29989.7,29989.7,29989.7,29989.7,1,2025-04-03 06:50:00
1743663060,29989.7,29989.7,29977.05,29988.6,8,2025-04-03 06:51:00
1743663120,29988.6,29988.6,29988.6,29988.6,0,2025-04-03 06:52:00
1743663180,29988.6,29988.6,29988.6,29988.6,0,2025-04-03 06:53:00
1743663240,29988.6,29988.6,29987.15,29987.15,1,2025-04-03 06:54:00
1743663300,29987.15,29987.15,29987.15,29987.15,0,2025-04-03 06:55:00
1743663360,29987.15,29987.15,29987.15,29987.15,0,2025-04-03 06:56:00
1743663420,29987.15,29987.15,29950.2,29950.2,3,2025-04-03 06:57:00
1743663480,29950.2,29950.25,29950.2,29950.25,1,2025-04-03 06:58:00
1743663540,29950.25,29950.25,29950.25,29950.25,0,2025-04-03 06:59:00
1743663600,29950.25,29993.35,29950.25,29993.35,1,2025-04-03 07:00:00
1743663660,29993.35,29993.35,29993.35,29993.35,0,2025-04-03 07:01:00
1743663720,29993.35,29993.35,29993.0,29993.0,2,2025-04-03 07:02:00
1743663780,29993.0,29993.0,29993.0,29993.0,0,2025-04-03 07:03:00
1743663840,29993.0,30062.0,29989.4,30062.0,21,2025-04-03 07:04:00
1743663900,30062.0,30062.0,30062.0,30062.0,0,2025-04-03 07:05:00
1743663960,30062.0,30062.0,30062.0,30062.0,0,2025-04-03 07:06:00
1743664020,30062.0,30062.0,30062.0,30062.0,3,2025-04-03 07:07:00
1743664080,30062.0,30071.35,30062.0,30071.35,1,2025-04-03 07:08:00
1743664140,30030.45,30030.45,30030.45,30030.45,3,2025-04-03 07:09:00
1743664200,30030.45,30030.45,30030.45,30030.45,0,2025-04-03 07:10:00
1743664260,30030.45,30030.45,30030.45,30030.45,0,2025-04-03 07:11:00
1743664320,30030.45,30069.8,30030.45,30069.8,1,2025-04-03 07:12:00
1743664380,30069.8,30069.8,30069.8,30069.8,0,2025-04-03 07:13:00
1743664440,30069.8,30069.8,30069.8,30069.8,1,2025-04-03 07:14:00
1743664500,30069.8,30069.8,30069.8,30069.8,0,2025-04-03 07:15:00
1743664560,30069.8,30085.4,30067.35,30085.4,10,2025-04-03 07:16:00
1743664620,30085.4,30085.4,30085.4,30085.4,0,2025-04-03 07:17:00
1743664680,30085.4,30085.4,30034.25,30034.25,6,2025-04-03 07:18:00
1743664740,30034.25,30034.25,30034.25,30034.25,0,2025-04-03 07:19:00
1743664800,30034.25,30035.7,30034.25,30035.7,7,2025-04-03 07:20:00
1743664860,30035.7,30060.55,30035.7,30055.9,5,2025-04-03 07:21:00
1743664920,30055.9,30073.5,30055.9,30072.75,6,2025-04-03 07:22:00
1743664980,30072.75,30072.75,30072.75,30072.75,0,2025-04-03 07:23:00
1743665040,30072.75,30072.75,30072.75,30072.75,0,2025-04-03 07:24:00
1743665100,30072.75,30131.95,30072.75,30129.0,141,2025-04-03 07:25:00
1743665160,30129.0,30167.85,30129.0,30167.85,8,2025-04-03 07:26:00
1743665220,30167.85,30168.0,30167.8,30167.8,8,2025-04-03 07:27:00
1743665280,30167.8,30167.8,30080.05,30080.05,160,2025-04-03 07:28:00
1743665340,30078.1,30098.7,30078.1,30098.7,11,2025-04-03 07:29:00
1743665400,30098.7,30147.25,30098.7,30147.25,4,2025-04-03 07:30:00
1743665460,30147.25,30147.25,30147.25,30147.25,4,2025-04-03 07:31:00
1743665520,30147.25,30159.7,30109.35,30109.35,12,2025-04-03 07:32:00
1743665580,30109.35,30109.35,30054.75,30109.35,16,2025-04-03 07:33:00
1743665640,30109.35,30158.35,30085.55,30085.55,10,2025-04-03 07:34:00
1743665700,30085.55,30160.55,30085.55,30160.55,4,2025-04-03 07:35:00
1743665760,30160.55,30168.75,30160.55,30168.75,4,2025-04-03 07:36:00
1743665820,30131.3,30172.7,30131.3,30135.0,8,2025-04-03 07:37:00
1743665880,30128.45,30175.0,30128.45,30175.0,15,2025-04-03 07:38:00
1743665940,30175.0,30175.0,30128.1,30128.1,5,2025-04-03 07:39:00
1743666000,30128.1,30169.05,30128.1,30162.2,8,2025-04-03 07:40:00
1743666060,30162.2,30162.95,30162.2,30162.95,4,2025-04-03 07:41:00
1743666120,30162.95,30162.95,30134.6,30134.6,8,2025-04-03 07:42:00
1743666180,30134.6,30174.85,30134.6,30174.85,4,2025-04-03 07:43:00
1743666240,30174.85,30174.85,30170.0,30170.0,5,2025-04-03 07:44:00
1743666300,30170.0,30170.0,30170.0,30170.0,4,2025-04-03 07:45:00
1743666360,30170.0,30170.0,30169.9,30169.9,4,2025-04-03 07:46:00
1743666420,30169.9,30169.9,30126.95,30126.95,5,2025-04-03 07:47:00
1743666480,30126.95,30168.75,30126.95,30168.75,4,2025-04-03 07:48:00
1743666540,30168.75,30168.75,30168.75,30168.75,4,2025-04-03 07:49:00
1743666600,30168.75,30168.75,30168.7,30168.7,4,2025-04-03 07:50:00
1743666660,30101.05,30159.9,30101.05,30159.9,24,2025-04-03 07:51:00
1743666720,30159.9,30162.95,30159.9,30162.95,4,2025-04-03 07:52:00
1743666780,30162.95,30168.7,30121.4,30163.45,7,2025-04-03 07:53:00
1743666840,30163.45,30167.0,30121.4,30167.0,54,2025-04-03 07:54:00
1743666900,30167.0,30167.0,30127.8,30166.6,8,2025-04-03 07:55:00
1743666960,30166.6,30167.0,30166.6,30167.0,4,2025-04-03 07:56:00
1743667020,30167.0,30169.0,30130.3,30130.3,8,2025-04-03 07:57:00
1743667080,30130.3,30168.85,30130.3,30168.85,4,2025-04-03 07:58:00
1743667140,30168.85,30169.0,30111.5,30111.5,5,2025-04-03 07:59:00
1743667200,30111.5,30162.35,30111.5,30162.35,4,2025-04-03 08:00:00
1743667260,30162.35,30169.0,30162.35,30169.0,6,2025-04-03 08:01:00
1743667320,30169.0,30169.0,30169.0,30169.0,4,2025-04-03 08:02:00
1743667380,30124.15,30168.6,30124.15,30168.6,5,2025-04-03 08:03:00
1743667440,30168.6,30169.0,30168.6,30169.0,14,2025-04-03 08:04:00
1743667500,30169.0,30169.0,30169.0,30169.0,4,2025-04-03 08:05:00
1743667560,30101.3,30195.0,30101.3,30195.0,75,2025-04-03 08:06:00
1743667620,30195.0,30195.0,30152.45,30193.9,8,2025-04-03 08:07:00
1743667680,30193.9,30193.95,30193.85,30193.95,5,2025-04-03 08:08:00
1743667740,30193.95,30193.95,30151.8,30160.1,8,2025-04-03 08:09:00
1743667800,30160.1,30191.85,30150.0,30150.0,19,2025-04-03 08:10:00
1743667860,30150.0,30174.25,30132.3,30132.3,5,2025-04-03 08:11:00
1743667920,30132.3,30164.0,30132.3,30164.0,4,2025-04-03 08:12:00
1743667980,30164.0,30164.0,30119.4,30158.95,6,2025-04-03 08:13:00
1743668040,30158.95,30159.0,30158.95,30159.0,4,2025-04-03 08:14:00
1743668100,30159.0,30159.0,30159.0,30159.0,4,2025-04-03 08:15:00
1743668160,30159.0,30169.85,30159.0,30169.85,10,2025-04-03 08:16:00
1743668220,30169.85,30169.85,30159.0,30169.85,6,2025-04-03 08:17:00
1743668280,30169.85,30169.85,30068.75,30068.75,49,2025-04-03 08:18:00
1743668340,30068.75,30099.75,29898.95,29900.0,234,2025-04-03 08:19:00
1743668400,29900.0,29900.0,29872.4,29899.7,80,2025-04-03 08:20:00
1743668460,29899.7,29900.0,29820.05,29900.0,52,2025-04-03 08:21:00
1743668520,29900.0,29900.0,29850.85,29852.95,12,2025-04-03 08:22:00
1743668580,29852.95,29930.45,29852.95,29900.0,28,2025-04-03 08:23:00
1743668640,29900.0,29919.5,29899.45,29899.45,38,2025-04-03 08:24:00
1743668700,29899.45,29900.0,29899.45,29900.0,10,2025-04-03 08:25:00
1743668760,29900.0,29930.45,29880.05,29880.05,22,2025-04-03 08:26:00
1743668820,29880.05,29914.95,29880.0,29880.0,20,2025-04-03 08:27:00
1743668880,29900.0,29900.0,29900.0,29900.0,13,2025-04-03 08:28:00
1743668940,29900.0,29900.0,29900.0,29900.0,13,2025-04-03 08:29:00
1743669000,29900.0,29930.4,29898.3,29898.3,29,2025-04-03 08:30:00
1743669060,29898.3,29900.0,29898.3,29900.0,6,2025-04-03 08:31:00
1743669120,29900.0,29900.0,29880.0,29900.0,32,2025-04-03 08:32:00
1743669180,29900.0,29930.1,29900.0,29900.0,5,2025-04-03 08:33:00
1743669240,29900.0,29900.0,29900.0,29900.0,25,2025-04-03 08:34:00
1743669300,29900.0,29900.0,29900.0,29900.0,6,2025-04-03 08:35:00
1743669360,29900.0,29900.0,29900.0,29900.0,15,2025-04-03 08:36:00
1743669420,29890.0,29900.0,29890.0,29900.0,10,2025-04-03 08:37:00
1743669480,29900.0,29900.0,29900.0,29900.0,9,2025-04-03 08:38:00
1743669540,29900.0,29900.0,29890.0,29890.0,5,2025-04-03 08:39:00
1743669600,29890.0,29900.0,29890.0,29900.0,8,2025-04-03 08:40:00
1743669660,29900.0,29900.0,29900.0,29900.0,4,2025-04-03 08:41:00
1743669720,29900.0,29900.0,29890.0,29890.0,5,2025-04-03 08:42:00
1743669780,29890.0,29900.0,29890.0,29900.0,5,2025-04-03 08:43:00
1743669840,29900.0,29900.0,29890.0,29900.0,8,2025-04-03 08:44:00
1743669900,29900.0,29923.3,29890.0,29890.0,8,2025-04-03 08:45:00
1743669960,29890.0,29900.0,29890.0,29900.0,36,2025-04-03 08:46:00
1743670020,29900.0,29900.0,29900.0,29900.0,74,2025-04-03 08:47:00
1743670080,29900.0,29900.0,29890.0,29900.0,215,2025-04-03 08:48:00
1743670140,29900.0,29925.0,29890.05,29900.0,14,2025-04-03 08:49:00
1743670200,29900.0,29900.0,29900.0,29900.0,12,2025-04-03 08:50:00
1743670260,29900.0,29926.7,29900.0,29900.0,10,2025-04-03 08:51:00
1743670320,29900.0,29900.05,29890.0,29890.0,154,2025-04-03 08:52:00
1743670380,29890.0,29890.05,29870.05,29884.45,8,2025-04-03 08:53:00
1743670440,29884.45,29899.55,29883.95,29899.55,10,2025-04-03 08:54:00
1743670500,29899.55,29899.95,29873.95,29873.95,7,2025-04-03 08:55:00
1743670560,29873.95,29900.0,29873.95,29900.0,5,2025-04-03 08:56:00
1743670620,29900.0,29909.95,29900.0,29909.95,6,2025-04-03 08:57:00
1743670680,29909.95,29909.95,29874.0,29874.0,6,2025-04-03 08:58:00
1743670740,29874.0,29899.9,29874.0,29899.9,5,2025-04-03 08:59:00
1743670800,29899.9,29900.0,29870.0,29870.0,22,2025-04-03 09:00:00
1743670860,29882.8,29882.8,29880.0,29880.0,9,2025-04-03 09:01:00
1743670920,29880.0,29899.0,29880.0,29880.0,8,2025-04-03 09:02:00
1743670980,29880.0,29899.0,29880.0,29899.0,5,2025-04-03 09:03:00
1743671040,29899.0,29899.0,29880.0,29899.0,19,2025-04-03 09:04:00
1743671100,29899.0,29899.0,29880.0,29897.8,8,2025-04-03 09:05:00
1743671160,29897.8,29899.0,29897.8,29899.0,6,2025-04-03 09:06:00
1743671220,29899.0,29899.0,29899.0,29899.0,6,2025-04-03 09:07:00
1743671280,29899.0,29899.0,29868.55,29868.55,29,2025-04-03 09:08:00
1743671340,29868.55,29899.0,29868.55,29899.0,8,2025-04-03 09:09:00
1743671400,29899.0,29899.0,29899.0,29899.0,15,2025-04-03 09:10:00
1743671460,29899.0,29899.0,29866.95,29866.95,7,2025-04-03 09:11:00
1743671520,29866.95,29898.75,29859.25,29896.85,17,2025-04-03 09:12:00
1743671580,29896.85,29896.85,29854.5,29857.2,21,2025-04-03 09:13:00
1743671640,29857.2,29887.0,29857.2,29881.7,6,2025-04-03 09:14:00
1743671700,29881.7,29897.55,29881.7,29897.55,9,2025-04-03 09:15:00
1743671760,29897.55,30071.9,29865.6,30017.2,257,2025-04-03 09:16:00
1743671820,30017.2,30133.95,30017.2,30066.35,75,2025-04-03 09:17:00
1743671880,30066.35,30100.0,30066.35,30100.0,106,2025-04-03 09:18:00
1743671940,30100.0,30168.0,30100.0,30168.0,43,2025-04-03 09:19:00
1743672000,30160.8,30160.8,30150.0,30152.75,138,2025-04-03 09:20:00
1743672060,30107.15,30146.5,30107.15,30145.0,88,2025-04-03 09:21:00
1743672120,30145.0,30162.55,30145.0,30150.0,38,2025-04-03 09:22:00
1743672180,30150.0,30170.0,30127.95,30127.95,10,2025-04-03 09:23:00
1743672240,30127.95,30155.0,30120.35,30155.0,14,2025-04-03 09:24:00
1743672300,30155.0,30155.0,30120.0,30120.0,13,2025-04-03 09:25:00
1743672360,30120.0,30152.85,30109.6,30109.6,30,2025-04-03 09:26:00
1743672420,30109.6,30150.0,30109.6,30124.7,43,2025-04-03 09:27:00
1743672480,30124.7,30124.7,29894.55,29900.0,420,2025-04-03 09:28:00
1743672540,29900.0,29916.65,29880.0,29900.0,72,2025-04-03 09:29:00
1743672600,29900.0,29900.0,29899.9,29899.9,89,2025-04-03 09:30:00
1743672660,29900.0,29925.6,29870.1,29900.0,18,2025-04-03 09:31:00
1743672720,29900.0,29925.0,29899.85,29900.0,168,2025-04-03 09:32:00
1743672780,29900.0,29900.0,29870.1,29900.0,92,2025-04-03 09:33:00
1743672840,29900.0,29904.2,29899.95,29900.0,280,2025-04-03 09:34:00
1743672900,29900.0,29900.0,29900.0,29900.0,37,2025-04-03 09:35:00
1743672960,29905.7,29912.4,29899.95,29900.0,32,2025-04-03 09:36:00
1743673020,29900.0,29900.0,29900.0,29900.0,31,2025-04-03 09:37:00
1743673080,29900.0,29900.0,29876.05,29899.0,30,2025-04-03 09:38:00
1743673140,29899.0,29900.0,29899.0,29900.0,318,2025-04-03 09:39:00
1743673200,29900.0,29900.0,29880.0,29900.0,142,2025-04-03 09:40:00
1743673260,29880.35,29903.75,29870.2,29900.0,33,2025-04-03 09:41:00
1743673320,29870.0,29937.45,29870.0,29899.85,83,2025-04-03 09:42:00
1743673380,29900.0,29920.25,29887.7,29900.0,21,2025-04-03 09:43:00
1743673440,29900.0,29900.0,29872.05,29895.0,23,2025-04-03 09:44:00
1743673500,29895.0,29895.0,29857.3,29857.3,33,2025-04-03 09:45:00
1743673560,29857.3,29947.8,29857.3,29900.0,166,2025-04-03 09:46:00
1743673620,29877.05,29900.0,29877.05,29900.0,26,2025-04-03 09:47:00
1743673680,29900.0,29900.0,29877.3,29899.7,43,2025-04-03 09:48:00
1743673740,29899.7,29900.0,29867.15,29899.85,26,2025-04-03 09:49:00
1743673800,29899.85,29899.85,29862.05,29862.65,50,2025-04-03 09:50:00
1743673860,29899.2,29899.25,29852.95,29896.45,47,2025-04-03 09:51:00
1743673920,29896.45,29896.45,29894.55,29894.55,18,2025-04-03 09:52:00
1743673980,29894.55,29894.55,29854.75,29890.95,34,2025-04-03 09:53:00
1743674040,29894.15,29900.0,29860.3,29899.9,59,2025-04-03 09:54:00
1743674100,29899.9,29948.2,29899.0,29900.0,18,2025-04-03 09:55:00
1743674160,29899.95,29900.0,29899.95,29900.0,36,2025-04-03 09:56:00
1743674220,29900.0,29940.0,29889.9,29900.0,21,2025-04-03 09:57:00
1743674280,29900.0,29900.0,29899.95,29900.0,26,2025-04-03 09:58:00
1743674340,29900.0,29900.0,29856.0,29856.0,93,2025-04-03 09:59:00
1743738300,29909.3,30090.55,29785.7,29785.7,85,2025-04-04 03:45:00
1743738360,29809.25,29893.25,29779.45,29829.5,35,2025-04-04 03:46:00
1743738420,29829.5,29957.85,29814.6,29957.85,13,2025-04-04 03:47:00
1743738480,29950.95,29950.95,29845.5,29845.5,13,2025-04-04 03:48:00
1743738540,29845.5,29865.15,29814.6,29814.65,7,2025-04-04 03:49:00
1743738600,29800.05,29800.05,29632.2,29632.2,185,2025-04-04 03:50:00
1743738660,29632.2,29679.85,29604.75,29611.1,43,2025-04-04 03:51:00
1743738720,29611.15,29680.0,29611.15,29680.0,23,2025-04-04 03:52:00
1743738780,29668.7,29740.0,29668.7,29691.75,13,2025-04-04 03:53:00
1743738840,29691.75,29691.75,29649.8,29649.85,28,2025-04-04 03:54:00
1743738900,29649.85,29650.0,29530.05,29530.05,138,2025-04-04 03:55:00
1743738960,29650.05,29650.05,29576.6,29647.95,52,2025-04-04 03:56:00
1743739020,29647.95,29647.95,29647.95,29647.95,0,2025-04-04 03:57:00
1743739080,29647.95,29647.95,29599.55,29599.55,2,2025-04-04 03:58:00
1743739140,29620.25,29704.3,29620.0,29704.3,20,2025-04-04 03:59:00
1743739200,29742.0,29749.95,29733.45,29749.95,64,2025-04-04 04:00:00
1743739260,29749.95,29775.95,29749.95,29775.95,13,2025-04-04 04:01:00
1743739320,29775.95,29775.95,29725.55,29761.0,7,2025-04-04 04:02:00
1743739380,29761.0,29808.4,29760.0,29808.4,19,2025-04-04 04:03:00
1743739440,29808.4,29808.4,29808.0,29808.0,9,2025-04-04 04:04:00
1743739500,29808.0,29866.8,29808.0,29862.55,31,2025-04-04 04:05:00
1743739560,29862.55,29898.4,29862.55,29863.05,25,2025-04-04 04:06:00
1743739620,29863.05,29899.85,29862.8,29899.85,5,2025-04-04 04:07:00
1743739680,29900.0,29900.0,29873.3,29873.3,14,2025-04-04 04:08:00
1743739740,29873.3,29873.3,29837.9,29868.0,17,2025-04-04 04:09:00
1743739800,29868.0,29871.95,29829.9,29866.75,17,2025-04-04 04:10:00
1743739860,29823.0,29823.0,29718.65,29718.65,16,2025-04-04 04:11:00
1743739920,29730.05,29760.7,29730.05,29760.7,6,2025-04-04 04:12:00
1743739980,29760.7,29760.7,29700.0,29700.0,44,2025-04-04 04:13:00
1743740040,29700.0,29701.0,29700.0,29701.0,29,2025-04-04 04:14:00
1743740100,29701.0,29701.0,29701.0,29701.0,0,2025-04-04 04:15:00
1743740160,29700.1,29701.45,29658.15,29669.9,47,2025-04-04 04:16:00
1743740220,29669.9,29713.05,29669.9,29686.05,4,2025-04-04 04:17:00
1743740280,29686.05,29686.05,29655.0,29655.0,1,2025-04-04 04:18:00
1743740340,29655.0,29655.0,29600.0,29600.0,38,2025-04-04 04:19:00
1743740400,29556.05,29565.5,29513.1,29565.5,55,2025-04-04 04:20:00
1743740460,29565.5,29565.5,29501.0,29501.0,47,2025-04-04 04:21:00
1743740520,29500.0,29518.8,29495.0,29500.0,106,2025-04-04 04:22:00
1743740580,29500.0,29500.0,29450.0,29451.65,97,2025-04-04 04:23:00
1743740640,29451.65,29535.95,29450.2,29461.2,16,2025-04-04 04:24:00
1743740700,29461.2,29490.35,29461.2,29490.35,5,2025-04-04 04:25:00
1743740760,29522.4,29549.55,29522.4,29542.85,6,2025-04-04 04:26:00
1743740820,29542.85,29550.0,29542.85,29550.0,4,2025-04-04 04:27:00
1743740880,29537.7,29537.7,29488.05,29498.45,17,2025-04-04 04:28:00
1743740940,29498.45,29498.45,29481.65,29487.15,20,2025-04-04 04:29:00
1743741000,29487.15,29536.75,29487.15,29536.75,4,2025-04-04 04:30:00
1743741060,29536.75,29536.75,29525.0,29525.0,4,2025-04-04 04:31:00
1743741120,29525.0,29525.0,29480.0,29480.0,20,2025-04-04 04:32:00
1743741180,29512.05,29515.0,29511.15,29515.0,33,2025-04-04 04:33:00
1743741240,29515.0,29515.0,29462.85,29462.85,74,2025-04-04 04:34:00
1743741300,29462.85,29515.0,29462.85,29515.0,16,2025-04-04 04:35:00
1743741360,29542.0,29542.0,29510.0,29515.0,110,2025-04-04 04:36:00
1743741420,29514.15,29515.0,29485.45,29485.45,8,2025-04-04 04:37:00
1743741480,29485.45,29495.0,29485.45,29495.0,5,2025-04-04 04:38:00
1743741540,29511.6,29511.6,29511.6,29511.6,1,2025-04-04 04:39:00
1743741600,29511.6,29511.6,29511.6,29511.6,0,2025-04-04 04:40:00
1743741660,29511.6,29536.8,29511.6,29536.8,1,2025-04-04 04:41:00
1743741720,29485.45,29485.45,29456.05,29456.05,18,2025-04-04 04:42:00
1743741780,29456.05,29494.45,29456.05,29494.45,2,2025-04-04 04:43:00
1743741840,29494.45,29494.45,29309.3,29360.0,177,2025-04-04 04:44:00
1743741900,29360.0,29434.8,29357.95,29434.8,15,2025-04-04 04:45:00
1743741960,29434.8,29434.8,29425.0,29425.0,1,2025-04-04 04:46:00
1743742020,29425.0,29425.0,29410.0,29419.45,4,2025-04-04 04:47:00
1743742080,29419.45,29419.45,29360.25,29408.35,8,2025-04-04 04:48:00
1743742140,29370.65,29407.8,29364.15,29364.15,8,2025-04-04 04:49:00
1743742200,29364.15,29385.4,29360.0,29385.4,13,2025-04-04 04:50:00
1743742260,29385.4,29385.4,29325.0,29342.15,109,2025-04-04 04:51:00
1743742320,29342.15,29361.0,29340.0,29361.0,2,2025-04-04 04:52:00
1743742380,29372.25,29455.95,29340.2,29407.75,77,2025-04-04 04:53:00
1743742440,29407.75,29407.75,29305.0,29317.0,51,2025-04-04 04:54:00
1743742500,29317.0,29352.0,29317.0,29352.0,9,2025-04-04 04:55:00
1743742560,29352.0,29387.35,29352.0,29387.35,4,2025-04-04 04:56:00
1743742620,29387.35,29387.35,29387.35,29387.35,5,2025-04-04 04:57:00
1743742680,29387.35,29387.35,29317.0,29317.0,19,2025-04-04 04:58:00
1743742740,29317.0,29349.8,29297.5,29349.8,40,2025-04-04 04:59:00
1743742800,29349.8,29349.8,29349.8,29349.8,0,2025-04-04 05:00:00
1743742860,29349.8,29350.0,29349.8,29349.8,6,2025-04-04 05:01:00
1743742920,29349.8,29407.75,29330.0,29330.0,132,2025-04-04 05:02:00
1743742980,29330.0,29367.55,29275.0,29275.0,32,2025-04-04 05:03:00
1743743040,29302.05,29311.25,29302.05,29309.75,8,2025-04-04 05:04:00
1743743100,29309.75,29320.0,29305.05,29305.05,15,2025-04-04 05:05:00
1743743160,29305.05,29349.85,29305.05,29349.85,13,2025-04-04 05:06:00
1743743220,29349.85,29359.3,29349.85,29359.3,3,2025-04-04 05:07:00
1743743280,29359.3,29379.85,29359.3,29379.85,2,2025-04-04 05:08:00
1743743340,29379.85,29379.85,29360.0,29360.0,11,2025-04-04 05:09:00
1743743400,29360.0,29399.85,29360.0,29399.85,2,2025-04-04 05:10:00
1743743460,29399.95,29399.95,29399.95,29399.95,3,2025-04-04 05:11:00
1743743520,29399.95,29440.0,29386.0,29440.0,28,2025-04-04 05:12:00
1743743580,29432.8,29432.8,29391.15,29404.1,7,2025-04-04 05:13:00
1743743640,29423.9,29440.0,29423.9,29440.0,18,2025-04-04 05:14:00
1743743700,29440.0,29456.7,29439.8,29456.7,31,2025-04-04 05:15:00
1743743760,29456.7,29462.9,29445.65,29462.9,15,2025-04-04 05:16:00
1743743820,29462.9,29499.9,29462.9,29499.9,1,2025-04-04 05:17:00
1743743880,29499.9,29499.9,29445.05,29445.05,1,2025-04-04 05:18:00
1743743940,29445.05,29456.75,29440.0,29450.65,4,2025-04-04 05:19:00
1743744000,29450.65,29450.65,29450.0,29450.0,38,2025-04-04 05:20:00
1743744060,29450.0,29450.0,29450.0,29450.0,1,2025-04-04 05:21:00
1743744120,29450.0,29500.0,29450.0,29500.0,43,2025-04-04 05:22:00
1743744180,29467.6,29467.6,29467.6,29467.6,2,2025-04-04 05:23:00
1743744240,29467.6,29491.7,29467.6,29490.0,16,2025-04-04 05:24:00
1743744300,29490.0,29490.0,29490.0,29490.0,10,2025-04-04 05:25:00
1743744360,29490.0,29494.35,29490.0,29494.35,4,2025-04-04 05:26:00
1743744420,29500.0,29519.55,29500.0,29519.55,29,2025-04-04 05:27:00
1743744480,29519.55,29568.3,29519.55,29551.0,47,2025-04-04 05:28:00
1743744540,29551.0,29556.5,29520.9,29556.5,4,2025-04-04 05:29:00
1743744600,29576.8,29576.8,29576.65,29576.65,40,2025-04-04 05:30:00
1743744660,29576.65,29576.65,29550.0,29550.0,1,2025-04-04 05:31:00
1743744720,29550.0,29558.25,29550.0,29558.25,1,2025-04-04 05:32:00
1743744780,29558.25,29558.25,29558.25,29558.25,0,2025-04-04 05:33:00
1743744840,29558.25,29558.25,29558.25,29558.25,0,2025-04-04 05:34:00
1743744900,29558.25,29558.25,29554.0,29554.0,3,2025-04-04 05:35:00
1743744960,29554.0,29554.0,29533.0,29538.15,4,2025-04-04 05:36:00
1743745020,29538.15,29538.15,29516.65,29536.15,2,2025-04-04 05:37:00
1743745080,29536.15,29617.7,29510.0,29617.7,54,2025-04-04 05:38:00
1743745140,29617.7,29642.05,29570.55,29621.5,57,2025-04-04 05:39:00
1743745200,29621.5,29621.5,29599.05,29599.05,3,2025-04-04 05:40:00
1743745260,29599.05,29599.05,29599.05,29599.05,3,2025-04-04 05:41:00
1743745320,29599.05,29599.05,29560.2,29560.2,8,2025-04-04 05:42:00
1743745380,29550.0,29550.05,29531.85,29531.85,5,2025-04-04 05:43:00
1743745440,29531.85,29531.85,29531.85,29531.85,0,2025-04-04 05:44:00
1743745500,29531.85,29531.85,29510.0,29510.0,31,2025-04-04 05:45:00
1743745560,29510.0,29510.0,29464.35,29464.35,5,2025-04-04 05:46:00
1743745620,29464.35,29464.35,29464.35,29464.35,0,2025-04-04 05:47:00
1743745680,29464.35,29559.9,29464.35,29559.6,3,2025-04-04 05:48:00
1743745740,29559.6,29559.6,29506.45,29506.45,2,2025-04-04 05:49:00
1743745800,29506.45,29554.3,29506.45,29554.3,2,2025-04-04 05:50:00
1743745860,29554.3,29555.05,29554.3,29555.05,15,2025-04-04 05:51:00
1743745920,29555.05,29555.05,29514.8,29514.8,2,2025-04-04 05:52:00
1743745980,29514.8,29518.7,29514.8,29518.7,1,2025-04-04 05:53:00
1743746040,29518.7,29518.7,29518.7,29518.7,0,2025-04-04 05:54:00
1743746100,29518.7,29518.7,29514.45,29514.45,3,2025-04-04 05:55:00
1743746160,29514.45,29514.45,29486.7,29486.7,1,2025-04-04 05:56:00
1743746220,29486.7,29486.7,29486.7,29486.7,0,2025-04-04 05:57:00
1743746280,29486.7,29486.7,29486.7,29486.7,0,2025-04-04 05:58:00
1743746340,29486.7,29553.0,29486.7,29553.0,4,2025-04-04 05:59:00
1743746400,29553.0,29553.0,29550.8,29550.8,1,2025-04-04 06:00:00
1743746460,29550.8,29550.8,29550.8,29550.8,0,2025-04-04 06:01:00
1743746520,29550.8,29584.0,29520.0,29584.0,20,2025-04-04 06:02:00
1743746580,29584.0,29584.0,29579.7,29584.0,31,2025-04-04 06:03:00
1743746640,29583.55,29584.0,29531.05,29584.0,55,2025-04-04 06:04:00
1743746700,29584.0,29584.0,29583.8,29583.8,1,2025-04-04 06:05:00
1743746760,29583.8,29583.8,29583.8,29583.8,0,2025-04-04 06:06:00
1743746820,29583.65,29583.65,29543.2,29543.2,3,2025-04-04 06:07:00
1743746880,29543.2,29543.2,29532.2,29532.2,1,2025-04-04 06:08:00
1743746940,29532.2,29540.0,29532.2,29540.0,4,2025-04-04 06:09:00
1743747000,29540.0,29550.0,29540.0,29550.0,1,2025-04-04 06:10:00
1743747060,29550.0,29550.0,29550.0,29550.0,0,2025-04-04 06:11:00
1743747120,29550.0,29550.0,29538.15,29538.15,10,2025-04-04 06:12:00
1743747180,29538.15,29538.15,29538.15,29538.15,0,2025-04-04 06:13:00
1743747240,29538.15,29580.75,29538.15,29580.75,3,2025-04-04 06:14:00
1743747300,29580.75,29580.75,29560.0,29560.0,1,2025-04-04 06:15:00
1743747360,29560.0,29565.0,29560.0,29565.0,2,2025-04-04 06:16:00
1743747420,29565.0,29565.0,29545.0,29551.5,11,2025-04-04 06:17:00
1743747480,29551.5,29551.5,29551.5,29551.5,0,2025-04-04 06:18:00
1743747540,29551.5,29551.5,29551.5,29551.5,0,2025-04-04 06:19:00
1743747600,29551.5,29563.15,29551.5,29563.15,1,2025-04-04 06:20:00
1743747660,29533.25,29533.65,29520.0,29522.75,13,2025-04-04 06:21:00
1743747720,29522.75,29564.25,29522.75,29564.25,1,2025-04-04 06:22:00
1743747780,29564.25,29564.25,29546.0,29551.95,2,2025-04-04 06:23:00
1743747840,29551.95,29551.95,29551.95,29551.95,1,2025-04-04 06:24:00
1743747900,29551.95,29551.95,29551.95,29551.95,0,2025-04-04 06:25:00
1743747960,29551.95,29567.1,29536.05,29567.1,6,2025-04-04 06:26:00
1743748020,29567.1,29567.1,29525.15,29560.0,16,2025-04-04 06:27:00
1743748080,29560.0,29560.0,29550.0,29550.0,12,2025-04-04 06:28:00
1743748140,29549.55,29567.6,29549.55,29567.6,2,2025-04-04 06:29:00
1743748200,29567.6,29567.6,29521.8,29521.8,22,2025-04-04 06:30:00
1743748260,29521.8,29523.55,29521.8,29523.55,1,2025-04-04 06:31:00
1743748320,29523.55,29523.55,29519.2,29519.2,2,2025-04-04 06:32:00
1743748380,29519.2,29519.2,29492.05,29492.05,1,2025-04-04 06:33:00
1743748440,29524.5,29526.35,29524.5,29526.35,2,2025-04-04 06:34:00
1743748500,29526.35,29541.55,29496.75,29541.55,31,2025-04-04 06:35:00
1743748560,29541.55,29541.55,29541.55,29541.55,0,2025-04-04 06:36:00
1743748620,29541.55,29541.55,29541.3,29541.3,1,2025-04-04 06:37:00
1743748680,29541.3,29541.3,29536.4,29536.45,3,2025-04-04 06:38:00
1743748740,29536.45,29536.45,29495.4,29495.4,1,2025-04-04 06:39:00
1743748800,29495.4,29539.75,29495.4,29539.75,1,2025-04-04 06:40:00
1743748860,29539.75,29539.75,29539.75,29539.75,0,2025-04-04 06:41:00
1743748920,29539.75,29541.5,29539.75,29541.5,1,2025-04-04 06:42:00
1743748980,29541.5,29541.5,29541.5,29541.5,0,2025-04-04 06:43:00
1743749040,29541.5,29541.5,29541.5,29541.5,1,2025-04-04 06:44:00
1743749100,29541.5,29541.5,29512.05,29512.05,1,2025-04-04 06:45:00
1743749160,29512.05,29512.05,29512.05,29512.05,0,2025-04-04 06:46:00
1743749220,29512.05,29512.05,29512.05,29512.05,0,2025-04-04 06:47:00
1743749280,29512.05,29512.05,29512.05,29512.05,0,2025-04-04 06:48:00
1743749340,29512.05,29512.05,29512.05,29512.05,0,2025-04-04 06:49:00
1743749400,29512.05,29567.95,29512.05,29567.95,24,2025-04-04 06:50:00
1743749460,29567.95,29579.5,29567.95,29579.5,2,2025-04-04 06:51:00
1743749520,29579.5,29579.5,29524.2,29524.2,2,2025-04-04 06:52:00
1743749580,29524.2,29524.2,29524.2,29524.2,0,2025-04-04 06:53:00
1743749640,29524.2,29524.2,29524.2,29524.2,0,2025-04-04 06:54:00
1743749700,29524.2,29524.2,29524.2,29524.2,0,2025-04-04 06:55:00
1743749760,29524.2,29524.2,29524.2,29524.2,0,2025-04-04 06:56:00
1743749820,29524.2,29524.2,29524.2,29524.2,0,2025-04-04 06:57:00
1743749880,29524.2,29551.95,29512.4,29512.6,9,2025-04-04 06:58:00
1743749940,29512.2,29512.2,29505.45,29505.45,21,2025-04-04 06:59:00
1743750000,29505.45,29505.45,29505.45,29505.45,0,2025-04-04 07:00:00
1743750060,29505.45,29505.45,29505.45,29505.45,0,2025-04-04 07:01:00
1743750120,29505.45,29505.45,29505.45,29505.45,0,2025-04-04 07:02:00
1743750180,29535.95,29567.95,29511.85,29511.85,18,2025-04-04 07:03:00
1743750240,29502.7,29502.7,29481.35,29481.35,46,2025-04-04 07:04:00
1743750300,29469.0,29471.65,29469.0,29471.65,12,2025-04-04 07:05:00
1743750360,29471.65,29505.65,29471.65,29505.65,1,2025-04-04 07:06:00
1743750420,29505.65,29505.7,29505.65,29505.7,1,2025-04-04 07:07:00
1743750480,29505.7,29505.7,29505.7,29505.7,0,2025-04-04 07:08:00
1743750540,29505.7,29505.7,29505.7,29505.7,0,2025-04-04 07:09:00
1743750600,29505.7,29505.7,29505.7,29505.7,1,2025-04-04 07:10:00
1743750660,29505.7,29505.7,29505.7,29505.7,0,2025-04-04 07:11:00
1743750720,29505.7,29505.7,29505.7,29505.7,0,2025-04-04 07:12:00
1743750780,29505.7,29505.7,29500.0,29500.0,1,2025-04-04 07:13:00
1743750840,29500.0,29500.0,29466.0,29466.0,9,2025-04-04 07:14:00
1743750900,29497.85,29503.95,29497.85,29503.95,9,2025-04-04 07:15:00
1743750960,29503.95,29503.95,29503.95,29503.95,0,2025-04-04 07:16:00
1743751020,29503.95,29507.3,29480.0,29507.3,9,2025-04-04 07:17:00
1743751080,29479.35,29480.0,29456.05,29456.05,8,2025-04-04 07:18:00
1743751140,29456.05,29456.05,29456.05,29456.05,0,2025-04-04 07:19:00
1743751200,29456.05,29456.05,29456.05,29456.05,0,2025-04-04 07:20:00
1743751260,29456.05,29456.05,29456.05,29456.05,0,2025-04-04 07:21:00
1743751320,29439.65,29471.95,29439.65,29441.25,19,2025-04-04 07:22:00
1743751380,29450.0,29450.0,29434.0,29434.0,6,2025-04-04 07:23:00
1743751440,29434.0,29487.7,29420.15,29424.2,13,2025-04-04 07:24:00
1743751500,29424.2,29424.2,29424.2,29424.2,0,2025-04-04 07:25:00
1743751560,29424.2,29482.15,29424.2,29425.15,13,2025-04-04 07:26:00
1743751620,29449.65,29492.1,29449.65,29492.1,5,2025-04-04 07:27:00
1743751680,29492.1,29492.1,29491.35,29491.35,4,2025-04-04 07:28:00
1743751740,29461.0,29472.75,29461.0,29472.75,2,2025-04-04 07:29:00
1743751800,29472.75,29472.75,29472.75,29472.75,0,2025-04-04 07:30:00
1743751860,29472.75,29509.35,29472.75,29509.25,2,2025-04-04 07:31:00
1743751920,29509.25,29509.25,29509.25,29509.25,0,2025-04-04 07:32:00
1743751980,29509.25,29509.25,29472.8,29472.8,1,2025-04-04 07:33:00
1743752040,29472.8,29472.8,29472.8,29472.8,0,2025-04-04 07:34:00
1743752100,29472.8,29483.85,29472.8,29483.85,1,2025-04-04 07:35:00
1743752160,29507.15,29510.85,29507.15,29510.85,2,2025-04-04 07:36:00
1743752220,29510.85,29510.85,29510.85,29510.85,0,2025-04-04 07:37:00
1743752280,29510.85,29521.95,29483.3,29483.3,3,2025-04-04 07:38:00
1743752340,29483.3,29522.1,29483.3,29522.1,6,2025-04-04 07:39:00
1743752400,29522.1,29522.1,29522.1,29522.1,0,2025-04-04 07:40:00
1743752460,29522.1,29522.1,29483.9,29483.9,3,2025-04-04 07:41:00
1743752520,29483.9,29483.9,29480.0,29480.0,5,2025-04-04 07:42:00
1743752580,29480.0,29480.0,29480.0,29480.0,0,2025-04-04 07:43:00
1743752640,29480.0,29480.0,29472.75,29472.75,1,2025-04-04 07:44:00
1743752700,29472.75,29487.95,29472.75,29487.95,3,2025-04-04 07:45:00
1743752760,29487.95,29487.95,29487.95,29487.95,0,2025-04-04 07:46:00
1743752820,29487.95,29487.95,29380.0,29380.0,129,2025-04-04 07:47:00
1743752880,29380.0,29425.7,29380.0,29425.7,18,2025-04-04 07:48:00
1743752940,29425.7,29425.7,29425.7,29425.7,0,2025-04-04 07:49:00
1743753000,29425.7,29438.25,29425.7,29438.25,2,2025-04-04 07:50:00
1743753060,29435.65,29435.65,29398.25,29398.25,3,2025-04-04 07:51:00
1743753120,29398.25,29398.25,29398.25,29398.25,0,2025-04-04 07:52:00
1743753180,29398.25,29398.25,29398.25,29398.25,0,2025-04-04 07:53:00
1743753240,29398.25,29398.25,29344.4,29358.2,248,2025-04-04 07:54:00
1743753300,29358.5,29391.8,29328.05,29391.8,13,2025-04-04 07:55:00
1743753360,29391.8,29391.8,29325.1,29340.0,18,2025-04-04 07:56:00
1743753420,29340.0,29340.0,29340.0,29340.0,0,2025-04-04 07:57:00
1743753480,29340.0,29375.85,29340.0,29375.85,1,2025-04-04 07:58:00
1743753540,29375.85,29375.85,29375.85,29375.85,0,2025-04-04 07:59:00
1743753600,29375.85,29375.85,29340.0,29340.0,1,2025-04-04 08:00:00
1743753660,29340.0,29406.7,29340.0,29406.7,15,2025-04-04 08:01:00
1743753720,29406.7,29406.7,29376.95,29376.95,1,2025-04-04 08:02:00
1743753780,29376.95,29377.0,29376.95,29377.0,2,2025-04-04 08:03:00
1743753840,29382.1,29385.15,29344.5,29385.15,10,2025-04-04 08:04:00
1743753900,29385.15,29385.15,29385.15,29385.15,0,2025-04-04 08:05:00
1743753960,29385.15,29385.15,29385.15,29385.15,0,2025-04-04 08:06:00
1743754020,29350.15,29350.15,29350.15,29350.15,1,2025-04-04 08:07:00
1743754080,29350.15,29381.9,29350.15,29381.9,1,2025-04-04 08:08:00
1743754140,29381.9,29381.9,29381.9,29381.9,0,2025-04-04 08:09:00
1743754200,29381.9,29381.9,29381.9,29381.9,1,2025-04-04 08:10:00
1743754260,29381.9,29381.9,29381.9,29381.9,0,2025-04-04 08:11:00
1743754320,29381.9,29381.9,29381.9,29381.9,0,2025-04-04 08:12:00
1743754380,29381.9,29381.95,29381.9,29381.95,3,2025-04-04 08:13:00
1743754440,29381.95,29381.95,29343.8,29351.8,14,2025-04-04 08:14:00
1743754500,29351.8,29351.8,29320.0,29320.0,12,2025-04-04 08:15:00
1743754560,29320.0,29348.5,29311.05,29311.05,5,2025-04-04 08:16:00
1743754620,29311.05,29348.8,29311.05,29316.7,5,2025-04-04 08:17:00
1743754680,29316.7,29316.7,29201.0,29230.25,173,2025-04-04 08:18:00
1743754740,29230.25,29230.25,29230.2,29230.2,1,2025-04-04 08:19:00
1743754800,29230.2,29232.5,29217.05,29232.5,7,2025-04-04 08:20:00
1743754860,29316.65,29316.65,29268.5,29268.5,29,2025-04-04 08:21:00
1743754920,29268.5,29268.5,29266.45,29266.45,1,2025-04-04 08:22:00
1743754980,29266.45,29266.45,29217.45,29217.45,12,2025-04-04 08:23:00
1743755040,29217.45,29256.75,29214.8,29256.75,4,2025-04-04 08:24:00
1743755100,29256.75,29256.75,29256.75,29256.75,0,2025-04-04 08:25:00
1743755160,29256.75,29256.75,29210.15,29210.15,7,2025-04-04 08:26:00
1743755220,29210.15,29210.15,29179.0,29179.0,242,2025-04-04 08:27:00
1743755280,29179.0,29179.0,29129.3,29160.25,113,2025-04-04 08:28:00
1743755340,29160.25,29164.95,29102.2,29164.95,19,2025-04-04 08:29:00
1743755400,29164.95,29166.9,29164.95,29166.9,3,2025-04-04 08:30:00
1743755460,29166.9,29166.9,29162.95,29162.95,1,2025-04-04 08:31:00
1743755520,29162.95,29179.8,29162.95,29179.8,16,2025-04-04 08:32:00
1743755580,29179.8,29179.8,29162.95,29162.95,2,2025-04-04 08:33:00
1743755640,29162.95,29162.95,29162.95,29162.95,0,2025-04-04 08:34:00
1743755700,29162.95,29249.95,29162.95,29249.95,36,2025-04-04 08:35:00
1743755760,29249.95,29249.95,29249.85,29249.85,1,2025-04-04 08:36:00
1743755820,29249.85,29249.9,29185.15,29241.35,29,2025-04-04 08:37:00
1743755880,29241.35,29241.35,29241.35,29241.35,0,2025-04-04 08:38:00
1743755940,29241.35,29241.35,29183.8,29183.8,1,2025-04-04 08:39:00
1743756000,29183.8,29199.95,29183.8,29199.95,1,2025-04-04 08:40:00
1743756060,29199.95,29249.95,29199.95,29249.95,11,2025-04-04 08:41:00
1743756120,29249.95,29260.0,29240.85,29260.0,6,2025-04-04 08:42:00
1743756180,29260.0,29260.0,29240.85,29240.85,32,2025-04-04 08:43:00
1743756240,29217.75,29232.0,29217.75,29232.0,49,2025-04-04 08:44:00
1743756300,29232.0,29232.0,29189.15,29189.15,4,2025-04-04 08:45:00
1743756360,29189.15,29228.5,29189.15,29194.95,2,2025-04-04 08:46:00
1743756420,29194.95,29238.4,29194.95,29199.95,4,2025-04-04 08:47:00
1743756480,29199.95,29238.55,29175.0,29229.8,65,2025-04-04 08:48:00
1743756540,29229.8,29232.7,29188.0,29194.5,9,2025-04-04 08:49:00
1743756600,29194.5,29236.95,29194.5,29207.6,4,2025-04-04 08:50:00
1743756660,29207.6,29232.65,29188.15,29231.55,5,2025-04-04 08:51:00
1743756720,29231.55,29231.55,29192.65,29199.95,2,2025-04-04 08:52:00
1743756780,29199.95,29235.9,29197.15,29197.15,2,2025-04-04 08:53:00
1743756840,29197.15,29198.25,29197.15,29198.25,1,2025-04-04 08:54:00
1743756900,29190.0,29231.8,29188.1,29231.8,18,2025-04-04 08:55:00
1743756960,29231.8,29231.8,29193.0,29193.0,1,2025-04-04 08:56:00
1743757020,29193.0,29194.3,29180.0,29180.0,23,2025-04-04 08:57:00
1743757080,29180.0,29374.95,29180.0,29320.85,118,2025-04-04 08:58:00
1743757140,29320.85,29440.8,29320.85,29356.3,116,2025-04-04 08:59:00
1743757200,29362.0,29365.0,29360.15,29365.0,4,2025-04-04 09:00:00
1743757260,29365.0,29424.95,29365.0,29424.95,13,2025-04-04 09:01:00
1743757320,29371.25,29439.8,29371.25,29430.7,49,2025-04-04 09:02:00
1743757380,29438.75,29442.0,29377.3,29400.05,16,2025-04-04 09:03:00
1743757440,29442.05,29442.05,29402.7,29441.95,13,2025-04-04 09:04:00
1743757500,29441.95,29441.95,29410.0,29441.95,23,2025-04-04 09:05:00
1743757560,29441.95,29467.7,29400.0,29467.7,48,2025-04-04 09:06:00
1743757620,29467.7,29506.1,29442.05,29442.05,9,2025-04-04 09:07:00
1743757680,29442.05,29499.8,29442.05,29499.8,19,2025-04-04 09:08:00
1743757740,29499.8,29499.8,29418.9,29443.4,124,2025-04-04 09:09:00
1743757800,29443.4,29471.75,29415.05,29422.55,20,2025-04-04 09:10:00
1743757860,29422.55,29487.85,29422.55,29443.1,11,2025-04-04 09:11:00
1743757920,29443.1,29499.0,29443.1,29444.85,7,2025-04-04 09:12:00
1743757980,29428.55,29481.05,29428.55,29440.5,8,2025-04-04 09:13:00
1743758040,29440.5,29440.5,29430.1,29430.1,2,2025-04-04 09:14:00
1743758100,29430.0,29439.05,29430.0,29439.05,5,2025-04-04 09:15:00
1743758160,29439.05,29478.7,29433.3,29478.7,21,2025-04-04 09:16:00
1743758220,29478.7,29479.65,29436.1,29437.5,14,2025-04-04 09:17:00
1743758280,29437.5,29479.85,29430.25,29430.25,13,2025-04-04 09:18:00
1743758340,29430.25,29471.4,29430.1,29430.1,7,2025-04-04 09:19:00
1743758400,29430.1,29477.0,29430.1,29477.0,3,2025-04-04 09:20:00
1743758460,29477.0,29477.0,29433.2,29433.2,5,2025-04-04 09:21:00
1743758520,29433.2,29433.2,29432.2,29432.2,4,2025-04-04 09:22:00
1743758580,29432.2,29467.6,29408.05,29467.6,21,2025-04-04 09:23:00
1743758640,29467.6,29467.6,29423.0,29423.0,8,2025-04-04 09:24:00
1743758700,29423.0,29470.0,29423.0,29470.0,8,2025-04-04 09:25:00
1743758760,29470.0,29470.0,29470.0,29470.0,4,2025-04-04 09:26:00
1743758820,29416.15,29470.0,29416.15,29470.0,5,2025-04-04 09:27:00
1743758880,29470.0,29470.0,29430.9,29467.95,11,2025-04-04 09:28:00
1743758940,29467.95,29467.95,29433.4,29433.4,2,2025-04-04 09:29:00
1743759000,29500.0,29529.0,29500.0,29505.7,75,2025-04-04 09:30:00
1743759060,29505.7,29549.95,29495.75,29549.95,18,2025-04-04 09:31:00
1743759120,29549.95,29549.95,29373.95,29400.0,385,2025-04-04 09:32:00
1743759180,29400.0,29415.0,29398.85,29412.85,13,2025-04-04 09:33:00
1743759240,29400.0,29407.05,29331.85,29398.15,52,2025-04-04 09:34:00
1743759300,29398.15,29407.1,29305.75,29392.2,133,2025-04-04 09:35:00
1743759360,29392.0,29392.0,29275.05,29275.05,75,2025-04-04 09:36:00
1743759420,29275.05,29361.3,29260.0,29260.0,43,2025-04-04 09:37:00
1743759480,29260.0,29350.9,29260.0,29349.95,56,2025-04-04 09:38:00
1743759540,29349.95,29349.95,29215.1,29215.1,38,2025-04-04 09:39:00
1743759600,29338.0,29338.0,29040.4,29050.0,279,2025-04-04 09:40:00
1743759660,29055.0,29171.2,29009.15,29159.2,117,2025-04-04 09:41:00
1743759720,29100.05,29159.1,28890.2,28890.2,279,2025-04-04 09:42:00
1743759780,28980.0,28999.5,28890.05,28911.1,104,2025-04-04 09:43:00
1743759840,28911.1,28962.05,28871.1,28934.6,100,2025-04-04 09:44:00
1743759900,28934.6,28953.8,28850.75,28900.0,92,2025-04-04 09:45:00
1743759960,28900.0,28959.8,28865.0,28947.55,157,2025-04-04 09:46:00
1743760020,28947.55,28947.8,28860.2,28941.85,143,2025-04-04 09:47:00
1743760080,28940.0,28940.0,28829.15,28907.4,191,2025-04-04 09:48:00
1743760140,28900.0,28998.95,28900.0,28998.95,122,2025-04-04 09:49:00
1743760200,28912.1,28999.95,28911.0,28979.8,102,2025-04-04 09:50:00
1743760260,28911.0,28973.25,28911.0,28973.25,102,2025-04-04 09:51:00
1743760320,28973.25,28973.9,28916.05,28934.4,65,2025-04-04 09:52:00
1743760380,28920.0,28959.9,28920.0,28959.9,72,2025-04-04 09:53:00
1743760440,28925.0,28994.9,28925.0,28989.95,53,2025-04-04 09:54:00
1743760500,28930.0,28999.9,28930.0,28999.9,83,2025-04-04 09:55:00
1743760560,28999.9,28999.9,28955.0,28993.95,77,2025-04-04 09:56:00
1743760620,28989.4,29000.0,28961.05,29000.0,86,2025-04-04 09:57:00
1743760680,28960.0,28999.9,28955.0,28955.0,296,2025-04-04 09:58:00
1743760740,28955.0,29000.0,28950.1,29000.0,9,2025-04-04 09:59:00
1743997500,27501.0,28205.05,27500.05,27849.95,137,2025-04-07 03:45:00
1743997560,27859.9,28306.45,27859.9,28299.1,223,2025-04-07 03:46:00
1743997620,28229.4,28333.0,28101.0,28120.1,253,2025-04-07 03:47:00
1743997680,28120.1,28131.7,27998.4,28040.0,41,2025-04-07 03:48:00
1743997740,28000.0,28101.6,28000.0,28016.1,59,2025-04-07 03:49:00
1743997800,28017.0,28079.75,28017.0,28075.75,18,2025-04-07 03:50:00
1743997860,28075.75,28181.05,28053.6,28100.2,89,2025-04-07 03:51:00
1743997920,28221.5,28304.15,28170.9,28304.15,26,2025-04-07 03:52:00
1743997980,28281.35,28299.95,28212.0,28212.0,45,2025-04-07 03:53:00
1743998040,28264.85,28450.05,28264.85,28325.2,308,2025-04-07 03:54:00
1743998100,28325.2,28410.0,28325.2,28381.45,27,2025-04-07 03:55:00
1743998160,28374.9,28461.9,28374.9,28400.0,26,2025-04-07 03:56:00
1743998220,28367.65,28623.9,28367.65,28623.9,166,2025-04-07 03:57:00
1743998280,28500.0,28579.05,28449.0,28516.6,38,2025-04-07 03:58:00
1743998340,28588.65,28588.65,28516.75,28550.0,22,2025-04-07 03:59:00
1743998400,28544.1,28633.9,28544.1,28579.6,23,2025-04-07 04:00:00
1743998460,28669.85,28750.05,28579.0,28750.05,131,2025-04-07 04:01:00
1743998520,28750.05,28826.75,28667.5,28764.0,69,2025-04-07 04:02:00
1743998580,28764.0,28814.25,28757.05,28803.3,210,2025-04-07 04:03:00
1743998640,28794.15,28805.15,28551.3,28603.4,67,2025-04-07 04:04:00
1743998700,28518.2,28591.1,28516.3,28520.05,49,2025-04-07 04:05:00
1743998760,28556.95,28584.15,28512.5,28512.55,122,2025-04-07 04:06:00
1743998820,28445.25,28570.6,28445.25,28570.6,119,2025-04-07 04:07:00
1743998880,28595.55,28595.55,28444.75,28486.1,18,2025-04-07 04:08:00
1743998940,28486.1,28672.8,28486.1,28672.8,14,2025-04-07 04:09:00
1743999000,28649.8,28676.95,28617.0,28617.0,9,2025-04-07 04:10:00
1743999060,28617.0,28617.05,28551.1,28576.2,15,2025-04-07 04:11:00
1743999120,28576.2,28596.75,28528.95,28569.8,20,2025-04-07 04:12:00
1743999180,28562.65,28562.65,28419.4,28419.4,67,2025-04-07 04:13:00
1743999240,28441.75,28441.75,28342.3,28342.3,61,2025-04-07 04:14:00
1743999300,28342.3,28359.35,28300.15,28340.4,22,2025-04-07 04:15:00
1743999360,28300.2,28332.8,28300.0,28300.0,38,2025-04-07 04:16:00
1743999420,28368.85,28368.85,28298.45,28352.05,34,2025-04-07 04:17:00
1743999480,28368.85,28427.65,28340.4,28366.35,25,2025-04-07 04:18:00
1743999540,28366.35,28387.65,28359.05,28364.35,5,2025-04-07 04:19:00
1743999600,28364.35,28399.85,28363.85,28399.85,7,2025-04-07 04:20:00
1743999660,28339.1,28458.85,28339.1,28425.5,75,2025-04-07 04:21:00
1743999720,28414.2,28443.8,28367.15,28443.8,27,2025-04-07 04:22:00
1743999780,28443.8,28486.6,28443.8,28444.05,5,2025-04-07 04:23:00
1743999840,28444.05,28548.7,28444.05,28542.6,24,2025-04-07 04:24:00
1743999900,28542.6,28559.05,28479.75,28479.75,66,2025-04-07 04:25:00
1743999960,28491.85,28527.05,28443.8,28503.3,37,2025-04-07 04:26:00
1744000020,28503.3,28503.35,28375.35,28375.35,28,2025-04-07 04:27:00
1744000080,28375.35,28479.95,28375.35,28446.3,26,2025-04-07 04:28:00
1744000140,28446.3,28600.0,28443.5,28559.15,49,2025-04-07 04:29:00
1744000200,28559.15,28624.6,28551.55,28624.6,22,2025-04-07 04:30:00
1744000260,28624.6,28642.4,28586.0,28586.0,11,2025-04-07 04:31:00
1744000320,28586.0,28586.0,28509.95,28509.95,5,2025-04-07 04:32:00
1744000380,28500.0,28585.85,28500.0,28585.85,19,2025-04-07 04:33:00
1744000440,28585.85,28585.85,28529.95,28539.95,12,2025-04-07 04:34:00
1744000500,28540.0,28540.0,28497.4,28503.25,3,2025-04-07 04:35:00
1744000560,28503.25,28511.05,28471.8,28511.05,9,2025-04-07 04:36:00
1744000620,28511.05,28542.3,28511.05,28526.2,7,2025-04-07 04:37:00
1744000680,28526.2,28566.25,28488.05,28502.5,16,2025-04-07 04:38:00
1744000740,28502.5,28543.95,28478.05,28543.95,17,2025-04-07 04:39:00
1744000800,28543.95,28543.95,28495.55,28538.8,8,2025-04-07 04:40:00
1744000860,28538.8,28538.8,28454.55,28495.8,11,2025-04-07 04:41:00
1744000920,28443.8,28481.05,28443.8,28471.75,43,2025-04-07 04:42:00
1744000980,28471.75,28478.35,28420.15,28478.35,14,2025-04-07 04:43:00
1744001040,28478.35,28526.4,28478.35,28525.85,16,2025-04-07 04:44:00
1744001100,28525.85,28525.85,28474.25,28474.25,4,2025-04-07 04:45:00
1744001160,28474.25,28474.25,28445.25,28462.35,7,2025-04-07 04:46:00
1744001220,28462.35,28513.15,28462.35,28471.85,11,2025-04-07 04:47:00
1744001280,28471.85,28471.85,28447.05,28463.45,18,2025-04-07 04:48:00
1744001340,28463.45,28479.85,28432.45,28479.85,78,2025-04-07 04:49:00
1744001400,28479.85,28526.0,28479.85,28493.7,18,2025-04-07 04:50:00
1744001460,28493.7,28493.7,28430.8,28430.8,15,2025-04-07 04:51:00
1744001520,28430.0,28476.8,28430.0,28476.8,8,2025-04-07 04:52:00
1744001580,28479.95,28525.0,28479.95,28515.9,15,2025-04-07 04:53:00
1744001640,28515.9,28544.7,28514.75,28544.7,20,2025-04-07 04:54:00
1744001700,28544.7,28565.4,28523.25,28532.0,3,2025-04-07 04:55:00
1744001760,28532.0,28541.2,28532.0,28541.2,13,2025-04-07 04:56:00
1744001820,28525.85,28566.6,28525.85,28539.05,9,2025-04-07 04:57:00
1744001880,28539.05,28568.5,28519.4,28568.4,19,2025-04-07 04:58:00
1744001940,28574.95,28624.95,28551.05,28624.95,26,2025-04-07 04:59:00
1744002000,28600.7,28600.7,28597.65,28599.85,17,2025-04-07 05:00:00
1744002060,28599.85,28599.9,28557.35,28598.85,7,2025-04-07 05:01:00
1744002120,28598.85,28598.85,28591.05,28591.1,4,2025-04-07 05:02:00
1744002180,28591.1,28598.85,28572.4,28582.35,3,2025-04-07 05:03:00
1744002240,28582.35,28653.55,28578.3,28580.9,42,2025-04-07 05:04:00
1744002300,28580.9,28622.8,28554.6,28554.6,20,2025-04-07 05:05:00
1744002360,28554.6,28593.7,28554.6,28566.05,11,2025-04-07 05:06:00
1744002420,28566.05,28566.05,28566.05,28566.05,0,2025-04-07 05:07:00
1744002480,28599.55,28599.9,28599.55,28599.9,3,2025-04-07 05:08:00
1744002540,28593.4,28600.0,28593.4,28600.0,14,2025-04-07 05:09:00
1744002600,28600.0,28630.05,28600.0,28607.4,2,2025-04-07 05:10:00
1744002660,28650.0,28650.0,28620.3,28620.3,11,2025-04-07 05:11:00
1744002720,28620.3,28650.0,28620.3,28650.0,15,2025-04-07 05:12:00
1744002780,28650.15,28669.15,28650.15,28669.05,10,2025-04-07 05:13:00
1744002840,28653.8,28699.85,28653.8,28699.85,23,2025-04-07 05:14:00
1744002900,28699.85,28761.0,28699.85,28722.8,21,2025-04-07 05:15:00
1744002960,28722.8,28722.8,28696.95,28699.1,20,2025-04-07 05:16:00
1744003020,28699.1,28699.1,28699.1,28699.1,0,2025-04-07 05:17:00
1744003080,28699.1,28737.2,28691.15,28729.4,16,2025-04-07 05:18:00
1744003140,28729.4,28750.0,28729.4,28750.0,8,2025-04-07 05:19:00
1744003200,28750.0,28750.0,28750.0,28750.0,80,2025-04-07 05:20:00
1744003260,28750.0,28750.0,28723.7,28741.95,10,2025-04-07 05:21:00
1744003320,28741.95,28826.0,28714.85,28826.0,303,2025-04-07 05:22:00
1744003380,28826.75,28826.75,28826.0,28826.0,14,2025-04-07 05:23:00
1744003440,28787.9,28820.0,28787.9,28820.0,5,2025-04-07 05:24:00
1744003500,28820.0,28820.0,28820.0,28820.0,1,2025-04-07 05:25:00
1744003560,28820.0,28820.0,28805.6,28806.0,7,2025-04-07 05:26:00
1744003620,28806.0,28820.0,28805.6,28820.0,2,2025-04-07 05:27:00
1744003680,28820.0,28820.0,28795.35,28795.35,18,2025-04-07 05:28:00
1744003740,28795.35,28795.35,28738.3,28738.3,4,2025-04-07 05:29:00
1744003800,28738.3,28792.45,28738.3,28749.4,9,2025-04-07 05:30:00
1744003860,28790.9,28826.75,28770.45,28807.4,38,2025-04-07 05:31:00
1744003920,28807.4,28826.75,28770.65,28770.65,25,2025-04-07 05:32:00
1744003980,28770.65,28812.4,28770.65,28776.85,3,2025-04-07 05:33:00
1744004040,28821.5,28826.65,28787.1,28824.8,6,2025-04-07 05:34:00
1744004100,28824.8,28900.0,28824.8,28855.55,252,2025-04-07 05:35:00
1744004160,28879.95,28894.3,28879.95,28894.3,43,2025-04-07 05:36:00
1744004220,28894.3,28952.35,28894.3,28929.95,12,2025-04-07 05:37:00
1744004280,28928.0,28949.95,28928.0,28945.0,5,2025-04-07 05:38:00
1744004340,28945.0,28977.0,28945.0,28977.0,27,2025-04-07 05:39:00
1744004400,28977.0,29030.15,28970.0,29018.6,73,2025-04-07 05:40:00
1744004460,29000.8,29039.95,28985.0,28986.85,96,2025-04-07 05:41:00
1744004520,28986.85,28988.7,28986.85,28988.7,4,2025-04-07 05:42:00
1744004580,28988.7,29039.95,28988.7,29039.95,4,2025-04-07 05:43:00
1744004640,29039.95,29039.95,29011.95,29039.95,6,2025-04-07 05:44:00
1744004700,29039.95,29040.0,29008.45,29021.25,29,2025-04-07 05:45:00
1744004760,29021.25,29183.9,29021.25,29125.0,66,2025-04-07 05:46:00
1744004820,29123.35,29157.55,29116.1,29133.25,263,2025-04-07 05:47:00
1744004880,29133.25,29133.25,29052.95,29052.95,10,2025-04-07 05:48:00
1744004940,29052.95,29082.75,29050.15,29076.5,50,2025-04-07 05:49:00
1744005000,29076.5,29162.85,29076.5,29133.3,65,2025-04-07 05:50:00
1744005060,29167.05,29179.85,29133.7,29173.95,27,2025-04-07 05:51:00
1744005120,29173.95,29173.95,29149.05,29170.0,45,2025-04-07 05:52:00
1744005180,29170.0,29244.0,29170.0,29244.0,188,2025-04-07 05:53:00
1744005240,29244.0,29250.0,29120.05,29120.05,84,2025-04-07 05:54:00
1744005300,29113.1,29119.95,29100.0,29100.0,25,2025-04-07 05:55:00
1744005360,29100.0,29249.95,29100.0,29217.15,109,2025-04-07 05:56:00
1744005420,29199.7,29210.0,29199.7,29210.0,60,2025-04-07 05:57:00
1744005480,29210.0,29210.0,29170.0,29170.0,6,2025-04-07 05:58:00
1744005540,29170.0,29197.8,29170.0,29197.8,2,2025-04-07 05:59:00
1744005600,29197.8,29197.8,29110.15,29144.35,23,2025-04-07 06:00:00
1744005660,29144.35,29144.35,29100.0,29100.0,23,2025-04-07 06:01:00
1744005720,29119.6,29119.95,29042.0,29089.8,111,2025-04-07 06:02:00
1744005780,29089.8,29097.45,29089.8,29097.45,11,2025-04-07 06:03:00
1744005840,29097.9,29149.8,29053.3,29149.8,22,2025-04-07 06:04:00
1744005900,29111.5,29150.0,29111.5,29150.0,3,2025-04-07 06:05:00
1744005960,29150.0,29155.0,29143.8,29143.8,6,2025-04-07 06:06:00
1744006020,29143.8,29156.85,29143.8,29149.7,58,2025-04-07 06:07:00
1744006080,29141.3,29194.4,29141.3,29158.9,26,2025-04-07 06:08:00
1744006140,29164.7,29164.7,29153.0,29153.05,13,2025-04-07 06:09:00
1744006200,29124.85,29126.85,29124.85,29126.85,5,2025-04-07 06:10:00
1744006260,29126.85,29126.85,29080.5,29080.5,20,2025-04-07 06:11:00
1744006320,29080.5,29114.05,29077.85,29095.8,88,2025-04-07 06:12:00
1744006380,29095.8,29095.8,29068.6,29095.8,36,2025-04-07 06:13:00
1744006440,29095.8,29156.15,29072.1,29091.3,53,2025-04-07 06:14:00
1744006500,29155.0,29155.0,29112.5,29155.0,18,2025-04-07 06:15:00
1744006560,29155.0,29155.0,29074.35,29074.35,8,2025-04-07 06:16:00
1744006620,29074.35,29074.35,29053.0,29053.0,22,2025-04-07 06:17:00
1744006680,29065.0,29065.0,29040.05,29040.05,11,2025-04-07 06:18:00
1744006740,29040.05,29040.05,28989.45,28989.5,67,2025-04-07 06:19:00
1744006800,28989.5,28989.5,28961.15,28961.15,2,2025-04-07 06:20:00
1744006860,28961.15,28961.15,28961.15,28961.15,0,2025-04-07 06:21:00
1744006920,28985.3,28993.65,28909.45,28909.45,50,2025-04-07 06:22:00
1744006980,28940.7,28967.25,28919.5,28955.05,13,2025-04-07 06:23:00
1744007040,28955.05,28971.35,28951.6,28970.0,6,2025-04-07 06:24:00
1744007100,28970.0,28970.0,28900.0,28937.7,27,2025-04-07 06:25:00
1744007160,28937.7,28937.7,28885.65,28885.65,38,2025-04-07 06:26:00
1744007220,28907.1,28950.0,28905.3,28905.3,30,2025-04-07 06:27:00
1744007280,28905.3,28934.45,28905.3,28934.45,2,2025-04-07 06:28:00
1744007340,28929.7,28929.7,28912.3,28923.85,11,2025-04-07 06:29:00
1744007400,28923.85,28939.8,28906.0,28911.5,9,2025-04-07 06:30:00
1744007460,28907.05,28965.0,28907.05,28965.0,67,2025-04-07 06:31:00
1744007520,28896.05,28906.6,28896.05,28896.8,24,2025-04-07 06:32:00
1744007580,28900.8,28912.1,28900.0,28912.1,21,2025-04-07 06:33:00
1744007640,28912.1,28932.45,28900.4,28931.9,19,2025-04-07 06:34:00
1744007700,28931.9,28931.9,28880.0,28880.0,18,2025-04-07 06:35:00
1744007760,28880.0,28892.15,28851.75,28892.15,11,2025-04-07 06:36:00
1744007820,28892.15,28894.85,28850.05,28881.7,27,2025-04-07 06:37:00
1744007880,28881.7,28881.7,28867.1,28867.1,13,2025-04-07 06:38:00
1744007940,28867.1,28880.8,28867.1,28867.1,24,2025-04-07 06:39:00
1744008000,28867.1,28867.1,28861.25,28861.25,2,2025-04-07 06:40:00
1744008060,28861.25,28861.25,28850.0,28850.0,16,2025-04-07 06:41:00
1744008120,28843.55,28844.0,28809.85,28830.0,37,2025-04-07 06:42:00
1744008180,28830.0,28837.1,28807.4,28809.15,5,2025-04-07 06:43:00
1744008240,28824.8,28827.55,28750.2,28786.8,46,2025-04-07 06:44:00
1744008300,28749.95,28999.8,28693.6,28999.8,378,2025-04-07 06:45:00
1744008360,28987.95,28989.7,28925.2,28968.45,31,2025-04-07 06:46:00
1744008420,28984.95,29003.85,28967.75,28967.75,13,2025-04-07 06:47:00
1744008480,28967.75,29000.0,28967.75,28997.1,16,2025-04-07 06:48:00
1744008540,28967.7,29000.0,28952.45,28975.55,71,2025-04-07 06:49:00
1744008600,28975.55,28989.7,28723.7,28723.7,101,2025-04-07 06:50:00
1744008660,28758.55,28758.55,28694.95,28753.1,51,2025-04-07 06:51:00
1744008720,28723.3,28723.3,28656.25,28676.55,62,2025-04-07 06:52:00
1744008780,28676.6,28700.0,28656.0,28695.7,53,2025-04-07 06:53:00
1744008840,28689.6,28689.6,28680.4,28680.4,2,2025-04-07 06:54:00
1744008900,28680.4,28699.8,28678.6,28699.8,3,2025-04-07 06:55:00
1744008960,28699.8,28699.8,28650.05,28686.15,2,2025-04-07 06:56:00
1744009020,28686.15,28699.95,28663.9,28669.65,19,2025-04-07 06:57:00
1744009080,28669.65,28681.7,28669.65,28681.7,5,2025-04-07 06:58:00
1744009140,28684.45,28698.75,28684.45,28693.8,6,2025-04-07 06:59:00
1744009200,28661.05,28699.9,28635.45,28674.4,52,2025-04-07 07:00:00
1744009260,28684.85,28684.85,28614.55,28638.8,8,2025-04-07 07:01:00
1744009320,28638.8,28699.85,28638.8,28699.85,2,2025-04-07 07:02:00
1744009380,28651.0,28682.8,28651.0,28682.8,18,2025-04-07 07:03:00
1744009440,28677.8,28677.8,28590.0,28615.0,51,2025-04-07 07:04:00
1744009500,28645.45,28667.0,28643.05,28667.0,15,2025-04-07 07:05:00
1744009560,28667.0,28667.0,28632.55,28638.7,2,2025-04-07 07:06:00
1744009620,28638.7,28645.7,28573.55,28589.3,56,2025-04-07 07:07:00
1744009680,28589.3,28600.0,28549.95,28600.0,35,2025-04-07 07:08:00
1744009740,28600.0,28619.9,28564.05,28604.55,72,2025-04-07 07:09:00
1744009800,28604.55,28660.35,28604.55,28660.35,5,2025-04-07 07:10:00
1744009860,28660.35,28666.6,28631.8,28640.15,14,2025-04-07 07:11:00
1744009920,28640.15,28640.15,28638.8,28638.8,6,2025-04-07 07:12:00
1744009980,28638.8,28759.8,28630.0,28759.8,77,2025-04-07 07:13:00
1744010040,28742.75,28742.75,28700.1,28735.6,55,2025-04-07 07:14:00
1744010100,28735.6,28735.6,28653.15,28653.15,31,2025-04-07 07:15:00
1744010160,28653.15,28653.15,28600.05,28600.05,32,2025-04-07 07:16:00
1744010220,28600.05,28625.85,28600.05,28625.85,9,2025-04-07 07:17:00
1744010280,28623.8,28643.7,28623.8,28643.65,4,2025-04-07 07:18:00
1744010340,28643.65,28653.15,28643.65,28653.15,4,2025-04-07 07:19:00
1744010400,28653.15,28665.65,28627.75,28627.75,18,2025-04-07 07:20:00
1744010460,28627.75,28634.2,28616.5,28634.2,12,2025-04-07 07:21:00
1744010520,28634.2,28634.2,28601.05,28626.75,4,2025-04-07 07:22:00
1744010580,28626.75,28631.0,28614.9,28631.0,13,2025-04-07 07:23:00
1744010640,28631.0,28631.0,28609.1,28609.1,4,2025-04-07 07:24:00
1744010700,28573.25,28583.5,28507.2,28543.5,30,2025-04-07 07:25:00
1744010760,28543.5,28607.9,28543.5,28544.7,3,2025-04-07 07:26:00
1744010820,28587.0,28611.6,28586.7,28586.7,7,2025-04-07 07:27:00
1744010880,28586.7,28586.75,28513.7,28559.1,140,2025-04-07 07:28:00
1744010940,28518.8,28573.05,28518.8,28530.75,4,2025-04-07 07:29:00
1744011000,28530.75,28552.6,28530.75,28546.5,7,2025-04-07 07:30:00
1744011060,28546.5,28558.4,28529.0,28529.0,23,2025-04-07 07:31:00
1744011120,28529.0,28529.0,28527.9,28527.95,7,2025-04-07 07:32:00
1744011180,28527.95,28551.55,28527.95,28551.55,5,2025-04-07 07:33:00
1744011240,28551.55,28551.55,28505.2,28513.0,10,2025-04-07 07:34:00
1744011300,28513.0,28582.4,28513.0,28550.75,6,2025-04-07 07:35:00
1744011360,28550.75,28587.4,28550.75,28566.4,7,2025-04-07 07:36:00
1744011420,28551.3,28556.75,28533.05,28555.15,11,2025-04-07 07:37:00
1744011480,28567.0,28581.95,28536.0,28581.95,36,2025-04-07 07:38:00
1744011540,28581.95,28581.95,28540.0,28540.0,20,2025-04-07 07:39:00
1744011600,28573.55,28580.2,28534.8,28534.8,7,2025-04-07 07:40:00
1744011660,28534.8,28558.6,28500.0,28500.0,53,2025-04-07 07:41:00
1744011720,28535.9,28542.15,28535.0,28535.0,11,2025-04-07 07:42:00
1744011780,28535.0,28564.8,28535.0,28564.8,2,2025-04-07 07:43:00
1744011840,28564.8,28565.9,28552.75,28552.75,12,2025-04-07 07:44:00
1744011900,28552.75,28562.0,28552.75,28557.9,4,2025-04-07 07:45:00
1744011960,28557.9,28590.5,28557.9,28590.5,5,2025-04-07 07:46:00
1744012020,28590.5,28621.9,28560.0,28621.9,56,2025-04-07 07:47:00
1744012080,28621.9,28621.9,28554.1,28601.0,7,2025-04-07 07:48:00
1744012140,28588.6,28611.05,28573.6,28573.6,22,2025-04-07 07:49:00
1744012200,28608.25,28628.55,28608.25,28621.2,5,2025-04-07 07:50:00
1744012260,28621.2,28680.95,28566.95,28625.5,91,2025-04-07 07:51:00
1744012320,28625.5,28653.7,28625.5,28653.65,17,2025-04-07 07:52:00
1744012380,28653.65,28653.65,28624.1,28653.65,4,2025-04-07 07:53:00
1744012440,28653.65,28653.65,28550.05,28599.9,61,2025-04-07 07:54:00
1744012500,28599.9,28599.9,28599.9,28599.9,1,2025-04-07 07:55:00
1744012560,28599.9,28612.65,28596.55,28612.65,3,2025-04-07 07:56:00
1744012620,28612.65,28621.75,28582.15,28621.75,8,2025-04-07 07:57:00
1744012680,28621.75,28644.85,28621.75,28644.85,4,2025-04-07 07:58:00
1744012740,28644.85,28644.85,28641.95,28641.95,2,2025-04-07 07:59:00
1744012800,28641.95,28641.95,28591.9,28620.55,3,2025-04-07 08:00:00
1744012860,28620.55,28634.85,28599.6,28601.9,6,2025-04-07 08:01:00
1744012920,28601.9,28630.0,28601.9,28611.4,8,2025-04-07 08:02:00
1744012980,28611.4,28640.4,28611.4,28621.85,6,2025-04-07 08:03:00
1744013040,28621.85,28629.85,28598.0,28629.85,5,2025-04-07 08:04:00
1744013100,28629.85,28630.0,28629.85,28630.0,1,2025-04-07 08:05:00
1744013160,28630.0,28630.0,28630.0,28630.0,3,2025-04-07 08:06:00
1744013220,28630.0,28630.0,28620.25,28620.25,1,2025-04-07 08:07:00
1744013280,28620.25,28630.0,28620.25,28630.0,2,2025-04-07 08:08:00
1744013340,28630.0,28630.0,28629.8,28629.8,1,2025-04-07 08:09:00
1744013400,28629.85,28629.95,28629.85,28629.95,3,2025-04-07 08:10:00
1744013460,28601.25,28625.45,28601.25,28625.45,10,2025-04-07 08:11:00
1744013520,28625.45,28625.5,28625.45,28625.5,1,2025-04-07 08:12:00
1744013580,28625.5,28625.5,28597.05,28625.4,10,2025-04-07 08:13:00
1744013640,28625.4,28625.45,28597.15,28597.2,5,2025-04-07 08:14:00
1744013700,28597.2,28621.85,28583.55,28583.55,17,2025-04-07 08:15:00
1744013760,28583.55,28624.8,28583.55,28622.9,4,2025-04-07 08:16:00
1744013820,28622.9,28622.9,28588.7,28615.55,8,2025-04-07 08:17:00
1744013880,28615.55,28615.55,28615.3,28615.3,1,2025-04-07 08:18:00
1744013940,28615.3,28615.3,28567.95,28579.35,94,2025-04-07 08:19:00
1744014000,28597.4,28603.95,28576.3,28576.3,12,2025-04-07 08:20:00
1744014060,28576.3,28590.25,28553.1,28553.1,4,2025-04-07 08:21:00
1744014120,28553.1,28599.75,28451.0,28451.0,174,2025-04-07 08:22:00
1744014180,28449.95,28471.45,28406.75,28432.05,17,2025-04-07 08:23:00
1744014240,28432.05,28451.75,28404.6,28404.6,65,2025-04-07 08:24:00
1744014300,28404.6,28404.6,28399.35,28399.35,20,2025-04-07 08:25:00
1744014360,28399.35,28399.35,28350.0,28381.55,5,2025-04-07 08:26:00
1744014420,28381.55,28381.55,28350.0,28355.6,5,2025-04-07 08:27:00
1744014480,28355.6,28388.4,28355.6,28388.4,2,2025-04-07 08:28:00
1744014540,28388.4,28396.15,28360.0,28360.0,36,2025-04-07 08:29:00
1744014600,28360.0,28457.25,28360.0,28414.1,86,2025-04-07 08:30:00
1744014660,28414.1,28465.7,28414.1,28421.7,15,2025-04-07 08:31:00
1744014720,28421.7,28479.0,28407.65,28445.95,29,2025-04-07 08:32:00
1744014780,28445.95,28449.75,28400.05,28416.3,20,2025-04-07 08:33:00
1744014840,28449.95,28463.25,28428.45,28430.6,13,2025-04-07 08:34:00
1744014900,28462.6,28549.9,28462.6,28529.95,56,2025-04-07 08:35:00
1744014960,28530.0,28538.25,28496.45,28538.25,23,2025-04-07 08:36:00
1744015020,28538.25,28549.9,28517.3,28547.75,9,2025-04-07 08:37:00
1744015080,28549.95,28575.95,28540.0,28570.15,24,2025-04-07 08:38:00
1744015140,28570.15,28580.35,28535.85,28570.35,31,2025-04-07 08:39:00
1744015200,28550.4,28580.35,28545.45,28545.45,18,2025-04-07 08:40:00
1744015260,28520.0,28548.8,28510.0,28547.5,31,2025-04-07 08:41:00
1744015320,28547.5,28580.15,28516.65,28580.15,12,2025-04-07 08:42:00
1744015380,28580.15,28580.35,28543.55,28570.9,35,2025-04-07 08:43:00
1744015440,28570.9,28579.1,28531.35,28542.75,12,2025-04-07 08:44:00
1744015500,28542.75,28580.3,28542.75,28561.9,14,2025-04-07 08:45:00
1744015560,28569.55,28569.55,28525.1,28559.75,14,2025-04-07 08:46:00
1744015620,28559.75,28650.0,28545.3,28643.9,80,2025-04-07 08:47:00
1744015680,28633.85,28636.35,28599.55,28620.35,13,2025-04-07 08:48:00
1744015740,28649.95,28675.0,28630.45,28675.0,24,2025-04-07 08:49:00
1744015800,28700.0,28700.0,28624.05,28624.05,38,2025-04-07 08:50:00
1744015860,28667.15,28667.15,28612.2,28660.0,24,2025-04-07 08:51:00
1744015920,28660.0,28695.1,28652.9,28681.0,15,2025-04-07 08:52:00
1744015980,28681.0,28681.0,28633.95,28655.0,11,2025-04-07 08:53:00
1744016040,28662.5,28674.95,28612.85,28654.8,12,2025-04-07 08:54:00
1744016100,28654.8,28687.3,28634.75,28687.3,21,2025-04-07 08:55:00
1744016160,28687.3,28698.4,28649.45,28676.35,29,2025-04-07 08:56:00
1744016220,28676.3,28699.95,28643.8,28689.75,29,2025-04-07 08:57:00
1744016280,28664.15,28690.0,28645.0,28690.0,23,2025-04-07 08:58:00
1744016340,28690.0,28716.55,28672.6,28672.6,54,2025-04-07 08:59:00
1744016400,28654.1,28700.45,28644.95,28654.6,27,2025-04-07 09:00:00
1744016460,28671.95,28671.95,28600.0,28668.5,81,2025-04-07 09:01:00
1744016520,28668.5,28757.7,28648.8,28729.4,125,2025-04-07 09:02:00
1744016580,28688.25,28721.5,28667.75,28680.4,30,2025-04-07 09:03:00
1744016640,28730.95,28730.95,28669.8,28672.2,18,2025-04-07 09:04:00
1744016700,28712.05,28712.05,28649.05,28680.8,8,2025-04-07 09:05:00
1744016760,28680.8,28688.45,28649.1,28688.4,16,2025-04-07 09:06:00
1744016820,28688.4,28688.4,28625.0,28625.0,27,2025-04-07 09:07:00
1744016880,28625.0,28671.95,28625.0,28669.55,29,2025-04-07 09:08:00
1744016940,28693.5,28693.5,28651.8,28687.95,20,2025-04-07 09:09:00
1744017000,28687.95,28687.95,28654.3,28654.3,15,2025-04-07 09:10:00
1744017060,28698.85,28698.85,28660.1,28660.1,13,2025-04-07 09:11:00
1744017120,28688.75,28699.95,28688.75,28695.25,12,2025-04-07 09:12:00
1744017180,28690.0,28729.9,28690.0,28691.7,26,2025-04-07 09:13:00
1744017240,28729.9,28729.9,28693.75,28723.25,14,2025-04-07 09:14:00
1744017300,28723.25,28732.05,28698.45,28729.6,10,2025-04-07 09:15:00
1744017360,28698.75,28729.05,28690.95,28719.0,29,2025-04-07 09:16:00
1744017420,28719.0,28728.05,28698.85,28699.5,9,2025-04-07 09:17:00
1744017480,28727.55,28727.55,28699.55,28726.95,18,2025-04-07 09:18:00
1744017540,28726.8,28726.8,28699.6,28699.65,15,2025-04-07 09:19:00
1744017600,28725.8,28725.8,28685.95,28725.65,25,2025-04-07 09:20:00
1744017660,28725.65,28725.65,28668.8,28690.3,14,2025-04-07 09:21:00
1744017720,28723.05,28725.4,28684.15,28693.75,18,2025-04-07 09:22:00
1744017780,28724.8,28724.8,28691.75,28691.75,15,2025-04-07 09:23:00
1744017840,28691.6,28722.8,28681.75,28721.8,16,2025-04-07 09:24:00
1744017900,28721.8,28721.8,28675.55,28704.0,22,2025-04-07 09:25:00
1744017960,28690.0,28703.95,28675.65,28675.8,7,2025-04-07 09:26:00
1744018020,28703.85,28703.85,28659.95,28687.75,20,2025-04-07 09:27:00
1744018080,28687.75,28704.05,28662.15,28704.05,40,2025-04-07 09:28:00
1744018140,28704.05,28704.05,28656.0,28674.55,12,2025-04-07 09:29:00
1744018200,28672.15,28703.8,28657.0,28657.0,20,2025-04-07 09:30:00
1744018260,28657.0,28694.25,28657.0,28692.15,15,2025-04-07 09:31:00
1744018320,28694.8,28694.8,28656.0,28672.1,15,2025-04-07 09:32:00
1744018380,28694.95,28703.75,28624.95,28659.1,270,2025-04-07 09:33:00
1744018440,28659.1,28659.95,28625.0,28649.1,17,2025-04-07 09:34:00
1744018500,28649.1,28649.1,28552.45,28557.7,47,2025-04-07 09:35:00
1744018560,28557.7,28607.5,28551.05,28581.6,24,2025-04-07 09:36:00
1744018620,28581.6,28605.25,28553.05,28556.6,25,2025-04-07 09:37:00
1744018680,28582.55,28650.0,28558.95,28650.0,53,2025-04-07 09:38:00
1744018740,28650.0,28839.85,28637.4,28839.85,441,2025-04-07 09:39:00
1744018800,28847.95,28877.0,28812.1,28873.25,46,2025-04-07 09:40:00
1744018860,28873.25,28873.25,28766.75,28825.05,78,2025-04-07 09:41:00
1744018920,28825.05,28825.55,28767.55,28824.65,27,2025-04-07 09:42:00
1744018980,28824.65,28840.0,28767.55,28840.0,36,2025-04-07 09:43:00
1744019040,28769.05,28868.85,28769.05,28868.7,51,2025-04-07 09:44:00
1744019100,28868.7,28896.55,28840.1,28873.3,51,2025-04-07 09:45:00
1744019160,28873.25,28874.8,28800.45,28873.3,38,2025-04-07 09:46:00
1744019220,28891.15,28891.55,28804.55,28851.85,55,2025-04-07 09:47:00
1744019280,28851.85,28869.85,28821.2,28821.4,39,2025-04-07 09:48:00
1744019340,28821.65,28995.35,28821.65,28995.35,154,2025-04-07 09:49:00
1744019400,28995.3,29059.5,28922.05,29059.5,51,2025-04-07 09:50:00
1744019460,29049.95,29056.25,28968.85,29052.35,19,2025-04-07 09:51:00
1744019520,29052.35,29052.35,28983.05,29050.0,23,2025-04-07 09:52:00
1744019580,29051.1,29100.0,28976.75,29100.0,111,2025-04-07 09:53:00
1744019640,29100.0,29250.0,29100.0,29203.15,325,2025-04-07 09:54:00
1744019700,29203.15,29250.0,29200.0,29250.0,234,2025-04-07 09:55:00
1744019760,29200.1,29349.95,29200.1,29349.8,489,2025-04-07 09:56:00
1744019820,29349.8,29349.8,29225.0,29334.7,119,2025-04-07 09:57:00
1744019880,29334.7,29400.05,29100.05,29100.05,102,2025-04-07 09:58:00
1744019940,29349.2,29349.2,29107.55,29107.55,46,2025-04-07 09:59:00
1744083900,29498.9,29498.95,29346.6,29384.7,83,2025-04-08 03:45:00
1744083960,29449.95,29449.95,29272.45,29272.45,33,2025-04-08 03:46:00
1744084020,29272.45,29323.2,29260.5,29276.05,9,2025-04-08 03:47:00
1744084080,29335.25,29425.35,29323.9,29362.35,55,2025-04-08 03:48:00
1744084140,29362.35,29409.8,29350.0,29409.8,150,2025-04-08 03:49:00
1744084200,29409.8,29445.15,29409.8,29445.15,6,2025-04-08 03:50:00
1744084260,29415.9,29419.1,29351.15,29365.7,159,2025-04-08 03:51:00
1744084320,29365.7,29365.7,29331.25,29331.25,3,2025-04-08 03:52:00
1744084380,29331.25,29331.25,29300.0,29300.0,7,2025-04-08 03:53:00
1744084440,29339.35,29339.35,29281.75,29299.85,27,2025-04-08 03:54:00
1744084500,29299.85,29299.95,29255.35,29255.35,37,2025-04-08 03:55:00
1744084560,29299.85,29299.85,29188.55,29280.0,43,2025-04-08 03:56:00
1744084620,29280.0,29280.0,29280.0,29280.0,11,2025-04-08 03:57:00
1744084680,29280.0,29280.0,29253.55,29253.55,25,2025-04-08 03:58:00
1744084740,29253.55,29253.55,29211.1,29211.1,25,2025-04-08 03:59:00
1744084800,29211.1,29211.1,29185.15,29195.25,18,2025-04-08 04:00:00
1744084860,29195.25,29227.4,29190.0,29227.4,21,2025-04-08 04:01:00
1744084920,29227.4,29295.6,29227.4,29295.6,5,2025-04-08 04:02:00
1744084980,29295.6,29308.6,29294.6,29308.55,12,2025-04-08 04:03:00
1744085040,29319.25,29319.25,29319.25,29319.25,7,2025-04-08 04:04:00
1744085100,29243.1,29281.65,29243.1,29281.65,7,2025-04-08 04:05:00
1744085160,29281.65,29314.8,29260.3,29260.3,11,2025-04-08 04:06:00
1744085220,29260.3,29260.3,29260.3,29260.3,0,2025-04-08 04:07:00
1744085280,29301.3,29301.3,29274.0,29274.0,17,2025-04-08 04:08:00
1744085340,29274.0,29274.0,29250.05,29273.65,2,2025-04-08 04:09:00
1744085400,29273.65,29273.65,29238.25,29238.25,11,2025-04-08 04:10:00
1744085460,29238.25,29238.25,29229.2,29229.2,1,2025-04-08 04:11:00
1744085520,29229.2,29229.2,29200.1,29200.15,7,2025-04-08 04:12:00
1744085580,29200.15,29230.0,29200.1,29200.1,10,2025-04-08 04:13:00
1744085640,29200.1,29200.1,29185.0,29185.0,28,2025-04-08 04:14:00
1744085700,29192.85,29195.0,29170.0,29180.0,18,2025-04-08 04:15:00
1744085760,29180.0,29180.95,29180.0,29180.95,2,2025-04-08 04:16:00
1744085820,29215.5,29273.65,29215.5,29227.0,254,2025-04-08 04:17:00
1744085880,29227.0,29227.0,29227.0,29227.0,0,2025-04-08 04:18:00
1744085940,29227.0,29273.65,29227.0,29257.1,6,2025-04-08 04:19:00
1744086000,29257.1,29257.1,29196.75,29196.75,50,2025-04-08 04:20:00
1744086060,29196.75,29196.75,29196.75,29196.75,0,2025-04-08 04:21:00
1744086120,29196.75,29227.4,29195.0,29199.5,9,2025-04-08 04:22:00
1744086180,29199.5,29199.5,29199.5,29199.5,0,2025-04-08 04:23:00
1744086240,29199.5,29255.4,29199.5,29254.2,11,2025-04-08 04:24:00
1744086300,29254.2,29254.2,29216.95,29253.85,5,2025-04-08 04:25:00
1744086360,29253.85,29254.0,29240.0,29240.0,19,2025-04-08 04:26:00
1744086420,29240.0,29240.0,29203.45,29230.4,3,2025-04-08 04:27:00
1744086480,29230.4,29249.9,29170.0,29170.0,82,2025-04-08 04:28:00
1744086540,29170.0,29170.0,29109.55,29109.55,31,2025-04-08 04:29:00
1744086600,29132.2,29163.5,29100.0,29100.05,32,2025-04-08 04:30:00
1744086660,29100.05,29100.05,29011.35,29045.35,108,2025-04-08 04:31:00
1744086720,29062.35,29062.35,29011.8,29039.25,17,2025-04-08 04:32:00
1744086780,29039.25,29050.85,28996.9,28999.85,28,2025-04-08 04:33:00
1744086840,28999.85,28999.85,28948.15,28994.9,7,2025-04-08 04:34:00
1744086900,28994.9,28994.9,28950.8,28950.8,16,2025-04-08 04:35:00
1744086960,28945.0,28971.75,28900.3,28943.1,14,2025-04-08 04:36:00
1744087020,28943.1,28943.1,28900.1,28941.4,10,2025-04-08 04:37:00
1744087080,28941.4,29111.55,28909.2,29111.55,60,2025-04-08 04:38:00
1744087140,29124.7,29124.7,29100.0,29100.05,20,2025-04-08 04:39:00
1744087200,29100.05,29100.05,29100.0,29100.0,7,2025-04-08 04:40:00
1744087260,29100.0,29150.75,29100.0,29142.15,16,2025-04-08 04:41:00
1744087320,29142.15,29142.15,29100.3,29100.55,9,2025-04-08 04:42:00
1744087380,29100.55,29144.05,29100.55,29113.6,9,2025-04-08 04:43:00
1744087440,29113.6,29126.55,29100.05,29126.55,11,2025-04-08 04:44:00
1744087500,29126.55,29140.95,29100.15,29100.15,7,2025-04-08 04:45:00
1744087560,29100.15,29144.75,29100.0,29124.6,22,2025-04-08 04:46:00
1744087620,29100.05,29100.05,29100.0,29100.0,21,2025-04-08 04:47:00
1744087680,29073.0,29073.0,28996.05,28996.05,61,2025-04-08 04:48:00
1744087740,28996.05,29008.05,28972.25,28972.55,10,2025-04-08 04:49:00
1744087800,28972.55,29001.85,28972.55,29000.0,8,2025-04-08 04:50:00
1744087860,29000.0,29025.4,28961.5,28995.5,48,2025-04-08 04:51:00
1744087920,29012.95,29033.4,28990.75,29033.05,20,2025-04-08 04:52:00
1744087980,29033.05,29033.05,28978.35,28978.35,28,2025-04-08 04:53:00
1744088040,28978.35,29025.1,28971.0,29000.15,13,2025-04-08 04:54:00
1744088100,29000.15,29031.0,29000.0,29020.5,24,2025-04-08 04:55:00
1744088160,29020.5,29080.45,29000.0,29016.05,23,2025-04-08 04:56:00
1744088220,29016.05,29144.95,29016.05,29144.95,17,2025-04-08 04:57:00
1744088280,29144.95,29158.2,29144.95,29158.2,32,2025-04-08 04:58:00
1744088340,29158.2,29198.5,29157.5,29160.5,8,2025-04-08 04:59:00
1744088400,29160.5,29200.0,29160.5,29200.0,7,2025-04-08 05:00:00
1744088460,29199.8,29219.5,29194.25,29219.5,20,2025-04-08 05:01:00
1744088520,29219.5,29219.5,29206.05,29206.05,1,2025-04-08 05:02:00
1744088580,29206.05,29219.5,29200.0,29219.5,7,2025-04-08 05:03:00
1744088640,29219.5,29219.5,29219.5,29219.5,0,2025-04-08 05:04:00
1744088700,29219.5,29219.5,29160.0,29160.0,5,2025-04-08 05:05:00
1744088760,29160.0,29160.0,29160.0,29160.0,0,2025-04-08 05:06:00
1744088820,29160.0,29199.8,29160.0,29199.8,2,2025-04-08 05:07:00
1744088880,29199.8,29199.8,29199.8,29199.8,0,2025-04-08 05:08:00
1744088940,29194.85,29194.85,29194.85,29194.85,1,2025-04-08 05:09:00
1744089000,29194.85,29194.85,29189.85,29189.85,1,2025-04-08 05:10:00
1744089060,29158.95,29158.95,29149.6,29149.6,6,2025-04-08 05:11:00
1744089120,29149.6,29169.8,29141.0,29141.0,3,2025-04-08 05:12:00
1744089180,29141.0,29141.0,29141.0,29141.0,0,2025-04-08 05:13:00
1744089240,29141.0,29141.0,29099.7,29099.7,19,2025-04-08 05:14:00
1744089300,29099.7,29099.7,29099.7,29099.7,0,2025-04-08 05:15:00
1744089360,29099.7,29133.5,29099.7,29133.5,1,2025-04-08 05:16:00
1744089420,29133.5,29133.5,29101.15,29101.15,1,2025-04-08 05:17:00
1744089480,29101.15,29130.7,29101.15,29130.7,1,2025-04-08 05:18:00
1744089540,29130.7,29130.7,29130.7,29130.7,0,2025-04-08 05:19:00
1744089600,29130.7,29130.7,29093.95,29093.95,1,2025-04-08 05:20:00
1744089660,29093.95,29100.0,29093.95,29100.0,2,2025-04-08 05:21:00
1744089720,29129.65,29129.65,29129.65,29129.65,6,2025-04-08 05:22:00
1744089780,29129.65,29129.65,29091.75,29129.65,2,2025-04-08 05:23:00
1744089840,29129.65,29177.0,29129.65,29177.0,9,2025-04-08 05:24:00
1744089900,29177.0,29218.8,29162.45,29194.4,21,2025-04-08 05:25:00
1744089960,29194.4,29194.4,29144.4,29144.4,5,2025-04-08 05:26:00
1744090020,29144.0,29144.0,29139.95,29143.0,14,2025-04-08 05:27:00
1744090080,29143.0,29143.0,29143.0,29143.0,8,2025-04-08 05:28:00
1744090140,29143.0,29199.75,29143.0,29195.55,7,2025-04-08 05:29:00
1744090200,29195.55,29195.55,29195.55,29195.55,1,2025-04-08 05:30:00
1744090260,29195.55,29195.55,29194.8,29195.0,3,2025-04-08 05:31:00
1744090320,29195.0,29195.0,29195.0,29195.0,0,2025-04-08 05:32:00
1744090380,29200.0,29200.0,29200.0,29200.0,2,2025-04-08 05:33:00
1744090440,29198.6,29198.6,29184.85,29184.85,4,2025-04-08 05:34:00
1744090500,29184.85,29197.0,29184.85,29197.0,1,2025-04-08 05:35:00
1744090560,29197.0,29199.8,29197.0,29199.8,1,2025-04-08 05:36:00
1744090620,29163.1,29163.1,29163.1,29163.1,5,2025-04-08 05:37:00
1744090680,29163.1,29249.95,29163.1,29249.95,29,2025-04-08 05:38:00
1744090740,29249.95,29272.4,29229.4,29272.4,15,2025-04-08 05:39:00
1744090800,29272.4,29272.75,29260.0,29260.0,7,2025-04-08 05:40:00
1744090860,29260.0,29260.0,29209.0,29209.0,6,2025-04-08 05:41:00
1744090920,29209.0,29256.35,29209.0,29256.35,1,2025-04-08 05:42:00
1744090980,29256.35,29256.35,29253.55,29253.55,1,2025-04-08 05:43:00
1744091040,29253.55,29254.8,29253.55,29254.8,1,2025-04-08 05:44:00
1744091100,29254.8,29254.8,29254.8,29254.8,0,2025-04-08 05:45:00
1744091160,29213.7,29213.7,29200.75,29200.75,3,2025-04-08 05:46:00
1744091220,29200.75,29200.75,29149.85,29174.35,33,2025-04-08 05:47:00
1744091280,29152.3,29152.3,29130.2,29134.35,5,2025-04-08 05:48:00
1744091340,29134.35,29192.25,29134.35,29192.25,1,2025-04-08 05:49:00
1744091400,29192.25,29192.25,29192.25,29192.25,0,2025-04-08 05:50:00
1744091460,29192.25,29213.7,29192.25,29213.7,1,2025-04-08 05:51:00
1744091520,29213.7,29213.7,29213.7,29213.7,0,2025-04-08 05:52:00
1744091580,29213.7,29252.5,29213.7,29252.5,1,2025-04-08 05:53:00
1744091640,29252.5,29252.5,29252.5,29252.5,0,2025-04-08 05:54:00
1744091700,29252.5,29273.1,29226.3,29226.3,16,2025-04-08 05:55:00
1744091760,29226.3,29226.3,29203.15,29203.15,5,2025-04-08 05:56:00
1744091820,29203.15,29255.7,29203.15,29255.7,2,2025-04-08 05:57:00
1744091880,29255.7,29255.7,29200.75,29226.4,6,2025-04-08 05:58:00
1744091940,29226.4,29226.4,29208.65,29208.65,3,2025-04-08 05:59:00
1744092000,29208.65,29252.8,29208.65,29252.8,1,2025-04-08 06:00:00
1744092060,29252.8,29252.8,29252.8,29252.8,1,2025-04-08 06:01:00
1744092120,29252.8,29252.8,29243.1,29243.1,1,2025-04-08 06:02:00
1744092180,29243.1,29243.1,29181.75,29181.75,8,2025-04-08 06:03:00
1744092240,29181.75,29247.25,29181.75,29207.25,2,2025-04-08 06:04:00
1744092300,29207.25,29207.25,29207.25,29207.25,0,2025-04-08 06:05:00
1744092360,29207.25,29248.6,29207.25,29248.6,1,2025-04-08 06:06:00
1744092420,29248.6,29248.6,29248.6,29248.6,0,2025-04-08 06:07:00
1744092480,29250.0,29250.35,29250.0,29250.35,8,2025-04-08 06:08:00
1744092540,29250.35,29250.35,29199.25,29199.25,4,2025-04-08 06:09:00
1744092600,29214.1,29224.15,29214.1,29224.15,6,2025-04-08 06:10:00
1744092660,29224.15,29224.15,29158.5,29164.95,15,2025-04-08 06:11:00
1744092720,29200.7,29200.7,29200.7,29200.7,1,2025-04-08 06:12:00
1744092780,29133.05,29181.25,29133.05,29181.25,10,2025-04-08 06:13:00
1744092840,29181.25,29181.25,29181.25,29181.25,0,2025-04-08 06:14:00
1744092900,29177.0,29210.4,29177.0,29210.4,12,2025-04-08 06:15:00
1744092960,29210.4,29210.4,29210.4,29210.4,0,2025-04-08 06:16:00
1744093020,29224.1,29224.15,29224.1,29224.15,2,2025-04-08 06:17:00
1744093080,29224.15,29224.15,29224.15,29224.15,2,2025-04-08 06:18:00
1744093140,29224.15,29224.15,29224.15,29224.15,1,2025-04-08 06:19:00
1744093200,29224.15,29224.15,29224.15,29224.15,0,2025-04-08 06:20:00
1744093260,29224.15,29224.15,29221.65,29221.65,1,2025-04-08 06:21:00
1744093320,29221.65,29259.55,29221.65,29259.55,1,2025-04-08 06:22:00
1744093380,29259.55,29260.0,29259.55,29260.0,1,2025-04-08 06:23:00
1744093440,29260.0,29272.1,29260.0,29272.1,1,2025-04-08 06:24:00
1744093500,29272.1,29272.1,29272.1,29272.1,0,2025-04-08 06:25:00
1744093560,29272.1,29272.1,29264.75,29264.75,1,2025-04-08 06:26:00
1744093620,29264.75,29270.0,29264.75,29270.0,1,2025-04-08 06:27:00
1744093680,29270.0,29270.0,29264.55,29264.55,16,2025-04-08 06:28:00
1744093740,29264.55,29270.0,29264.55,29270.0,1,2025-04-08 06:29:00
1744093800,29270.0,29270.0,29270.0,29270.0,1,2025-04-08 06:30:00
1744093860,29270.0,29270.0,29270.0,29270.0,0,2025-04-08 06:31:00
1744093920,29270.0,29270.0,29269.7,29269.9,3,2025-04-08 06:32:00
1744093980,29269.9,29269.9,29269.9,29269.9,0,2025-04-08 06:33:00
1744094040,29269.9,29270.0,29269.85,29269.85,2,2025-04-08 06:34:00
1744094100,29269.85,29269.85,29268.15,29268.15,1,2025-04-08 06:35:00
1744094160,29268.15,29268.15,29268.15,29268.15,0,2025-04-08 06:36:00
1744094220,29268.15,29269.85,29268.15,29268.45,4,2025-04-08 06:37:00
1744094280,29268.45,29268.45,29268.45,29268.45,0,2025-04-08 06:38:00
1744094340,29268.45,29269.8,29268.45,29269.8,1,2025-04-08 06:39:00
1744094400,29269.8,29269.8,29269.8,29269.8,0,2025-04-08 06:40:00
1744094460,29269.8,29269.8,29269.8,29269.8,1,2025-04-08 06:41:00
1744094520,29299.0,29300.0,29299.0,29300.0,23,2025-04-08 06:42:00
1744094580,29300.0,29339.7,29300.0,29339.7,6,2025-04-08 06:43:00
1744094640,29339.7,29339.7,29289.1,29289.1,6,2025-04-08 06:44:00
1744094700,29289.1,29339.8,29289.1,29339.8,2,2025-04-08 06:45:00
1744094760,29339.8,29339.8,29328.1,29328.1,5,2025-04-08 06:46:00
1744094820,29328.15,29328.15,29284.1,29284.1,10,2025-04-08 06:47:00
1744094880,29284.1,29317.6,29279.85,29317.6,9,2025-04-08 06:48:00
1744094940,29317.6,29317.6,29312.3,29312.3,1,2025-04-08 06:49:00
1744095000,29312.3,29327.8,29312.3,29327.8,1,2025-04-08 06:50:00
1744095060,29327.8,29327.8,29327.8,29327.8,0,2025-04-08 06:51:00
1744095120,29327.8,29327.8,29326.85,29326.85,1,2025-04-08 06:52:00
1744095180,29326.85,29326.85,29326.85,29326.85,6,2025-04-08 06:53:00
1744095240,29326.85,29326.85,29273.15,29273.15,21,2025-04-08 06:54:00
1744095300,29273.15,29273.2,29273.15,29273.2,1,2025-04-08 06:55:00
1744095360,29273.2,29319.95,29273.2,29290.0,5,2025-04-08 06:56:00
1744095420,29314.2,29314.2,29290.0,29290.0,11,2025-04-08 06:57:00
1744095480,29290.0,29326.0,29290.0,29326.0,7,2025-04-08 06:58:00
1744095540,29326.0,29326.0,29325.8,29325.8,1,2025-04-08 06:59:00
1744095600,29326.0,29326.0,29326.0,29326.0,2,2025-04-08 07:00:00
1744095660,29326.0,29326.0,29308.55,29326.0,5,2025-04-08 07:01:00
1744095720,29326.0,29339.45,29326.0,29339.45,5,2025-04-08 07:02:00
1744095780,29339.45,29339.45,29339.45,29339.45,1,2025-04-08 07:03:00
1744095840,29339.45,29339.45,29338.85,29338.85,2,2025-04-08 07:04:00
1744095900,29338.85,29339.4,29300.0,29300.0,18,2025-04-08 07:05:00
1744095960,29300.0,29300.0,29300.0,29300.0,0,2025-04-08 07:06:00
1744096020,29300.0,29329.3,29300.0,29329.2,4,2025-04-08 07:07:00
1744096080,29329.2,29329.2,29329.15,29329.15,1,2025-04-08 07:08:00
1744096140,29329.15,29340.0,29328.85,29340.0,51,2025-04-08 07:09:00
1744096200,29340.0,29340.0,29340.0,29340.0,0,2025-04-08 07:10:00
1744096260,29347.95,29347.95,29347.9,29347.9,3,2025-04-08 07:11:00
1744096320,29347.9,29347.95,29320.05,29320.2,54,2025-04-08 07:12:00
1744096380,29332.45,29332.45,29301.5,29331.85,18,2025-04-08 07:13:00
1744096440,29331.85,29331.85,29300.0,29326.65,13,2025-04-08 07:14:00
1744096500,29326.65,29326.65,29326.65,29326.65,0,2025-04-08 07:15:00
1744096560,29326.65,29337.35,29326.65,29337.35,11,2025-04-08 07:16:00
1744096620,29337.35,29337.35,29337.35,29337.35,1,2025-04-08 07:17:00
1744096680,29337.35,29337.35,29336.8,29336.8,1,2025-04-08 07:18:00
1744096740,29336.8,29336.8,29336.8,29336.8,0,2025-04-08 07:19:00
1744096800,29336.8,29336.8,29336.4,29336.4,1,2025-04-08 07:20:00
1744096860,29336.4,29336.4,29336.4,29336.4,0,2025-04-08 07:21:00
1744096920,29336.4,29336.4,29330.0,29330.0,2,2025-04-08 07:22:00
1744096980,29330.0,29330.0,29330.0,29330.0,0,2025-04-08 07:23:00
1744097040,29316.4,29336.9,29300.0,29336.9,4,2025-04-08 07:24:00
1744097100,29336.9,29336.9,29333.1,29335.4,2,2025-04-08 07:25:00
1744097160,29335.4,29335.4,29335.4,29335.4,0,2025-04-08 07:26:00
1744097220,29335.4,29335.4,29334.5,29334.5,2,2025-04-08 07:27:00
1744097280,29334.5,29334.5,29334.5,29334.5,0,2025-04-08 07:28:00
1744097340,29334.5,29335.0,29334.5,29335.0,1,2025-04-08 07:29:00
1744097400,29335.0,29335.0,29304.0,29334.25,4,2025-04-08 07:30:00
1744097460,29334.25,29334.25,29329.15,29331.6,2,2025-04-08 07:31:00
1744097520,29331.6,29331.6,29308.55,29308.55,3,2025-04-08 07:32:00
1744097580,29308.55,29331.55,29308.55,29331.55,2,2025-04-08 07:33:00
1744097640,29331.55,29331.55,29331.5,29331.5,4,2025-04-08 07:34:00
1744097700,29331.5,29331.5,29331.5,29331.5,1,2025-04-08 07:35:00
1744097760,29331.5,29331.5,29331.5,29331.5,1,2025-04-08 07:36:00
1744097820,29301.05,29379.9,29301.05,29379.9,124,2025-04-08 07:37:00
1744097880,29389.75,29389.75,29289.1,29314.5,61,2025-04-08 07:38:00
1744097940,29314.5,29344.25,29304.85,29304.85,2,2025-04-08 07:39:00
1744098000,29304.85,29341.25,29304.85,29341.25,10,2025-04-08 07:40:00
1744098060,29341.25,29341.25,29341.25,29341.25,0,2025-04-08 07:41:00
1744098120,29341.25,29341.25,29340.9,29340.9,1,2025-04-08 07:42:00
1744098180,29302.7,29302.7,29302.7,29302.7,1,2025-04-08 07:43:00
1744098240,29302.7,29339.95,29302.7,29339.95,2,2025-04-08 07:44:00
1744098300,29339.95,29339.95,29339.6,29339.6,1,2025-04-08 07:45:00
1744098360,29339.6,29340.0,29339.6,29340.0,1,2025-04-08 07:46:00
1744098420,29353.9,29355.4,29353.9,29355.4,4,2025-04-08 07:47:00
1744098480,29355.35,29355.35,29353.15,29354.15,3,2025-04-08 07:48:00
1744098540,29354.15,29354.15,29349.7,29349.7,4,2025-04-08 07:49:00
1744098600,29349.7,29349.7,29349.65,29349.7,2,2025-04-08 07:50:00
1744098660,29349.7,29349.7,29310.3,29310.3,7,2025-04-08 07:51:00
1744098720,29310.3,29329.95,29310.3,29319.2,22,2025-04-08 07:52:00
1744098780,29319.2,29347.1,29319.2,29347.1,1,2025-04-08 07:53:00
1744098840,29347.1,29347.1,29347.1,29347.1,0,2025-04-08 07:54:00
1744098900,29347.1,29355.95,29347.1,29355.95,10,2025-04-08 07:55:00
1744098960,29355.95,29355.95,29355.95,29355.95,1,2025-04-08 07:56:00
1744099020,29355.95,29355.95,29320.8,29320.8,2,2025-04-08 07:57:00
1744099080,29320.8,29356.0,29320.8,29356.0,1,2025-04-08 07:58:00
1744099140,29356.0,29356.0,29320.3,29350.0,6,2025-04-08 07:59:00
1744099200,29350.0,29354.25,29350.0,29354.25,2,2025-04-08 08:00:00
1744099260,29354.25,29354.25,29319.65,29319.65,6,2025-04-08 08:01:00
1744099320,29314.9,29314.9,29250.1,29250.1,67,2025-04-08 08:02:00
1744099380,29274.55,29274.55,29260.75,29260.75,2,2025-04-08 08:03:00
1744099440,29260.75,29277.0,29260.75,29277.0,1,2025-04-08 08:04:00
1744099500,29277.0,29303.25,29277.0,29303.25,3,2025-04-08 08:05:00
1744099560,29303.25,29303.25,29297.1,29297.1,1,2025-04-08 08:06:00
1744099620,29297.1,29303.7,29250.0,29250.0,10,2025-04-08 08:07:00
1744099680,29234.75,29296.1,29230.4,29288.95,20,2025-04-08 08:08:00
1744099740,29288.95,29288.95,29205.75,29205.75,4,2025-04-08 08:09:00
1744099800,29205.75,29233.25,29205.75,29233.25,1,2025-04-08 08:10:00
1744099860,29233.25,29262.2,29233.25,29262.2,10,2025-04-08 08:11:00
1744099920,29262.2,29268.45,29262.2,29268.45,1,2025-04-08 08:12:00
1744099980,29268.45,29268.45,29191.85,29191.85,8,2025-04-08 08:13:00
1744100040,29212.2,29212.2,29212.2,29212.2,1,2025-04-08 08:14:00
1744100100,29181.35,29223.0,29181.35,29190.75,3,2025-04-08 08:15:00
1744100160,29190.75,29190.75,29152.65,29152.65,1,2025-04-08 08:16:00
1744100220,29152.65,29209.55,29152.65,29209.55,2,2025-04-08 08:17:00
1744100280,29209.55,29249.75,29209.55,29249.75,6,2025-04-08 08:18:00
1744100340,29249.75,29249.75,29220.0,29220.0,2,2025-04-08 08:19:00
1744100400,29220.0,29249.5,29220.0,29249.5,1,2025-04-08 08:20:00
1744100460,29202.0,29225.0,29202.0,29222.95,3,2025-04-08 08:21:00
1744100520,29222.95,29222.95,29188.2,29216.25,3,2025-04-08 08:22:00
1744100580,29216.25,29216.25,29213.5,29213.5,2,2025-04-08 08:23:00
1744100640,29213.5,29224.75,29213.5,29224.75,1,2025-04-08 08:24:00
1744100700,29219.5,29224.65,29219.5,29224.65,4,2025-04-08 08:25:00
1744100760,29224.65,29224.65,29214.5,29214.5,1,2025-04-08 08:26:00
1744100820,29173.0,29173.0,29124.7,29124.7,20,2025-04-08 08:27:00
1744100880,29160.15,29335.0,29160.15,29335.0,84,2025-04-08 08:28:00
1744100940,29335.0,29335.0,29269.65,29300.0,22,2025-04-08 08:29:00
1744101000,29300.0,29337.1,29300.0,29337.1,8,2025-04-08 08:30:00
1744101060,29337.1,29337.1,29335.0,29335.0,3,2025-04-08 08:31:00
1744101120,29335.0,29335.0,29300.0,29300.0,6,2025-04-08 08:32:00
1744101180,29300.0,29300.0,29300.0,29300.0,0,2025-04-08 08:33:00
1744101240,29300.05,29356.0,29300.05,29356.0,54,2025-04-08 08:34:00
1744101300,29356.0,29400.0,29336.15,29336.15,25,2025-04-08 08:35:00
1744101360,29336.15,29387.3,29336.15,29387.3,1,2025-04-08 08:36:00
1744101420,29387.3,29387.3,29387.3,29387.3,0,2025-04-08 08:37:00
1744101480,29396.8,29400.0,29341.45,29341.45,5,2025-04-08 08:38:00
1744101540,29341.45,29400.0,29341.45,29385.3,2,2025-04-08 08:39:00
1744101600,29439.6,29449.0,29430.65,29446.75,38,2025-04-08 08:40:00
1744101660,29446.85,29449.0,29446.85,29449.0,2,2025-04-08 08:41:00
1744101720,29449.0,29449.0,29387.05,29387.05,18,2025-04-08 08:42:00
1744101780,29444.7,29448.95,29442.95,29448.95,3,2025-04-08 08:43:00
1744101840,29448.1,29448.95,29448.1,29448.95,17,2025-04-08 08:44:00
1744101900,29448.75,29448.95,29445.15,29448.95,3,2025-04-08 08:45:00
1744101960,29446.75,29446.8,29446.75,29446.8,2,2025-04-08 08:46:00
1744102020,29448.7,29448.85,29448.7,29448.85,2,2025-04-08 08:47:00
1744102080,29448.0,29448.0,29448.0,29448.0,1,2025-04-08 08:48:00
1744102140,29448.0,29448.0,29407.1,29407.1,10,2025-04-08 08:49:00
1744102200,29407.1,29407.1,29407.1,29407.1,0,2025-04-08 08:50:00
1744102260,29435.0,29435.0,29435.0,29435.0,1,2025-04-08 08:51:00
1744102320,29435.0,29435.0,29373.45,29386.6,19,2025-04-08 08:52:00
1744102380,29386.6,29386.6,29386.6,29386.6,0,2025-04-08 08:53:00
1744102440,29386.6,29429.3,29386.6,29429.3,5,2025-04-08 08:54:00
1744102500,29429.3,29434.65,29420.05,29420.05,6,2025-04-08 08:55:00
1744102560,29420.05,29420.05,29419.4,29419.4,2,2025-04-08 08:56:00
1744102620,29419.4,29419.4,29419.4,29419.4,3,2025-04-08 08:57:00
1744102680,29419.4,29435.0,29390.05,29390.05,24,2025-04-08 08:58:00
1744102740,29390.05,29427.7,29390.05,29426.75,3,2025-04-08 08:59:00
1744102800,29390.1,29421.1,29390.1,29421.1,2,2025-04-08 09:00:00
1744102860,29421.1,29421.1,29421.1,29421.1,0,2025-04-08 09:01:00
1744102920,29420.8,29421.05,29391.4,29391.4,5,2025-04-08 09:02:00
1744102980,29391.45,29391.45,29391.45,29391.45,1,2025-04-08 09:03:00
1744103040,29420.8,29420.8,29391.5,29391.5,2,2025-04-08 09:04:00
1744103100,29391.5,29419.0,29391.5,29391.5,4,2025-04-08 09:05:00
1744103160,29391.5,29391.5,29391.45,29391.45,2,2025-04-08 09:06:00
1744103220,29391.45,29419.4,29391.45,29419.4,2,2025-04-08 09:07:00
1744103280,29419.4,29419.4,29390.2,29390.2,1,2025-04-08 09:08:00
1744103340,29390.2,29419.35,29390.15,29390.15,4,2025-04-08 09:09:00
1744103400,29390.15,29390.15,29370.05,29370.05,2,2025-04-08 09:10:00
1744103460,29370.05,29409.15,29370.05,29409.15,6,2025-04-08 09:11:00
1744103520,29409.15,29409.15,29409.15,29409.15,0,2025-04-08 09:12:00
1744103580,29409.15,29448.0,29400.0,29448.0,188,2025-04-08 09:13:00
1744103640,29448.0,29448.0,29390.0,29390.0,99,2025-04-08 09:14:00
1744103700,29390.05,29447.75,29390.05,29444.45,10,2025-04-08 09:15:00
1744103760,29444.45,29444.45,29441.8,29441.8,1,2025-04-08 09:16:00
1744103820,29441.8,29500.0,29410.2,29500.0,325,2025-04-08 09:17:00
1744103880,29500.0,29500.0,29481.25,29499.65,6,2025-04-08 09:18:00
1744103940,29499.65,29529.75,29499.65,29502.35,43,2025-04-08 09:19:00
1744104000,29502.35,29550.0,29502.35,29550.0,22,2025-04-08 09:20:00
1744104060,29550.0,29550.0,29509.6,29509.6,2,2025-04-08 09:21:00
1744104120,29509.6,29540.0,29501.1,29501.1,7,2025-04-08 09:22:00
1744104180,29501.1,29540.0,29501.1,29540.0,8,2025-04-08 09:23:00
1744104240,29540.0,29554.85,29540.0,29554.85,3,2025-04-08 09:24:00
1744104300,29554.85,29554.85,29518.85,29518.85,3,2025-04-08 09:25:00
1744104360,29518.85,29530.0,29511.7,29511.7,6,2025-04-08 09:26:00
1744104420,29511.7,29547.7,29489.1,29489.1,11,2025-04-08 09:27:00
1744104480,29522.35,29522.35,29522.35,29522.35,3,2025-04-08 09:28:00
1744104540,29522.35,29542.05,29483.5,29542.05,13,2025-04-08 09:29:00
1744104600,29542.2,29542.2,29538.2,29538.2,3,2025-04-08 09:30:00
1744104660,29538.2,29538.2,29490.75,29491.8,6,2025-04-08 09:31:00
1744104720,29491.8,29503.8,29491.8,29503.8,1,2025-04-08 09:32:00
1744104780,29504.0,29510.6,29449.95,29449.95,53,2025-04-08 09:33:00
1744104840,29450.0,29450.0,29450.0,29450.0,5,2025-04-08 09:34:00
1744104900,29450.0,29450.0,29428.65,29428.65,15,2025-04-08 09:35:00
1744104960,29428.65,29428.65,29423.0,29423.0,1,2025-04-08 09:36:00
1744105020,29423.0,29446.3,29390.0,29390.0,406,2025-04-08 09:37:00
1744105080,29390.0,29429.65,29390.0,29429.65,20,2025-04-08 09:38:00
1744105140,29429.65,29448.8,29429.65,29432.1,10,2025-04-08 09:39:00
1744105200,29432.1,29449.0,29391.0,29399.95,72,2025-04-08 09:40:00
1744105260,29399.95,29434.9,29380.0,29380.0,207,2025-04-08 09:41:00
1744105320,29400.0,29400.0,29380.0,29381.05,44,2025-04-08 09:42:00
1744105380,29381.05,29399.95,29381.0,29399.9,13,2025-04-08 09:43:00
1744105440,29399.9,29399.9,29380.0,29380.0,14,2025-04-08 09:44:00
1744105500,29380.0,29390.0,29380.0,29390.0,15,2025-04-08 09:45:00
1744105560,29390.0,29390.0,29390.0,29390.0,13,2025-04-08 09:46:00
1744105620,29390.0,29392.0,29370.0,29371.05,244,2025-04-08 09:47:00
1744105680,29378.95,29378.95,29370.0,29378.95,20,2025-04-08 09:48:00
1744105740,29378.95,29385.95,29378.95,29385.95,3,2025-04-08 09:49:00
1744105800,29385.95,29425.9,29371.15,29425.9,6,2025-04-08 09:50:00
1744105860,29425.9,29444.3,29413.75,29441.25,5,2025-04-08 09:51:00
1744105920,29441.25,29441.25,29413.5,29432.8,8,2025-04-08 09:52:00
1744105980,29393.45,29446.75,29393.45,29437.1,8,2025-04-08 09:53:00
1744106040,29437.1,29437.1,29301.1,29301.1,49,2025-04-08 09:54:00
1744106100,29399.05,29440.0,29399.05,29440.0,728,2025-04-08 09:55:00
1744106160,29399.95,29440.0,29399.95,29440.0,12,2025-04-08 09:56:00
1744106220,29440.0,29440.0,29425.0,29425.0,9,2025-04-08 09:57:00
1744106280,29425.0,29425.0,29400.0,29400.0,82,2025-04-08 09:58:00
1744106340,29400.0,29440.0,29400.0,29440.0,11,2025-04-08 09:59:00
1744170300,29009.6,29249.95,28978.2,29164.0,175,2025-04-09 03:45:00
1744170360,29164.0,29188.7,29050.0,29170.6,297,2025-04-09 03:46:00
1744170420,29103.8,29214.95,29103.8,29214.95,32,2025-04-09 03:47:00
1744170480,29248.85,29248.85,29098.45,29102.05,45,2025-04-09 03:48:00
1744170540,29184.7,29216.35,28998.95,28998.95,110,2025-04-09 03:49:00
1744170600,29061.1,29061.1,28975.55,29025.5,82,2025-04-09 03:50:00
1744170660,29025.5,29095.85,29025.5,29095.85,43,2025-04-09 03:51:00
1744170720,29095.85,29120.25,29086.4,29120.25,5,2025-04-09 03:52:00
1744170780,29120.25,29120.25,29078.0,29090.5,24,2025-04-09 03:53:00
1744170840,29090.5,29090.5,29019.15,29019.15,23,2025-04-09 03:54:00
1744170900,29019.15,29058.3,28988.0,28988.0,22,2025-04-09 03:55:00
1744170960,29045.75,29098.4,28988.0,29026.9,72,2025-04-09 03:56:00
1744171020,29120.0,29120.0,29117.35,29117.35,8,2025-04-09 03:57:00
1744171080,29117.35,29117.35,29072.0,29072.0,1,2025-04-09 03:58:00
1744171140,29072.0,29115.0,29060.0,29115.0,25,2025-04-09 03:59:00
1744171200,29115.0,29115.0,29055.0,29079.95,8,2025-04-09 04:00:00
1744171260,29079.95,29079.95,29079.95,29079.95,0,2025-04-09 04:01:00
1744171320,29079.95,29124.65,29079.95,29124.65,13,2025-04-09 04:02:00
1744171380,29124.65,29290.55,29124.65,29251.0,152,2025-04-09 04:03:00
1744171440,29251.0,29335.05,29189.05,29335.05,91,2025-04-09 04:04:00
1744171500,29333.0,29335.05,29232.7,29300.25,34,2025-04-09 04:05:00
1744171560,29300.25,29313.55,29300.25,29300.3,8,2025-04-09 04:06:00
1744171620,29300.3,29300.3,29252.0,29252.0,9,2025-04-09 04:07:00
1744171680,29202.05,29232.7,29202.05,29206.65,6,2025-04-09 04:08:00
1744171740,29206.65,29267.15,29173.75,29267.15,53,2025-04-09 04:09:00
1744171800,29267.15,29267.15,29267.15,29267.15,0,2025-04-09 04:10:00
1744171860,29267.15,29267.15,29267.15,29267.15,26,2025-04-09 04:11:00
1744171920,29263.35,29272.65,29263.35,29272.65,2,2025-04-09 04:12:00
1744171980,29276.95,29298.95,29276.95,29298.95,2,2025-04-09 04:13:00
1744172040,29298.95,29298.95,29262.5,29262.5,2,2025-04-09 04:14:00
1744172100,29262.5,29298.35,29262.5,29298.35,1,2025-04-09 04:15:00
1744172160,29298.35,29298.35,29292.85,29292.85,2,2025-04-09 04:16:00
1744172220,29292.85,29292.85,29250.8,29250.8,16,2025-04-09 04:17:00
1744172280,29250.8,29261.9,29214.95,29261.9,16,2025-04-09 04:18:00
1744172340,29261.9,29261.9,29261.9,29261.9,0,2025-04-09 04:19:00
1744172400,29261.9,29261.9,29201.7,29201.7,2,2025-04-09 04:20:00
1744172460,29201.7,29248.45,29201.7,29248.45,4,2025-04-09 04:21:00
1744172520,29248.45,29248.45,29237.45,29237.45,1,2025-04-09 04:22:00
1744172580,29237.45,29237.45,29237.45,29237.45,0,2025-04-09 04:23:00
1744172640,29237.45,29237.45,29230.85,29230.85,3,2025-04-09 04:24:00
1744172700,29230.85,29245.5,29230.85,29245.5,5,2025-04-09 04:25:00
1744172760,29245.5,29290.1,29234.25,29234.25,15,2025-04-09 04:26:00
1744172820,29234.25,29234.25,29232.05,29232.05,4,2025-04-09 04:27:00
1744172880,29232.05,29232.05,29232.05,29232.05,0,2025-04-09 04:28:00
1744172940,29232.05,29232.05,29226.9,29226.9,3,2025-04-09 04:29:00
1744173000,29226.9,29226.9,29226.9,29226.9,0,2025-04-09 04:30:00
1744173060,29226.9,29226.9,29226.9,29226.9,0,2025-04-09 04:31:00
1744173120,29226.9,29235.45,29226.9,29235.45,1,2025-04-09 04:32:00
1744173180,29235.45,29278.6,29235.45,29278.6,9,2025-04-09 04:33:00
1744173240,29278.6,29293.95,29278.6,29293.95,4,2025-04-09 04:34:00
1744173300,29293.95,29293.95,29293.95,29293.95,0,2025-04-09 04:35:00
1744173360,29293.95,29293.95,29293.95,29293.95,0,2025-04-09 04:36:00
1744173420,29293.95,29293.95,29293.95,29293.95,0,2025-04-09 04:37:00
1744173480,29293.95,29293.95,29293.95,29293.95,0,2025-04-09 04:38:00
1744173540,29293.95,29293.95,29293.95,29293.95,0,2025-04-09 04:39:00
1744173600,29293.95,29293.95,29242.7,29242.7,6,2025-04-09 04:40:00
1744173660,29234.65,29234.65,29234.65,29234.65,4,2025-04-09 04:41:00
1744173720,29234.65,29239.0,29195.0,29195.0,10,2025-04-09 04:42:00
1744173780,29195.0,29195.0,29195.0,29195.0,0,2025-04-09 04:43:00
1744173840,29195.0,29215.5,29180.0,29180.0,11,2025-04-09 04:44:00
1744173900,29180.0,29205.75,29180.0,29205.75,2,2025-04-09 04:45:00
1744173960,29205.75,29215.95,29186.05,29214.6,6,2025-04-09 04:46:00
1744174020,29214.6,29214.6,29181.25,29181.25,1,2025-04-09 04:47:00
1744174080,29181.25,29181.25,29181.25,29181.25,0,2025-04-09 04:48:00
1744174140,29181.25,29181.25,29181.25,29181.25,0,2025-04-09 04:49:00
1744174200,29181.25,29181.3,29176.3,29181.3,5,2025-04-09 04:50:00
1744174260,29181.3,29181.3,29181.3,29181.3,0,2025-04-09 04:51:00
1744174320,29181.3,29181.3,29181.3,29181.3,0,2025-04-09 04:52:00
1744174380,29181.3,29181.3,29181.3,29181.3,0,2025-04-09 04:53:00
1744174440,29181.3,29181.3,29181.3,29181.3,0,2025-04-09 04:54:00
1744174500,29181.3,29181.3,29181.3,29181.3,0,2025-04-09 04:55:00
1744174560,29181.3,29181.3,29181.3,29181.3,1,2025-04-09 04:56:00
1744174620,29181.3,29181.3,29178.75,29178.75,1,2025-04-09 04:57:00
1744174680,29178.75,29178.75,29178.75,29178.75,0,2025-04-09 04:58:00
1744174740,29178.75,29178.75,29178.75,29178.75,0,2025-04-09 04:59:00
1744174800,29178.75,29178.75,29178.75,29178.75,0,2025-04-09 05:00:00
1744174860,29178.75,29178.75,29178.75,29178.75,0,2025-04-09 05:01:00
1744174920,29178.75,29219.3,29178.75,29215.6,4,2025-04-09 05:02:00
1744174980,29215.6,29215.6,29215.6,29215.6,0,2025-04-09 05:03:00
1744175040,29215.6,29215.6,29215.6,29215.6,0,2025-04-09 05:04:00
1744175100,29215.6,29215.6,29215.6,29215.6,0,2025-04-09 05:05:00
1744175160,29215.6,29215.6,29215.6,29215.6,0,2025-04-09 05:06:00
1744175220,29215.6,29229.95,29200.0,29229.95,51,2025-04-09 05:07:00
1744175280,29228.7,29243.45,29220.3,29220.3,15,2025-04-09 05:08:00
1744175340,29220.3,29220.3,29198.6,29198.6,1,2025-04-09 05:09:00
1744175400,29198.6,29198.6,29185.95,29185.95,1,2025-04-09 05:10:00
1744175460,29185.95,29185.95,29185.7,29185.7,1,2025-04-09 05:11:00
1744175520,29185.7,29185.7,29185.7,29185.7,0,2025-04-09 05:12:00
1744175580,29185.7,29219.8,29185.7,29219.8,1,2025-04-09 05:13:00
1744175640,29219.8,29219.8,29185.65,29185.65,1,2025-04-09 05:14:00
1744175700,29185.65,29217.35,29185.65,29217.35,1,2025-04-09 05:15:00
1744175760,29217.35,29217.35,29190.2,29190.2,1,2025-04-09 05:16:00
1744175820,29190.2,29190.2,29190.2,29190.2,0,2025-04-09 05:17:00
1744175880,29190.2,29190.2,29190.2,29190.2,1,2025-04-09 05:18:00
1744175940,29190.2,29190.2,29190.2,29190.2,0,2025-04-09 05:19:00
1744176000,29190.2,29190.2,29190.2,29190.2,0,2025-04-09 05:20:00
1744176060,29190.2,29219.85,29190.2,29219.85,5,2025-04-09 05:21:00
1744176120,29195.45,29195.45,29195.45,29195.45,1,2025-04-09 05:22:00
1744176180,29195.45,29195.45,29195.45,29195.45,0,2025-04-09 05:23:00
1744176240,29195.45,29195.45,29195.45,29195.45,0,2025-04-09 05:24:00
1744176300,29195.45,29398.95,29195.45,29398.95,417,2025-04-09 05:25:00
1744176360,29433.0,29550.0,29396.8,29443.25,92,2025-04-09 05:26:00
1744176420,29443.25,29600.05,29397.0,29576.05,105,2025-04-09 05:27:00
1744176480,29576.05,29576.05,29532.85,29568.05,15,2025-04-09 05:28:00
1744176540,29568.05,29568.05,29500.15,29544.3,4,2025-04-09 05:29:00
1744176600,29544.3,29544.3,29468.25,29522.4,148,2025-04-09 05:30:00
1744176660,29522.4,29522.4,29414.85,29423.1,145,2025-04-09 05:31:00
1744176720,29423.1,29423.1,29380.05,29403.65,13,2025-04-09 05:32:00
1744176780,29403.65,29434.3,29399.1,29434.3,84,2025-04-09 05:33:00
1744176840,29475.6,29475.6,29399.1,29399.1,12,2025-04-09 05:34:00
1744176900,29399.1,29425.0,29399.1,29424.6,36,2025-04-09 05:35:00
1744176960,29424.6,29424.6,29400.05,29400.05,1,2025-04-09 05:36:00
1744177020,29400.05,29400.05,29393.55,29393.55,11,2025-04-09 05:37:00
1744177080,29393.55,29393.55,29371.0,29371.0,1,2025-04-09 05:38:00
1744177140,29371.0,29371.0,29371.0,29371.0,0,2025-04-09 05:39:00
1744177200,29371.0,29371.0,29371.0,29371.0,0,2025-04-09 05:40:00
1744177260,29413.65,29413.65,29309.75,29309.75,83,2025-04-09 05:41:00
1744177320,29309.75,29309.75,29266.15,29266.15,27,2025-04-09 05:42:00
1744177380,29242.45,29242.45,29239.55,29239.55,39,2025-04-09 05:43:00
1744177440,29239.55,29261.9,29239.55,29261.9,9,2025-04-09 05:44:00
1744177500,29261.9,29266.0,29261.9,29266.0,12,2025-04-09 05:45:00
1744177560,29266.0,29287.85,29266.0,29266.05,14,2025-04-09 05:46:00
1744177620,29266.05,29266.05,29266.05,29266.05,0,2025-04-09 05:47:00
1744177680,29266.05,29266.05,29266.05,29266.05,0,2025-04-09 05:48:00
1744177740,29266.05,29266.05,29266.0,29266.0,27,2025-04-09 05:49:00
1744177800,29266.0,29266.0,29247.4,29247.4,16,2025-04-09 05:50:00
1744177860,29247.4,29247.4,29247.4,29247.4,0,2025-04-09 05:51:00
1744177920,29247.4,29247.4,29247.4,29247.4,0,2025-04-09 05:52:00
1744177980,29247.4,29247.4,29247.4,29247.4,0,2025-04-09 05:53:00
1744178040,29247.4,29280.05,29247.4,29247.4,159,2025-04-09 05:54:00
1744178100,29247.4,29247.4,29247.4,29247.4,0,2025-04-09 05:55:00
1744178160,29247.4,29277.25,29247.4,29277.25,1,2025-04-09 05:56:00
1744178220,29277.25,29277.25,29275.65,29275.65,1,2025-04-09 05:57:00
1744178280,29275.65,29275.65,29275.0,29275.0,1,2025-04-09 05:58:00
1744178340,29275.0,29275.0,29135.55,29135.55,214,2025-04-09 05:59:00
1744178400,29135.55,29149.15,29135.55,29149.15,3,2025-04-09 06:00:00
1744178460,29149.15,29149.15,29108.45,29108.45,13,2025-04-09 06:01:00
1744178520,29108.45,29120.0,29108.45,29120.0,3,2025-04-09 06:02:00
1744178580,29120.0,29120.0,29119.95,29119.95,1,2025-04-09 06:03:00
1744178640,29119.95,29120.0,29100.0,29100.0,2,2025-04-09 06:04:00
1744178700,29100.0,29119.9,29100.0,29119.9,1,2025-04-09 06:05:00
1744178760,29119.9,29119.95,29100.5,29119.95,8,2025-04-09 06:06:00
1744178820,29119.95,29119.95,29119.55,29119.55,1,2025-04-09 06:07:00
1744178880,29119.55,29183.25,29119.55,29183.25,21,2025-04-09 06:08:00
1744178940,29175.0,29175.0,29152.45,29154.9,38,2025-04-09 06:09:00
1744179000,29195.7,29210.85,29195.7,29210.85,7,2025-04-09 06:10:00
1744179060,29194.1,29222.7,29160.5,29160.5,4,2025-04-09 06:11:00
1744179120,29160.5,29187.25,29160.5,29187.25,1,2025-04-09 06:12:00
1744179180,29187.25,29187.25,29156.2,29185.55,2,2025-04-09 06:13:00
1744179240,29185.55,29193.65,29185.0,29193.65,5,2025-04-09 06:14:00
1744179300,29193.65,29193.65,29193.65,29193.65,0,2025-04-09 06:15:00
1744179360,29193.65,29200.8,29193.65,29200.8,1,2025-04-09 06:16:00
1744179420,29200.8,29200.8,29196.05,29196.05,1,2025-04-09 06:17:00
1744179480,29196.05,29200.0,29180.6,29190.4,19,2025-04-09 06:18:00
1744179540,29190.4,29190.4,29190.4,29190.4,0,2025-04-09 06:19:00
1744179600,29190.4,29190.4,29159.7,29159.7,2,2025-04-09 06:20:00
1744179660,29159.7,29193.3,29155.5,29193.3,16,2025-04-09 06:21:00
1744179720,29193.3,29193.3,29155.6,29191.85,9,2025-04-09 06:22:00
1744179780,29191.85,29191.85,29191.85,29191.85,0,2025-04-09 06:23:00
1744179840,29191.85,29191.85,29155.85,29188.9,4,2025-04-09 06:24:00
1744179900,29188.9,29188.9,29157.2,29188.65,5,2025-04-09 06:25:00
1744179960,29188.65,29188.65,29158.15,29158.15,4,2025-04-09 06:26:00
1744180020,29187.0,29187.0,29186.85,29186.85,2,2025-04-09 06:27:00
1744180080,29186.85,29186.9,29186.85,29186.9,1,2025-04-09 06:28:00
1744180140,29186.9,29186.9,29186.0,29186.0,1,2025-04-09 06:29:00
1744180200,29186.0,29186.0,29155.0,29155.0,44,2025-04-09 06:30:00
1744180260,29155.0,29155.0,29124.3,29129.9,7,2025-04-09 06:31:00
1744180320,29129.9,29149.7,29129.9,29149.7,1,2025-04-09 06:32:00
1744180380,29149.7,29149.7,29140.9,29140.9,6,2025-04-09 06:33:00
1744180440,29140.9,29141.05,29140.9,29141.05,1,2025-04-09 06:34:00
1744180500,29141.05,29141.05,29140.75,29140.75,1,2025-04-09 06:35:00
1744180560,29140.75,29140.75,29115.0,29134.95,3,2025-04-09 06:36:00
1744180620,29134.95,29134.95,29115.0,29134.95,2,2025-04-09 06:37:00
1744180680,29134.95,29134.95,29134.95,29134.95,2,2025-04-09 06:38:00
1744180740,29134.95,29178.2,29125.35,29125.35,40,2025-04-09 06:39:00
1744180800,29125.35,29178.45,29125.35,29178.45,2,2025-04-09 06:40:00
1744180860,29178.45,29178.45,29178.4,29178.4,1,2025-04-09 06:41:00
1744180920,29178.4,29178.4,29178.4,29178.4,0,2025-04-09 06:42:00
1744180980,29178.4,29178.4,29164.7,29164.7,1,2025-04-09 06:43:00
1744181040,29164.7,29179.85,29140.05,29179.85,8,2025-04-09 06:44:00
1744181100,29179.85,29179.9,29179.75,29179.75,6,2025-04-09 06:45:00
1744181160,29179.75,29179.85,29179.75,29179.85,3,2025-04-09 06:46:00
1744181220,29179.85,29179.95,29177.15,29179.95,4,2025-04-09 06:47:00
1744181280,29179.95,29222.7,29179.8,29222.7,20,2025-04-09 06:48:00
1744181340,29222.7,29222.7,29222.7,29222.7,5,2025-04-09 06:49:00
1744181400,29228.45,29245.8,29228.45,29245.8,11,2025-04-09 06:50:00
1744181460,29245.8,29245.8,29241.8,29241.8,1,2025-04-09 06:51:00
1744181520,29241.85,29250.2,29241.85,29250.2,9,2025-04-09 06:52:00
1744181580,29250.2,29250.2,29250.2,29250.2,0,2025-04-09 06:53:00
1744181640,29262.3,29262.3,29262.3,29262.3,4,2025-04-09 06:54:00
1744181700,29262.3,29262.3,29228.0,29228.0,12,2025-04-09 06:55:00
1744181760,29228.0,29267.35,29228.0,29267.35,1,2025-04-09 06:56:00
1744181820,29218.7,29218.7,29218.7,29218.7,10,2025-04-09 06:57:00
1744181880,29218.7,29257.0,29218.7,29257.0,1,2025-04-09 06:58:00
1744181940,29257.0,29257.0,29253.35,29253.35,6,2025-04-09 06:59:00
1744182000,29253.35,29253.35,29253.2,29253.2,1,2025-04-09 07:00:00
1744182060,29253.2,29253.2,29215.3,29215.3,1,2025-04-09 07:01:00
1744182120,29215.3,29245.15,29215.3,29245.0,2,2025-04-09 07:02:00
1744182180,29245.0,29258.85,29220.05,29220.05,6,2025-04-09 07:03:00
1744182240,29220.05,29249.55,29220.05,29249.55,1,2025-04-09 07:04:00
1744182300,29249.55,29249.55,29249.55,29249.55,0,2025-04-09 07:05:00
1744182360,29249.55,29274.75,29249.55,29274.75,2,2025-04-09 07:06:00
1744182420,29263.9,29265.0,29254.3,29254.3,3,2025-04-09 07:07:00
1744182480,29254.3,29254.3,29221.65,29221.65,22,2025-04-09 07:08:00
1744182540,29221.65,29221.65,29221.65,29221.65,0,2025-04-09 07:09:00
1744182600,29221.65,29221.65,29221.65,29221.65,1,2025-04-09 07:10:00
1744182660,29221.65,29221.65,29221.65,29221.65,2,2025-04-09 07:11:00
1744182720,29221.65,29241.7,29221.65,29241.7,1,2025-04-09 07:12:00
1744182780,29241.7,29241.7,29181.95,29181.95,11,2025-04-09 07:13:00
1744182840,29181.95,29233.1,29181.95,29233.1,1,2025-04-09 07:14:00
1744182900,29233.1,29233.1,29225.15,29225.15,1,2025-04-09 07:15:00
1744182960,29225.15,29234.3,29225.15,29234.3,1,2025-04-09 07:16:00
1744183020,29234.3,29234.3,29234.3,29234.3,0,2025-04-09 07:17:00
1744183080,29234.3,29241.95,29234.3,29241.95,2,2025-04-09 07:18:00
1744183140,29241.95,29264.95,29202.3,29264.95,7,2025-04-09 07:19:00
1744183200,29264.95,29264.95,29264.95,29264.95,0,2025-04-09 07:20:00
1744183260,29264.95,29264.95,29244.0,29244.0,4,2025-04-09 07:21:00
1744183320,29244.0,29288.75,29244.0,29246.0,78,2025-04-09 07:22:00
1744183380,29246.0,29281.2,29246.0,29281.2,1,2025-04-09 07:23:00
1744183440,29281.2,29281.2,29267.0,29267.0,14,2025-04-09 07:24:00
1744183500,29267.0,29280.0,29267.0,29270.0,11,2025-04-09 07:25:00
1744183560,29270.0,29273.1,29245.85,29273.1,2,2025-04-09 07:26:00
1744183620,29273.1,29273.1,29273.1,29273.1,1,2025-04-09 07:27:00
1744183680,29273.1,29273.1,29273.1,29273.1,1,2025-04-09 07:28:00
1744183740,29273.1,29273.1,29273.1,29273.1,1,2025-04-09 07:29:00
1744183800,29273.1,29273.1,29273.1,29273.1,1,2025-04-09 07:30:00
1744183860,29273.1,29281.2,29273.1,29281.2,1,2025-04-09 07:31:00
1744183920,29281.2,29281.2,29244.15,29244.15,1,2025-04-09 07:32:00
1744183980,29244.15,29280.8,29244.15,29280.8,1,2025-04-09 07:33:00
1744184040,29280.8,29280.8,29279.8,29280.0,2,2025-04-09 07:34:00
1744184100,29280.0,29297.05,29232.0,29232.0,33,2025-04-09 07:35:00
1744184160,29232.0,29232.0,29210.0,29210.0,2,2025-04-09 07:36:00
1744184220,29210.0,29234.6,29210.0,29234.6,1,2025-04-09 07:37:00
1744184280,29234.6,29234.6,29229.95,29229.95,2,2025-04-09 07:38:00
1744184340,29229.95,29229.95,29223.3,29223.3,1,2025-04-09 07:39:00
1744184400,29223.3,29223.3,29223.3,29223.3,0,2025-04-09 07:40:00
1744184460,29223.3,29226.75,29223.3,29226.75,1,2025-04-09 07:41:00
1744184520,29226.75,29229.5,29226.75,29229.5,1,2025-04-09 07:42:00
1744184580,29229.5,29239.9,29225.85,29230.45,6,2025-04-09 07:43:00
1744184640,29230.45,29238.1,29230.45,29238.1,2,2025-04-09 07:44:00
1744184700,29247.35,29247.35,29247.35,29247.35,2,2025-04-09 07:45:00
1744184760,29247.35,29247.45,29201.6,29201.6,53,2025-04-09 07:46:00
1744184820,29201.6,29201.6,29201.6,29201.6,3,2025-04-09 07:47:00
1744184880,29234.65,29234.65,29195.7,29195.7,4,2025-04-09 07:48:00
1744184940,29195.7,29210.3,29180.05,29210.3,6,2025-04-09 07:49:00
1744185000,29210.3,29210.3,29100.0,29100.0,163,2025-04-09 07:50:00
1744185060,29100.0,29100.8,29100.0,29100.8,3,2025-04-09 07:51:00
1744185120,29100.8,29126.4,29064.25,29064.25,58,2025-04-09 07:52:00
1744185180,29064.25,29119.45,29056.95,29119.45,18,2025-04-09 07:53:00
1744185240,29119.45,29119.45,29112.05,29112.05,2,2025-04-09 07:54:00
1744185300,29112.05,29112.05,29111.85,29111.85,1,2025-04-09 07:55:00
1744185360,29111.85,29112.05,29109.05,29112.05,6,2025-04-09 07:56:00
1744185420,29112.05,29118.7,29077.5,29077.5,5,2025-04-09 07:57:00
1744185480,29077.5,29118.9,29077.5,29118.9,3,2025-04-09 07:58:00
1744185540,29118.9,29133.2,29118.9,29126.6,6,2025-04-09 07:59:00
1744185600,29126.6,29133.1,29126.6,29133.1,1,2025-04-09 08:00:00
1744185660,29133.1,29135.95,29133.1,29135.95,1,2025-04-09 08:01:00
1744185720,29135.95,29135.95,29135.55,29135.55,1,2025-04-09 08:02:00
1744185780,29135.55,29135.8,29102.2,29102.4,3,2025-04-09 08:03:00
1744185840,29102.4,29139.9,29102.4,29139.9,10,2025-04-09 08:04:00
1744185900,29139.9,29147.6,29139.9,29147.6,1,2025-04-09 08:05:00
1744185960,29147.6,29178.4,29139.9,29139.9,23,2025-04-09 08:06:00
1744186020,29139.9,29142.1,29139.9,29142.1,2,2025-04-09 08:07:00
1744186080,29142.1,29163.5,29142.1,29163.5,1,2025-04-09 08:08:00
1744186140,29163.5,29167.6,29160.0,29167.6,6,2025-04-09 08:09:00
1744186200,29167.6,29167.6,29167.6,29167.6,0,2025-04-09 08:10:00
1744186260,29167.4,29167.4,29167.4,29167.4,1,2025-04-09 08:11:00
1744186320,29167.4,29167.6,29165.0,29165.0,5,2025-04-09 08:12:00
1744186380,29165.0,29185.7,29165.0,29185.7,1,2025-04-09 08:13:00
1744186440,29185.7,29185.7,29152.2,29152.2,1,2025-04-09 08:14:00
1744186500,29152.2,29187.55,29141.2,29141.2,7,2025-04-09 08:15:00
1744186560,29141.2,29158.55,29141.2,29158.55,6,2025-04-09 08:16:00
1744186620,29158.55,29158.55,29150.0,29155.8,2,2025-04-09 08:17:00
1744186680,29155.8,29155.8,29155.8,29155.8,0,2025-04-09 08:18:00
1744186740,29155.8,29155.8,29138.0,29138.0,1,2025-04-09 08:19:00
1744186800,29138.0,29138.0,29138.0,29138.0,1,2025-04-09 08:20:00
1744186860,29138.0,29159.9,29138.0,29159.9,20,2025-04-09 08:21:00
1744186920,29159.9,29159.9,29159.9,29159.9,0,2025-04-09 08:22:00
1744186980,29159.9,29167.6,29159.9,29167.6,1,2025-04-09 08:23:00
1744187040,29167.6,29179.75,29167.6,29179.75,1,2025-04-09 08:24:00
1744187100,29179.75,29179.75,29100.15,29137.25,30,2025-04-09 08:25:00
1744187160,29137.25,29137.25,29137.25,29137.25,0,2025-04-09 08:26:00
1744187220,29137.25,29140.9,29137.25,29140.9,1,2025-04-09 08:27:00
1744187280,29140.9,29149.95,29140.9,29149.95,1,2025-04-09 08:28:00
1744187340,29149.95,29149.95,29146.0,29146.0,1,2025-04-09 08:29:00
1744187400,29146.0,29146.0,29146.0,29146.0,0,2025-04-09 08:30:00
1744187460,29146.0,29165.2,29146.0,29165.2,3,2025-04-09 08:31:00
1744187520,29165.2,29165.2,29163.7,29163.7,1,2025-04-09 08:32:00
1744187580,29163.7,29163.7,29120.25,29149.85,10,2025-04-09 08:33:00
1744187640,29111.0,29111.0,29111.0,29111.0,9,2025-04-09 08:34:00
1744187700,29125.2,29178.2,29125.2,29178.2,7,2025-04-09 08:35:00
1744187760,29178.2,29179.05,29159.7,29167.25,12,2025-04-09 08:36:00
1744187820,29167.25,29167.25,29140.2,29164.85,4,2025-04-09 08:37:00
1744187880,29177.5,29177.5,29177.5,29177.5,1,2025-04-09 08:38:00
1744187940,29177.5,29178.75,29177.5,29178.75,1,2025-04-09 08:39:00
1744188000,29178.75,29178.75,29166.85,29166.85,1,2025-04-09 08:40:00
1744188060,29166.85,29166.85,29166.85,29166.85,0,2025-04-09 08:41:00
1744188120,29176.35,29176.35,29176.35,29176.35,1,2025-04-09 08:42:00
1744188180,29176.35,29188.2,29124.25,29124.25,15,2025-04-09 08:43:00
1744188240,29124.25,29171.7,29124.25,29171.7,1,2025-04-09 08:44:00
1744188300,29171.7,29187.55,29171.7,29187.55,6,2025-04-09 08:45:00
1744188360,29187.55,29187.8,29185.7,29187.8,2,2025-04-09 08:46:00
1744188420,29187.8,29187.8,29187.8,29187.8,1,2025-04-09 08:47:00
1744188480,29187.8,29188.85,29154.95,29188.85,5,2025-04-09 08:48:00
1744188540,29188.85,29188.85,29188.85,29188.85,0,2025-04-09 08:49:00
1744188600,29188.85,29196.15,29188.85,29196.15,1,2025-04-09 08:50:00
1744188660,29163.8,29196.45,29163.8,29196.45,4,2025-04-09 08:51:00
1744188720,29196.45,29199.2,29169.6,29199.2,3,2025-04-09 08:52:00
1744188780,29199.2,29199.2,29199.2,29199.2,0,2025-04-09 08:53:00
1744188840,29199.2,29199.2,29169.45,29169.45,3,2025-04-09 08:54:00
1744188900,29169.45,29199.15,29169.45,29199.15,1,2025-04-09 08:55:00
1744188960,29199.15,29199.15,29169.95,29199.15,3,2025-04-09 08:56:00
1744189020,29199.15,29199.15,29199.15,29199.15,1,2025-04-09 08:57:00
1744189080,29199.15,29199.15,29199.15,29199.15,1,2025-04-09 08:58:00
1744189140,29199.15,29199.15,29169.75,29198.6,2,2025-04-09 08:59:00
1744189200,29198.6,29199.25,29169.65,29199.25,2,2025-04-09 09:00:00
1744189260,29199.25,29199.25,29169.3,29169.3,6,2025-04-09 09:01:00
1744189320,29169.3,29196.55,29169.3,29196.55,1,2025-04-09 09:02:00
1744189380,29196.55,29196.55,29194.45,29194.45,1,2025-04-09 09:03:00
1744189440,29194.45,29194.45,29194.45,29194.45,0,2025-04-09 09:04:00
1744189500,29197.0,29197.0,29152.25,29152.25,2,2025-04-09 09:05:00
1744189560,29152.25,29197.25,29152.25,29197.25,1,2025-04-09 09:06:00
1744189620,29197.25,29197.75,29197.25,29197.75,1,2025-04-09 09:07:00
1744189680,29197.75,29198.05,29197.75,29198.05,1,2025-04-09 09:08:00
1744189740,29198.0,29200.0,29198.0,29199.85,12,2025-04-09 09:09:00
1744189800,29199.85,29200.0,29199.8,29200.0,2,2025-04-09 09:10:00
1744189860,29200.0,29200.0,29200.0,29200.0,1,2025-04-09 09:11:00
1744189920,29200.0,29200.0,29200.0,29200.0,5,2025-04-09 09:12:00
1744189980,29200.0,29206.3,29200.0,29206.3,1,2025-04-09 09:13:00
1744190040,29206.3,29207.95,29206.3,29207.95,1,2025-04-09 09:14:00
1744190100,29207.95,29207.95,29202.3,29202.3,1,2025-04-09 09:15:00
1744190160,29202.3,29202.3,29202.3,29202.3,0,2025-04-09 09:16:00
1744190220,29202.3,29202.35,29202.3,29202.35,1,2025-04-09 09:17:00
1744190280,29202.35,29215.8,29202.35,29215.8,1,2025-04-09 09:18:00
1744190340,29215.8,29225.0,29215.8,29225.0,2,2025-04-09 09:19:00
1744190400,29225.0,29225.0,29225.0,29225.0,0,2025-04-09 09:20:00
1744190460,29225.0,29230.0,29225.0,29230.0,2,2025-04-09 09:21:00
1744190520,29237.0,29237.15,29237.0,29237.15,5,2025-04-09 09:22:00
1744190580,29237.15,29248.85,29204.1,29248.85,2,2025-04-09 09:23:00
1744190640,29248.85,29248.85,29248.85,29248.85,0,2025-04-09 09:24:00
1744190700,29248.85,29249.6,29248.85,29249.6,1,2025-04-09 09:25:00
1744190760,29249.6,29249.6,29249.5,29249.5,1,2025-04-09 09:26:00
1744190820,29249.5,29249.6,29249.5,29249.6,2,2025-04-09 09:27:00
1744190880,29249.6,29249.6,29249.6,29249.6,0,2025-04-09 09:28:00
1744190940,29249.6,29249.6,29203.95,29241.95,3,2025-04-09 09:29:00
1744191000,29241.95,29248.85,29241.95,29248.85,5,2025-04-09 09:30:00
1744191060,29248.85,29259.8,29050.95,29098.75,222,2025-04-09 09:31:00
1744191120,29095.65,29095.65,29095.6,29095.6,2,2025-04-09 09:32:00
1744191180,29095.6,29095.6,29095.2,29095.2,5,2025-04-09 09:33:00
1744191240,29095.2,29095.2,29095.2,29095.2,3,2025-04-09 09:34:00
1744191300,29066.0,29095.6,29040.05,29040.05,28,2025-04-09 09:35:00
1744191360,29027.2,29082.5,29027.2,29082.5,2,2025-04-09 09:36:00
1744191420,29082.5,29099.85,29080.1,29099.85,20,2025-04-09 09:37:00
1744191480,29099.85,29099.85,29094.95,29094.95,1,2025-04-09 09:38:00
1744191540,29093.4,29112.0,29067.5,29105.95,17,2025-04-09 09:39:00
1744191600,29105.95,29112.95,29105.95,29112.95,1,2025-04-09 09:40:00
1744191660,29112.95,29167.55,29112.9,29167.55,48,2025-04-09 09:41:00
1744191720,29199.9,29199.9,29070.0,29129.75,45,2025-04-09 09:42:00
1744191780,29129.75,29129.75,29077.15,29077.15,1,2025-04-09 09:43:00
1744191840,29077.15,29162.6,29077.15,29160.6,5,2025-04-09 09:44:00
1744191900,29078.1,29159.95,29078.1,29119.15,16,2025-04-09 09:45:00
1744191960,29119.15,29119.15,29077.15,29119.0,5,2025-04-09 09:46:00
1744192020,29119.0,29119.0,29075.55,29100.0,10,2025-04-09 09:47:00
1744192080,29100.0,29110.0,29030.05,29030.05,72,2025-04-09 09:48:00
1744192140,29030.05,29109.65,29030.05,29109.65,7,2025-04-09 09:49:00
1744192200,29109.65,29109.65,29020.15,29109.05,47,2025-04-09 09:50:00
1744192260,29109.05,29109.05,29020.05,29020.05,12,2025-04-09 09:51:00
1744192320,29107.35,29107.35,29020.1,29096.1,16,2025-04-09 09:52:00
1744192380,29096.1,29096.1,29025.0,29084.1,7,2025-04-09 09:53:00
1744192440,29084.1,29097.8,29068.7,29095.95,5,2025-04-09 09:54:00
1744192500,29095.95,29095.95,29080.0,29090.0,31,2025-04-09 09:55:00
1744192560,29090.0,29118.7,29090.0,29100.0,9,2025-04-09 09:56:00
1744192620,29053.45,29149.95,29053.45,29149.95,22,2025-04-09 09:57:00
1744192680,29055.15,29144.95,29055.05,29144.95,4,2025-04-09 09:58:00
1744192740,29144.95,29144.95,29075.7,29080.0,13,2025-04-09 09:59:00
1744343100,29499.0,29550.1,29400.05,29448.2,238,2025-04-11 03:45:00
1744343160,29432.0,29581.7,29432.0,29563.95,37,2025-04-11 03:46:00
1744343220,29563.95,29563.95,29448.7,29460.7,63,2025-04-11 03:47:00
1744343280,29460.7,29508.4,29460.7,29508.4,7,2025-04-11 03:48:00
1744343340,29508.4,29508.4,29447.7,29469.8,41,2025-04-11 03:49:00
1744343400,29469.8,29469.8,29336.9,29371.2,54,2025-04-11 03:50:00
1744343460,29379.15,29440.1,29379.0,29393.05,29,2025-04-11 03:51:00
1744343520,29393.05,29393.05,29393.05,29393.05,0,2025-04-11 03:52:00
1744343580,29393.05,29429.35,29393.05,29429.35,1,2025-04-11 03:53:00
1744343640,29429.35,29480.5,29429.35,29480.5,4,2025-04-11 03:54:00
1744343700,29480.5,29480.5,29446.35,29446.35,13,2025-04-11 03:55:00
1744343760,29446.35,29627.0,29446.35,29627.0,142,2025-04-11 03:56:00
1744343820,29627.0,29659.85,29602.9,29609.65,54,2025-04-11 03:57:00
1744343880,29609.65,29699.0,29583.05,29614.65,120,2025-04-11 03:58:00
1744343940,29658.95,29696.9,29644.2,29696.9,30,2025-04-11 03:59:00
1744344000,29696.9,29696.9,29500.0,29500.0,84,2025-04-11 04:00:00
1744344060,29455.0,29466.75,29455.0,29466.75,8,2025-04-11 04:01:00
1744344120,29466.75,29466.75,29466.75,29466.75,0,2025-04-11 04:02:00
1744344180,29466.75,29466.75,29466.75,29466.75,0,2025-04-11 04:03:00
1744344240,29466.75,29478.0,29466.75,29478.0,2,2025-04-11 04:04:00
1744344300,29478.0,29478.0,29471.05,29478.0,6,2025-04-11 04:05:00
1744344360,29500.0,29500.0,29500.0,29500.0,10,2025-04-11 04:06:00
1744344420,29500.0,29500.0,29471.5,29471.5,7,2025-04-11 04:07:00
1744344480,29471.5,29517.7,29471.5,29517.7,10,2025-04-11 04:08:00
1744344540,29517.7,29517.7,29513.25,29513.25,5,2025-04-11 04:09:00
1744344600,29513.25,29513.25,29513.25,29513.25,0,2025-04-11 04:10:00
1744344660,29513.25,29513.25,29494.3,29494.3,17,2025-04-11 04:11:00
1744344720,29494.3,29514.85,29494.3,29511.75,3,2025-04-11 04:12:00
1744344780,29559.75,29559.75,29534.7,29534.7,39,2025-04-11 04:13:00
1744344840,29534.7,29534.7,29534.7,29534.7,0,2025-04-11 04:14:00
1744344900,29534.7,29534.7,29534.7,29534.7,4,2025-04-11 04:15:00
1744344960,29534.7,29566.6,29534.7,29566.6,12,2025-04-11 04:16:00
1744345020,29566.6,29599.3,29566.6,29599.25,3,2025-04-11 04:17:00
1744345080,29599.25,29610.6,29554.2,29587.25,40,2025-04-11 04:18:00
1744345140,29587.25,29587.25,29587.25,29587.25,0,2025-04-11 04:19:00
1744345200,29587.25,29587.25,29587.25,29587.25,0,2025-04-11 04:20:00
1744345260,29564.35,29564.35,29526.7,29526.7,3,2025-04-11 04:21:00
1744345320,29526.7,29528.15,29526.7,29528.15,12,2025-04-11 04:22:00
1744345380,29528.15,29528.15,29528.15,29528.15,0,2025-04-11 04:23:00
1744345440,29528.15,29528.15,29528.15,29528.15,33,2025-04-11 04:24:00
1744345500,29528.15,29528.15,29528.15,29528.15,6,2025-04-11 04:25:00
1744345560,29528.15,29528.15,29412.3,29412.3,78,2025-04-11 04:26:00
1744345620,29412.3,29412.3,29412.3,29412.3,0,2025-04-11 04:27:00
1744345680,29440.6,29440.6,29371.0,29371.0,52,2025-04-11 04:28:00
1744345740,29371.0,29371.0,29371.0,29371.0,0,2025-04-11 04:29:00
1744345800,29371.0,29390.6,29350.0,29390.6,21,2025-04-11 04:30:00
1744345860,29390.6,29390.6,29390.6,29390.6,0,2025-04-11 04:31:00
1744345920,29390.6,29390.6,29390.6,29390.6,0,2025-04-11 04:32:00
1744345980,29390.6,29392.0,29382.3,29392.0,3,2025-04-11 04:33:00
1744346040,29392.0,29392.0,29380.0,29380.0,3,2025-04-11 04:34:00
1744346100,29380.0,29380.0,29361.75,29363.25,3,2025-04-11 04:35:00
1744346160,29363.25,29388.25,29363.25,29388.25,1,2025-04-11 04:36:00
1744346220,29388.25,29388.25,29388.25,29388.25,0,2025-04-11 04:37:00
1744346280,29388.25,29388.25,29365.0,29379.45,3,2025-04-11 04:38:00
1744346340,29379.45,29379.45,29311.9,29335.95,16,2025-04-11 04:39:00
1744346400,29335.95,29335.95,29335.6,29335.6,1,2025-04-11 04:40:00
1744346460,29335.6,29335.6,29335.6,29335.6,0,2025-04-11 04:41:00
1744346520,29320.35,29324.0,29320.35,29324.0,7,2025-04-11 04:42:00
1744346580,29324.0,29355.15,29324.0,29355.15,1,2025-04-11 04:43:00
1744346640,29355.15,29355.15,29325.6,29325.6,1,2025-04-11 04:44:00
1744346700,29367.8,29367.8,29367.8,29367.8,8,2025-04-11 04:45:00
1744346760,29366.75,29366.75,29366.75,29366.75,1,2025-04-11 04:46:00
1744346820,29366.75,29366.75,29331.7,29331.7,2,2025-04-11 04:47:00
1744346880,29331.7,29367.25,29331.7,29367.25,1,2025-04-11 04:48:00
1744346940,29367.25,29367.25,29336.1,29336.1,15,2025-04-11 04:49:00
1744347000,29336.1,29370.15,29336.1,29370.15,1,2025-04-11 04:50:00
1744347060,29370.15,29370.15,29368.7,29368.7,3,2025-04-11 04:51:00
1744347120,29368.7,29368.7,29330.0,29330.0,29,2025-04-11 04:52:00
1744347180,29330.0,29330.45,29330.0,29330.45,1,2025-04-11 04:53:00
1744347240,29352.3,29352.3,29330.0,29330.0,5,2025-04-11 04:54:00
1744347300,29330.0,29330.0,29330.0,29330.0,0,2025-04-11 04:55:00
1744347360,29330.0,29401.05,29330.0,29401.05,16,2025-04-11 04:56:00
1744347420,29401.05,29417.5,29392.4,29396.45,16,2025-04-11 04:57:00
1744347480,29396.45,29409.2,29396.45,29409.2,4,2025-04-11 04:58:00
1744347540,29409.2,29414.0,29409.2,29414.0,1,2025-04-11 04:59:00
1744347600,29414.0,29414.0,29359.85,29359.85,2,2025-04-11 05:00:00
1744347660,29359.85,29430.55,29359.85,29427.1,16,2025-04-11 05:01:00
1744347720,29427.1,29427.1,29403.25,29403.25,1,2025-04-11 05:02:00
1744347780,29403.25,29403.25,29403.25,29403.25,0,2025-04-11 05:03:00
1744347840,29403.25,29423.85,29403.25,29423.85,8,2025-04-11 05:04:00
1744347900,29423.85,29423.85,29423.85,29423.85,0,2025-04-11 05:05:00
1744347960,29423.85,29423.85,29363.7,29363.7,25,2025-04-11 05:06:00
1744348020,29363.7,29363.7,29363.7,29363.7,0,2025-04-11 05:07:00
1744348080,29366.6,29374.35,29366.6,29374.35,20,2025-04-11 05:08:00
1744348140,29374.35,29374.35,29374.35,29374.35,0,2025-04-11 05:09:00
1744348200,29374.35,29374.35,29371.45,29371.45,5,2025-04-11 05:10:00
1744348260,29371.45,29371.45,29371.45,29371.45,0,2025-04-11 05:11:00
1744348320,29371.45,29371.45,29371.45,29371.45,0,2025-04-11 05:12:00
1744348380,29385.0,29385.3,29385.0,29385.3,8,2025-04-11 05:13:00
1744348440,29385.3,29392.3,29385.3,29392.3,1,2025-04-11 05:14:00
1744348500,29392.3,29430.3,29385.0,29385.0,5,2025-04-11 05:15:00
1744348560,29385.0,29385.0,29385.0,29385.0,0,2025-04-11 05:16:00
1744348620,29385.0,29385.0,29385.0,29385.0,0,2025-04-11 05:17:00
1744348680,29385.0,29393.05,29385.0,29393.05,1,2025-04-11 05:18:00
1744348740,29393.05,29415.95,29393.05,29415.95,3,2025-04-11 05:19:00
1744348800,29415.95,29415.95,29398.4,29398.4,3,2025-04-11 05:20:00
1744348860,29398.4,29398.4,29398.4,29398.4,0,2025-04-11 05:21:00
1744348920,29398.4,29400.7,29398.4,29400.7,1,2025-04-11 05:22:00
1744348980,29400.7,29400.7,29400.7,29400.7,0,2025-04-11 05:23:00
1744349040,29400.7,29400.7,29400.7,29400.7,0,2025-04-11 05:24:00
1744349100,29400.7,29400.7,29400.7,29400.7,0,2025-04-11 05:25:00
1744349160,29400.7,29405.0,29400.7,29405.0,2,2025-04-11 05:26:00
1744349220,29405.0,29405.0,29405.0,29405.0,3,2025-04-11 05:27:00
1744349280,29405.0,29405.0,29405.0,29405.0,0,2025-04-11 05:28:00
1744349340,29405.0,29405.0,29405.0,29405.0,0,2025-04-11 05:29:00
1744349400,29405.0,29405.0,29405.0,29405.0,0,2025-04-11 05:30:00
1744349460,29405.0,29405.0,29405.0,29405.0,0,2025-04-11 05:31:00
1744349520,29405.0,29405.0,29405.0,29405.0,2,2025-04-11 05:32:00
1744349580,29405.0,29405.0,29385.0,29385.0,6,2025-04-11 05:33:00
1744349640,29385.0,29385.0,29385.0,29385.0,0,2025-04-11 05:34:00
1744349700,29385.0,29385.0,29385.0,29385.0,0,2025-04-11 05:35:00
1744349760,29385.0,29396.8,29385.0,29396.8,1,2025-04-11 05:36:00
1744349820,29396.8,29396.8,29396.8,29396.8,0,2025-04-11 05:37:00
1744349880,29396.8,29396.8,29396.8,29396.8,0,2025-04-11 05:38:00
1744349940,29396.8,29442.45,29396.8,29442.45,50,2025-04-11 05:39:00
1744350000,29442.45,29442.45,29442.45,29442.45,0,2025-04-11 05:40:00
1744350060,29442.45,29442.45,29442.45,29442.45,0,2025-04-11 05:41:00
1744350120,29442.45,29442.45,29442.3,29442.3,3,2025-04-11 05:42:00
1744350180,29442.3,29442.3,29442.3,29442.3,0,2025-04-11 05:43:00
1744350240,29442.3,29442.5,29442.3,29442.5,2,2025-04-11 05:44:00
1744350300,29442.5,29442.5,29410.0,29410.0,6,2025-04-11 05:45:00
1744350360,29410.0,29413.7,29410.0,29413.7,3,2025-04-11 05:46:00
1744350420,29413.7,29414.0,29413.7,29414.0,1,2025-04-11 05:47:00
1744350480,29414.0,29414.0,29396.0,29396.0,2,2025-04-11 05:48:00
1744350540,29387.45,29387.45,29387.45,29387.45,2,2025-04-11 05:49:00
1744350600,29387.45,29387.45,29387.0,29387.0,5,2025-04-11 05:50:00
1744350660,29387.0,29405.0,29387.0,29405.0,3,2025-04-11 05:51:00
1744350720,29405.0,29408.5,29405.0,29408.5,1,2025-04-11 05:52:00
1744350780,29408.5,29408.5,29408.5,29408.5,0,2025-04-11 05:53:00
1744350840,29408.5,29408.5,29406.5,29406.5,1,2025-04-11 05:54:00
1744350900,29406.5,29406.5,29406.5,29406.5,0,2025-04-11 05:55:00
1744350960,29406.5,29406.5,29406.5,29406.5,0,2025-04-11 05:56:00
1744351020,29406.5,29406.5,29400.5,29400.5,5,2025-04-11 05:57:00
1744351080,29400.5,29400.5,29400.5,29400.5,0,2025-04-11 05:58:00
1744351140,29400.5,29400.5,29356.95,29356.95,27,2025-04-11 05:59:00
1744351200,29356.95,29356.95,29330.0,29330.0,10,2025-04-11 06:00:00
1744351260,29330.0,29330.0,29330.0,29330.0,5,2025-04-11 06:01:00
1744351320,29330.0,29330.0,29330.0,29330.0,0,2025-04-11 06:02:00
1744351380,29330.0,29330.0,29330.0,29330.0,0,2025-04-11 06:03:00
1744351440,29330.0,29330.0,29330.0,29330.0,0,2025-04-11 06:04:00
1744351500,29330.0,29339.95,29330.0,29339.95,1,2025-04-11 06:05:00
1744351560,29339.95,29357.7,29339.95,29357.7,1,2025-04-11 06:06:00
1744351620,29357.7,29393.0,29357.7,29393.0,1,2025-04-11 06:07:00
1744351680,29399.7,29464.8,29365.2,29464.8,36,2025-04-11 06:08:00
1744351740,29464.4,29499.9,29451.65,29451.65,19,2025-04-11 06:09:00
1744351800,29451.65,29485.9,29440.0,29479.45,18,2025-04-11 06:10:00
1744351860,29479.45,29479.45,29475.1,29475.1,1,2025-04-11 06:11:00
1744351920,29475.1,29475.1,29438.4,29438.4,8,2025-04-11 06:12:00
1744351980,29438.4,29438.4,29437.1,29437.1,3,2025-04-11 06:13:00
1744352040,29437.1,29437.1,29401.35,29401.35,2,2025-04-11 06:14:00
1744352100,29409.95,29409.95,29409.95,29409.95,40,2025-04-11 06:15:00
1744352160,29446.8,29446.8,29425.25,29425.25,3,2025-04-11 06:16:00
1744352220,29425.25,29485.35,29425.25,29485.35,11,2025-04-11 06:17:00
1744352280,29485.35,29485.35,29485.05,29485.25,15,2025-04-11 06:18:00
1744352340,29485.25,29544.7,29481.5,29544.7,71,2025-04-11 06:19:00
1744352400,29544.9,29544.9,29504.8,29504.8,6,2025-04-11 06:20:00
1744352460,29504.8,29536.85,29466.25,29466.25,26,2025-04-11 06:21:00
1744352520,29466.25,29500.75,29466.25,29495.6,7,2025-04-11 06:22:00
1744352580,29495.6,29498.8,29495.6,29495.8,9,2025-04-11 06:23:00
1744352640,29507.45,29507.45,29507.45,29507.45,1,2025-04-11 06:24:00
1744352700,29507.45,29530.55,29507.45,29529.6,2,2025-04-11 06:25:00
1744352760,29529.6,29537.75,29529.6,29537.75,2,2025-04-11 06:26:00
1744352820,29537.75,29537.75,29534.35,29534.4,2,2025-04-11 06:27:00
1744352880,29534.4,29537.7,29501.85,29537.7,4,2025-04-11 06:28:00
1744352940,29537.7,29539.95,29517.0,29517.0,4,2025-04-11 06:29:00
1744353000,29517.0,29533.15,29517.0,29533.15,1,2025-04-11 06:30:00
1744353060,29533.15,29544.3,29533.15,29544.3,2,2025-04-11 06:31:00
1744353120,29544.3,29544.3,29539.95,29540.0,5,2025-04-11 06:32:00
1744353180,29540.0,29540.0,29522.55,29522.55,2,2025-04-11 06:33:00
1744353240,29522.55,29540.0,29522.55,29540.0,3,2025-04-11 06:34:00
1744353300,29540.0,29540.0,29539.95,29539.95,5,2025-04-11 06:35:00
1744353360,29539.95,29539.95,29530.65,29530.65,2,2025-04-11 06:36:00
1744353420,29530.65,29544.95,29530.65,29544.95,1,2025-04-11 06:37:00
1744353480,29544.95,29555.0,29544.9,29544.9,10,2025-04-11 06:38:00
1744353540,29544.9,29555.0,29544.9,29555.0,2,2025-04-11 06:39:00
1744353600,29555.0,29555.0,29555.0,29555.0,0,2025-04-11 06:40:00
1744353660,29555.0,29555.0,29553.2,29553.2,2,2025-04-11 06:41:00
1744353720,29553.2,29582.8,29553.2,29582.8,56,2025-04-11 06:42:00
1744353780,29582.8,29582.8,29582.8,29582.8,0,2025-04-11 06:43:00
1744353840,29586.4,29599.95,29582.8,29591.8,7,2025-04-11 06:44:00
1744353900,29598.9,29598.9,29598.9,29598.9,1,2025-04-11 06:45:00
1744353960,29598.9,29598.9,29564.45,29598.0,4,2025-04-11 06:46:00
1744354020,29598.0,29598.0,29585.9,29585.9,1,2025-04-11 06:47:00
1744354080,29585.9,29597.95,29585.9,29597.95,1,2025-04-11 06:48:00
1744354140,29564.05,29564.05,29564.05,29564.05,5,2025-04-11 06:49:00
1744354200,29564.05,29580.45,29564.05,29580.45,6,2025-04-11 06:50:00
1744354260,29580.45,29599.0,29580.45,29589.45,2,2025-04-11 06:51:00
1744354320,29589.45,29589.45,29567.7,29567.7,1,2025-04-11 06:52:00
1744354380,29567.7,29570.0,29567.0,29570.0,4,2025-04-11 06:53:00
1744354440,29570.0,29570.0,29570.0,29570.0,0,2025-04-11 06:54:00
1744354500,29570.0,29570.0,29562.75,29562.75,4,2025-04-11 06:55:00
1744354560,29562.75,29562.75,29562.75,29562.75,0,2025-04-11 06:56:00
1744354620,29562.75,29570.0,29562.75,29570.0,8,2025-04-11 06:57:00
1744354680,29584.45,29584.5,29584.45,29584.5,3,2025-04-11 06:58:00
1744354740,29584.5,29584.5,29584.5,29584.5,0,2025-04-11 06:59:00
1744354800,29584.4,29584.5,29584.4,29584.5,4,2025-04-11 07:00:00
1744354860,29584.5,29584.5,29584.5,29584.5,0,2025-04-11 07:01:00
1744354920,29584.5,29584.5,29551.05,29551.05,3,2025-04-11 07:02:00
1744354980,29578.45,29578.45,29552.9,29552.9,2,2025-04-11 07:03:00
1744355040,29552.9,29581.35,29552.9,29571.75,3,2025-04-11 07:04:00
1744355100,29571.75,29571.75,29549.95,29559.6,4,2025-04-11 07:05:00
1744355160,29559.6,29574.65,29559.6,29574.65,1,2025-04-11 07:06:00
1744355220,29574.65,29575.05,29566.0,29566.0,4,2025-04-11 07:07:00
1744355280,29566.0,29566.0,29565.95,29565.95,1,2025-04-11 07:08:00
1744355340,29565.95,29566.0,29565.95,29566.0,1,2025-04-11 07:09:00
1744355400,29566.0,29573.05,29566.0,29573.05,1,2025-04-11 07:10:00
1744355460,29573.05,29573.05,29553.2,29553.2,4,2025-04-11 07:11:00
1744355520,29553.2,29574.5,29547.7,29574.5,5,2025-04-11 07:12:00
1744355580,29574.5,29574.5,29574.5,29574.5,0,2025-04-11 07:13:00
1744355640,29574.5,29581.5,29574.5,29581.5,2,2025-04-11 07:14:00
1744355700,29581.5,29581.5,29539.4,29539.4,2,2025-04-11 07:15:00
1744355760,29539.4,29539.4,29539.4,29539.4,0,2025-04-11 07:16:00
1744355820,29539.4,29576.8,29539.4,29576.8,1,2025-04-11 07:17:00
1744355880,29576.8,29576.8,29576.8,29576.8,0,2025-04-11 07:18:00
1744355940,29576.8,29576.85,29576.8,29576.85,1,2025-04-11 07:19:00
1744356000,29576.85,29576.85,29576.85,29576.85,0,2025-04-11 07:20:00
1744356060,29576.85,29584.0,29576.85,29584.0,11,2025-04-11 07:21:00
1744356120,29584.0,29584.0,29584.0,29584.0,0,2025-04-11 07:22:00
1744356180,29584.0,29584.0,29566.75,29566.75,4,2025-04-11 07:23:00
1744356240,29566.75,29584.0,29566.75,29584.0,1,2025-04-11 07:24:00
1744356300,29584.0,29584.0,29584.0,29584.0,0,2025-04-11 07:25:00
1744356360,29584.0,29584.0,29584.0,29584.0,1,2025-04-11 07:26:00
1744356420,29584.0,29584.0,29584.0,29584.0,0,2025-04-11 07:27:00
1744356480,29584.0,29584.0,29583.95,29583.95,1,2025-04-11 07:28:00
1744356540,29583.95,29583.95,29583.95,29583.95,0,2025-04-11 07:29:00
1744356600,29583.95,29583.95,29583.95,29583.95,0,2025-04-11 07:30:00
1744356660,29583.95,29583.95,29583.95,29583.95,1,2025-04-11 07:31:00
1744356720,29583.95,29583.95,29583.0,29583.0,1,2025-04-11 07:32:00
1744356780,29583.0,29583.0,29583.0,29583.0,7,2025-04-11 07:33:00
1744356840,29583.0,29583.0,29583.0,29583.0,0,2025-04-11 07:34:00
1744356900,29583.0,29583.0,29583.0,29583.0,2,2025-04-11 07:35:00
1744356960,29583.0,29583.0,29583.0,29583.0,0,2025-04-11 07:36:00
1744357020,29583.0,29583.0,29560.0,29560.0,1,2025-04-11 07:37:00
1744357080,29560.0,29583.0,29553.85,29553.85,9,2025-04-11 07:38:00
1744357140,29553.85,29553.85,29553.85,29553.85,0,2025-04-11 07:39:00
1744357200,29553.85,29580.0,29553.85,29580.0,1,2025-04-11 07:40:00
1744357260,29580.0,29580.0,29417.0,29580.0,316,2025-04-11 07:41:00
1744357320,29580.0,29606.0,29580.0,29606.0,73,2025-04-11 07:42:00
1744357380,29606.0,29606.0,29606.0,29606.0,0,2025-04-11 07:43:00
1744357440,29606.0,29606.0,29604.85,29604.85,13,2025-04-11 07:44:00
1744357500,29604.85,29604.85,29553.65,29553.65,16,2025-04-11 07:45:00
1744357560,29603.0,29603.0,29601.05,29601.05,19,2025-04-11 07:46:00
1744357620,29601.25,29601.25,29570.55,29600.05,4,2025-04-11 07:47:00
1744357680,29600.05,29600.05,29600.05,29600.05,0,2025-04-11 07:48:00
1744357740,29600.05,29600.05,29558.15,29558.6,4,2025-04-11 07:49:00
1744357800,29558.6,29582.95,29558.6,29582.95,1,2025-04-11 07:50:00
1744357860,29582.95,29582.95,29582.95,29582.95,0,2025-04-11 07:51:00
1744357920,29582.95,29582.95,29579.9,29579.9,1,2025-04-11 07:52:00
1744357980,29579.9,29579.9,29560.3,29560.3,2,2025-04-11 07:53:00
1744358040,29560.3,29579.9,29560.3,29562.7,3,2025-04-11 07:54:00
1744358100,29562.7,29562.7,29561.15,29561.15,1,2025-04-11 07:55:00
1744358160,29561.15,29561.2,29560.6,29561.2,2,2025-04-11 07:56:00
1744358220,29561.2,29561.2,29561.2,29561.2,0,2025-04-11 07:57:00
1744358280,29561.2,29561.2,29561.2,29561.2,0,2025-04-11 07:58:00
1744358340,29561.2,29582.95,29561.2,29582.95,2,2025-04-11 07:59:00
1744358400,29582.95,29582.95,29562.05,29562.05,2,2025-04-11 08:00:00
1744358460,29562.05,29562.05,29562.05,29562.05,35,2025-04-11 08:01:00
1744358520,29562.05,29562.05,29562.05,29562.05,0,2025-04-11 08:02:00
1744358580,29562.05,29562.55,29562.05,29562.55,1,2025-04-11 08:03:00
1744358640,29562.55,29582.95,29562.55,29562.6,2,2025-04-11 08:04:00
1744358700,29562.6,29562.7,29562.6,29562.7,1,2025-04-11 08:05:00
1744358760,29562.7,29596.6,29562.7,29596.6,1,2025-04-11 08:06:00
1744358820,29596.6,29596.6,29596.6,29596.6,0,2025-04-11 08:07:00
1744358880,29596.6,29596.6,29562.75,29583.0,4,2025-04-11 08:08:00
1744358940,29583.0,29583.0,29583.0,29583.0,0,2025-04-11 08:09:00
1744359000,29583.0,29583.0,29582.95,29582.95,3,2025-04-11 08:10:00
1744359060,29582.95,29583.0,29562.55,29562.55,4,2025-04-11 08:11:00
1744359120,29562.55,29562.55,29562.55,29562.55,0,2025-04-11 08:12:00
1744359180,29562.55,29585.0,29562.55,29585.0,18,2025-04-11 08:13:00
1744359240,29585.0,29585.0,29585.0,29585.0,0,2025-04-11 08:14:00
1744359300,29585.0,29585.0,29562.5,29562.5,5,2025-04-11 08:15:00
1744359360,29562.5,29562.5,29562.5,29562.5,0,2025-04-11 08:16:00
1744359420,29562.5,29582.55,29562.5,29582.55,2,2025-04-11 08:17:00
1744359480,29582.55,29582.55,29562.5,29562.5,2,2025-04-11 08:18:00
1744359540,29562.5,29562.55,29562.5,29562.55,1,2025-04-11 08:19:00
1744359600,29562.55,29581.65,29562.5,29581.65,3,2025-04-11 08:20:00
1744359660,29582.5,29582.5,29551.35,29551.35,3,2025-04-11 08:21:00
1744359720,29562.5,29582.55,29562.5,29582.55,42,2025-04-11 08:22:00
1744359780,29582.55,29582.55,29556.55,29556.55,1,2025-04-11 08:23:00
1744359840,29556.55,29556.55,29556.55,29556.55,0,2025-04-11 08:24:00
1744359900,29556.55,29566.6,29556.55,29566.6,1,2025-04-11 08:25:00
1744359960,29566.6,29579.8,29566.6,29579.8,2,2025-04-11 08:26:00
1744360020,29553.4,29580.0,29553.4,29580.0,3,2025-04-11 08:27:00
1744360080,29580.0,29580.0,29580.0,29580.0,0,2025-04-11 08:28:00
1744360140,29580.0,29580.0,29580.0,29580.0,1,2025-04-11 08:29:00
1744360200,29553.4,29553.4,29552.15,29552.15,9,2025-04-11 08:30:00
1744360260,29552.15,29552.15,29552.15,29552.15,0,2025-04-11 08:31:00
1744360320,29552.15,29579.8,29552.15,29579.8,1,2025-04-11 08:32:00
1744360380,29579.8,29579.8,29550.0,29550.0,6,2025-04-11 08:33:00
1744360440,29550.0,29579.8,29550.0,29579.8,1,2025-04-11 08:34:00
1744360500,29579.8,29579.8,29575.0,29575.0,1,2025-04-11 08:35:00
1744360560,29575.0,29575.0,29575.0,29575.0,2,2025-04-11 08:36:00
1744360620,29575.0,29575.0,29575.0,29575.0,0,2025-04-11 08:37:00
1744360680,29575.0,29575.0,29552.2,29552.2,1,2025-04-11 08:38:00
1744360740,29552.2,29575.0,29552.2,29575.0,1,2025-04-11 08:39:00
1744360800,29575.0,29575.0,29575.0,29575.0,0,2025-04-11 08:40:00
1744360860,29575.0,29575.0,29573.0,29573.0,1,2025-04-11 08:41:00
1744360920,29573.0,29573.0,29573.0,29573.0,0,2025-04-11 08:42:00
1744360980,29550.05,29550.05,29550.05,29550.05,1,2025-04-11 08:43:00
1744361040,29550.05,29570.0,29550.05,29570.0,2,2025-04-11 08:44:00
1744361100,29570.0,29570.0,29550.0,29550.05,1474,2025-04-11 08:45:00
1744361160,29550.05,29570.0,29550.05,29550.05,4,2025-04-11 08:46:00
1744361220,29550.05,29550.05,29550.0,29550.0,81,2025-04-11 08:47:00
1744361280,29550.0,29550.0,29550.0,29550.0,6,2025-04-11 08:48:00
1744361340,29550.0,29550.0,29550.0,29550.0,1,2025-04-11 08:49:00
1744361400,29550.0,29570.55,29550.0,29570.55,3,2025-04-11 08:50:00
1744361460,29570.55,29575.55,29550.15,29550.15,4,2025-04-11 08:51:00
1744361520,29577.1,29577.1,29550.15,29550.15,2,2025-04-11 08:52:00
1744361580,29550.15,29577.5,29550.05,29550.05,3,2025-04-11 08:53:00
1744361640,29550.05,29550.05,29550.05,29550.05,0,2025-04-11 08:54:00
1744361700,29550.05,29577.5,29550.0,29577.5,2,2025-04-11 08:55:00
1744361760,29577.5,29577.5,29577.5,29577.5,0,2025-04-11 08:56:00
1744361820,29577.5,29577.5,29550.0,29550.15,7,2025-04-11 08:57:00
1744361880,29550.15,29577.25,29550.15,29577.25,3,2025-04-11 08:58:00
1744361940,29577.25,29577.25,29539.95,29572.6,4,2025-04-11 08:59:00
1744362000,29572.6,29577.1,29547.75,29577.1,5,2025-04-11 09:00:00
1744362060,29577.1,29577.1,29547.55,29547.55,2,2025-04-11 09:01:00
1744362120,29573.45,29576.95,29573.0,29576.95,4,2025-04-11 09:02:00
1744362180,29576.95,29577.35,29541.7,29574.35,3,2025-04-11 09:03:00
1744362240,29574.35,29577.45,29574.35,29577.2,3,2025-04-11 09:04:00
1744362300,29577.2,29577.35,29544.85,29544.85,2,2025-04-11 09:05:00
1744362360,29544.85,29577.35,29544.85,29577.35,3,2025-04-11 09:06:00
1744362420,29577.35,29577.35,29546.95,29546.95,2,2025-04-11 09:07:00
1744362480,29546.95,29547.4,29546.95,29547.4,1,2025-04-11 09:08:00
1744362540,29547.4,29576.85,29547.2,29576.85,6,2025-04-11 09:09:00
1744362600,29576.85,29576.85,29576.85,29576.85,0,2025-04-11 09:10:00
1744362660,29576.85,29577.4,29576.85,29577.4,6,2025-04-11 09:11:00
1744362720,29577.4,29580.05,29577.4,29580.05,18,2025-04-11 09:12:00
1744362780,29580.05,29630.0,29580.05,29630.0,81,2025-04-11 09:13:00
1744362840,29630.0,29630.0,29630.0,29630.0,0,2025-04-11 09:14:00
1744362900,29630.0,29651.0,29630.0,29645.55,36,2025-04-11 09:15:00
1744362960,29645.55,29665.2,29640.7,29665.2,16,2025-04-11 09:16:00
1744363020,29695.9,29697.5,29670.5,29670.5,16,2025-04-11 09:17:00
1744363080,29670.5,29694.65,29670.5,29694.65,2,2025-04-11 09:18:00
1744363140,29694.65,29694.65,29694.65,29694.65,0,2025-04-11 09:19:00
1744363200,29694.65,29749.0,29694.65,29722.0,82,2025-04-11 09:20:00
1744363260,29722.0,29722.0,29721.7,29721.7,1,2025-04-11 09:21:00
1744363320,29721.7,29721.7,29695.2,29695.2,1,2025-04-11 09:22:00
1744363380,29695.2,29720.0,29695.2,29703.5,160,2025-04-11 09:23:00
1744363440,29703.5,29703.5,29700.5,29700.5,1,2025-04-11 09:24:00
1744363500,29700.5,29700.5,29697.15,29697.15,1,2025-04-11 09:25:00
1744363560,29697.15,29697.15,29672.65,29672.65,3,2025-04-11 09:26:00
1744363620,29672.65,29695.7,29672.65,29695.5,6,2025-04-11 09:27:00
1744363680,29695.5,29725.0,29695.0,29725.0,122,2025-04-11 09:28:00
1744363740,29725.0,29746.4,29723.85,29723.85,2,2025-04-11 09:29:00
1744363800,29734.55,29750.0,29711.5,29711.5,160,2025-04-11 09:30:00
1744363860,29708.1,29716.7,29688.0,29688.0,13,2025-04-11 09:31:00
1744363920,29688.0,29712.95,29688.0,29692.2,4,2025-04-11 09:32:00
1744363980,29692.2,29706.55,29686.8,29690.45,7,2025-04-11 09:33:00
1744364040,29690.45,29701.65,29651.4,29651.4,7,2025-04-11 09:34:00
1744364100,29651.4,29663.1,29651.4,29659.95,3,2025-04-11 09:35:00
1744364160,29659.95,29671.45,29659.95,29671.45,1,2025-04-11 09:36:00
1744364220,29678.35,29678.35,29630.25,29630.25,6,2025-04-11 09:37:00
1744364280,29630.25,29649.95,29630.25,29634.3,2,2025-04-11 09:38:00
1744364340,29634.3,29650.0,29634.3,29650.0,1,2025-04-11 09:39:00
1744364400,29656.6,29656.6,29647.05,29647.05,5,2025-04-11 09:40:00
1744364460,29647.05,29656.55,29637.55,29637.55,3,2025-04-11 09:41:00
1744364520,29637.55,29656.55,29637.55,29656.55,3,2025-04-11 09:42:00
1744364580,29656.55,29656.55,29656.55,29656.55,0,2025-04-11 09:43:00
1744364640,29656.6,29665.45,29649.05,29665.45,27,2025-04-11 09:44:00
1744364700,29665.45,29671.35,29646.75,29646.75,30,2025-04-11 09:45:00
1744364760,29616.8,29654.1,29550.0,29579.95,100,2025-04-11 09:46:00
1744364820,29579.95,29579.95,29551.05,29576.15,4,2025-04-11 09:47:00
1744364880,29576.15,29580.0,29576.15,29579.95,40,2025-04-11 09:48:00
1744364940,29579.95,29579.95,29579.95,29579.95,0,2025-04-11 09:49:00
1744365000,29579.95,29580.0,29568.0,29580.0,48,2025-04-11 09:50:00
1744365060,29580.0,29580.0,29571.6,29571.6,9,2025-04-11 09:51:00
1744365120,29580.0,29580.0,29566.25,29566.25,11,2025-04-11 09:52:00
1744365180,29566.25,29571.45,29566.25,29566.65,16,2025-04-11 09:53:00
1744365240,29566.65,29580.0,29566.65,29580.0,7,2025-04-11 09:54:00
1744365300,29580.0,29580.0,29567.05,29580.0,8,2025-04-11 09:55:00
1744365360,29580.0,29580.0,29579.9,29580.0,17,2025-04-11 09:56:00
1744365420,29575.0,29575.0,29567.3,29575.0,13,2025-04-11 09:57:00
1744365480,29575.0,29575.0,29550.0,29550.0,33,2025-04-11 09:58:00
1744365540,29550.0,29550.0,29550.0,29550.0,23,2025-04-11 09:59:00
1744688700,29645.0,30140.0,29600.0,30135.0,391,2025-04-15 03:45:00
1744688760,30135.0,30330.0,29950.0,30260.0,247,2025-04-15 03:46:00
1744688820,30230.0,30235.0,30005.0,30020.0,153,2025-04-15 03:47:00
1744688880,30030.0,30115.0,30030.0,30035.0,201,2025-04-15 03:48:00
1744688940,30010.0,30080.0,30010.0,30080.0,48,2025-04-15 03:49:00
1744689000,30080.0,30105.0,30065.0,30105.0,105,2025-04-15 03:50:00
1744689060,30105.0,30105.0,30040.0,30045.0,7,2025-04-15 03:51:00
1744689120,30045.0,30080.0,30030.0,30080.0,25,2025-04-15 03:52:00
1744689180,30080.0,30150.0,30080.0,30115.0,14,2025-04-15 03:53:00
1744689240,30115.0,30115.0,30050.0,30050.0,5,2025-04-15 03:54:00
1744689300,30025.0,30085.0,30025.0,30085.0,6,2025-04-15 03:55:00
1744689360,30105.0,30105.0,30060.0,30060.0,13,2025-04-15 03:56:00
1744689420,30060.0,30090.0,30060.0,30090.0,11,2025-04-15 03:57:00
1744689480,30090.0,30090.0,30050.0,30055.0,4,2025-04-15 03:58:00
1744689540,30055.0,30055.0,30035.0,30055.0,7,2025-04-15 03:59:00
1744689600,30055.0,30080.0,30055.0,30080.0,3,2025-04-15 04:00:00
1744689660,30080.0,30090.0,30075.0,30090.0,8,2025-04-15 04:01:00
1744689720,30090.0,30090.0,30050.0,30050.0,54,2025-04-15 04:02:00
1744689780,30050.0,30065.0,30050.0,30065.0,57,2025-04-15 04:03:00
1744689840,30065.0,30095.0,30015.0,30095.0,69,2025-04-15 04:04:00
1744689900,30095.0,30095.0,30050.0,30090.0,6,2025-04-15 04:05:00
1744689960,30090.0,30090.0,30090.0,30090.0,3,2025-04-15 04:06:00
1744690020,30060.0,30080.0,30040.0,30080.0,8,2025-04-15 04:07:00
1744690080,30060.0,30145.0,30060.0,30115.0,40,2025-04-15 04:08:00
1744690140,30145.0,30145.0,30105.0,30105.0,13,2025-04-15 04:09:00
1744690200,30105.0,30125.0,30105.0,30125.0,1,2025-04-15 04:10:00
1744690260,30125.0,30135.0,30105.0,30135.0,2,2025-04-15 04:11:00
1744690320,30135.0,30135.0,30115.0,30115.0,1,2025-04-15 04:12:00
1744690380,30110.0,30110.0,30110.0,30110.0,12,2025-04-15 04:13:00
1744690440,30110.0,30110.0,30110.0,30110.0,2,2025-04-15 04:14:00
1744690500,30110.0,30140.0,30095.0,30095.0,4,2025-04-15 04:15:00
1744690560,30095.0,30125.0,30095.0,30125.0,2,2025-04-15 04:16:00
1744690620,30125.0,30125.0,30125.0,30125.0,0,2025-04-15 04:17:00
1744690680,30125.0,30125.0,30125.0,30125.0,1,2025-04-15 04:18:00
1744690740,30125.0,30125.0,30125.0,30125.0,0,2025-04-15 04:19:00
1744690800,30125.0,30125.0,30085.0,30085.0,4,2025-04-15 04:20:00
1744690860,30085.0,30115.0,30060.0,30080.0,104,2025-04-15 04:21:00
1744690920,30080.0,30080.0,30050.0,30080.0,3,2025-04-15 04:22:00
1744690980,30080.0,30090.0,30060.0,30060.0,4,2025-04-15 04:23:00
1744691040,30060.0,30060.0,30060.0,30060.0,0,2025-04-15 04:24:00
1744691100,30060.0,30060.0,30060.0,30060.0,0,2025-04-15 04:25:00
1744691160,30080.0,30080.0,30050.0,30050.0,6,2025-04-15 04:26:00
1744691220,30050.0,30075.0,30045.0,30045.0,6,2025-04-15 04:27:00
1744691280,30045.0,30110.0,30040.0,30090.0,67,2025-04-15 04:28:00
1744691340,30090.0,30090.0,30090.0,30090.0,0,2025-04-15 04:29:00
1744691400,30090.0,30105.0,30070.0,30075.0,14,2025-04-15 04:30:00
1744691460,30075.0,30075.0,30040.0,30070.0,5,2025-04-15 04:31:00
1744691520,30070.0,30070.0,30070.0,30070.0,1,2025-04-15 04:32:00
1744691580,30070.0,30070.0,30070.0,30070.0,1,2025-04-15 04:33:00
1744691640,30070.0,30070.0,30070.0,30070.0,0,2025-04-15 04:34:00
1744691700,30070.0,30070.0,30040.0,30045.0,4,2025-04-15 04:35:00
1744691760,30045.0,30095.0,30045.0,30095.0,103,2025-04-15 04:36:00
1744691820,30095.0,30095.0,30095.0,30095.0,0,2025-04-15 04:37:00
1744691880,30110.0,30110.0,30070.0,30105.0,15,2025-04-15 04:38:00
1744691940,30105.0,30105.0,30080.0,30095.0,2,2025-04-15 04:39:00
1744692000,30095.0,30100.0,30065.0,30095.0,4,2025-04-15 04:40:00
1744692060,30095.0,30095.0,30095.0,30095.0,1,2025-04-15 04:41:00
1744692120,30095.0,30095.0,30060.0,30060.0,7,2025-04-15 04:42:00
1744692180,30060.0,30090.0,30060.0,30065.0,5,2025-04-15 04:43:00
1744692240,30065.0,30125.0,30065.0,30125.0,29,2025-04-15 04:44:00
1744692300,30125.0,30130.0,30105.0,30105.0,5,2025-04-15 04:45:00
1744692360,30105.0,30105.0,30100.0,30100.0,4,2025-04-15 04:46:00
1744692420,30100.0,30125.0,30100.0,30125.0,3,2025-04-15 04:47:00
1744692480,30125.0,30130.0,30105.0,30130.0,4,2025-04-15 04:48:00
1744692540,30130.0,30130.0,30085.0,30085.0,4,2025-04-15 04:49:00
1744692600,30085.0,30125.0,30085.0,30100.0,3,2025-04-15 04:50:00
1744692660,30100.0,30110.0,30100.0,30110.0,1,2025-04-15 04:51:00
1744692720,30110.0,30110.0,30090.0,30110.0,6,2025-04-15 04:52:00
1744692780,30110.0,30110.0,30095.0,30095.0,10,2025-04-15 04:53:00
1744692840,30095.0,30095.0,30095.0,30095.0,0,2025-04-15 04:54:00
1744692900,30095.0,30110.0,30085.0,30110.0,10,2025-04-15 04:55:00
1744692960,30110.0,30110.0,30110.0,30110.0,0,2025-04-15 04:56:00
1744693020,30110.0,30110.0,30085.0,30100.0,6,2025-04-15 04:57:00
1744693080,30100.0,30100.0,30100.0,30100.0,1,2025-04-15 04:58:00
1744693140,30100.0,30100.0,30100.0,30100.0,1,2025-04-15 04:59:00
1744693200,30100.0,30100.0,30100.0,30100.0,1,2025-04-15 05:00:00
1744693260,30100.0,30100.0,30085.0,30085.0,6,2025-04-15 05:01:00
1744693320,30085.0,30115.0,30085.0,30115.0,1,2025-04-15 05:02:00
1744693380,30115.0,30115.0,30115.0,30115.0,1,2025-04-15 05:03:00
1744693440,30075.0,30110.0,30075.0,30110.0,3,2025-04-15 05:04:00
1744693500,30110.0,30110.0,30110.0,30110.0,0,2025-04-15 05:05:00
1744693560,30110.0,30110.0,30110.0,30110.0,0,2025-04-15 05:06:00
1744693620,30110.0,30110.0,30075.0,30075.0,2,2025-04-15 05:07:00
1744693680,30075.0,30075.0,30065.0,30065.0,35,2025-04-15 05:08:00
1744693740,30065.0,30065.0,30020.0,30050.0,34,2025-04-15 05:09:00
1744693800,30050.0,30050.0,30050.0,30050.0,0,2025-04-15 05:10:00
1744693860,30050.0,30050.0,30050.0,30050.0,0,2025-04-15 05:11:00
1744693920,30050.0,30060.0,30015.0,30055.0,17,2025-04-15 05:12:00
1744693980,30055.0,30055.0,30050.0,30050.0,9,2025-04-15 05:13:00
1744694040,30050.0,30075.0,30050.0,30075.0,5,2025-04-15 05:14:00
1744694100,30075.0,30075.0,30075.0,30075.0,0,2025-04-15 05:15:00
1744694160,30075.0,30075.0,30070.0,30070.0,1,2025-04-15 05:16:00
1744694220,30070.0,30070.0,30070.0,30070.0,1,2025-04-15 05:17:00
1744694280,30070.0,30075.0,30070.0,30075.0,1,2025-04-15 05:18:00
1744694340,30075.0,30075.0,30075.0,30075.0,2,2025-04-15 05:19:00
1744694400,30075.0,30075.0,30075.0,30075.0,2,2025-04-15 05:20:00
1744694460,30075.0,30075.0,30075.0,30075.0,4,2025-04-15 05:21:00
1744694520,30045.0,30070.0,30045.0,30055.0,8,2025-04-15 05:22:00
1744694580,30055.0,30075.0,30055.0,30070.0,2,2025-04-15 05:23:00
1744694640,30070.0,30075.0,30070.0,30075.0,1,2025-04-15 05:24:00
1744694700,30075.0,30075.0,30045.0,30045.0,9,2025-04-15 05:25:00
1744694760,30045.0,30060.0,30045.0,30060.0,6,2025-04-15 05:26:00
1744694820,30060.0,30075.0,30030.0,30075.0,8,2025-04-15 05:27:00
1744694880,30075.0,30090.0,30075.0,30090.0,2,2025-04-15 05:28:00
1744694940,30090.0,30095.0,30090.0,30095.0,1,2025-04-15 05:29:00
1744695000,30095.0,30095.0,30090.0,30090.0,1,2025-04-15 05:30:00
1744695060,30090.0,30090.0,30090.0,30090.0,2,2025-04-15 05:31:00
1744695120,30090.0,30090.0,30090.0,30090.0,3,2025-04-15 05:32:00
1744695180,30090.0,30090.0,30090.0,30090.0,0,2025-04-15 05:33:00
1744695240,30090.0,30095.0,30090.0,30095.0,3,2025-04-15 05:34:00
1744695300,30095.0,30095.0,30085.0,30085.0,1,2025-04-15 05:35:00
1744695360,30085.0,30100.0,30085.0,30100.0,3,2025-04-15 05:36:00
1744695420,30100.0,30100.0,30100.0,30100.0,5,2025-04-15 05:37:00
1744695480,30100.0,30100.0,30100.0,30100.0,2,2025-04-15 05:38:00
1744695540,30100.0,30100.0,30100.0,30100.0,3,2025-04-15 05:39:00
1744695600,30070.0,30100.0,30070.0,30100.0,2,2025-04-15 05:40:00
1744695660,30100.0,30100.0,30065.0,30065.0,6,2025-04-15 05:41:00
1744695720,30065.0,30100.0,30065.0,30100.0,6,2025-04-15 05:42:00
1744695780,30100.0,30125.0,30100.0,30125.0,1,2025-04-15 05:43:00
1744695840,30125.0,30125.0,30125.0,30125.0,1,2025-04-15 05:44:00
1744695900,30125.0,30130.0,30110.0,30130.0,5,2025-04-15 05:45:00
1744695960,30130.0,30130.0,30125.0,30125.0,1,2025-04-15 05:46:00
1744696020,30125.0,30140.0,30105.0,30140.0,4,2025-04-15 05:47:00
1744696080,30140.0,30140.0,30140.0,30140.0,1,2025-04-15 05:48:00
1744696140,30140.0,30140.0,30100.0,30100.0,5,2025-04-15 05:49:00
1744696200,30100.0,30140.0,30100.0,30140.0,2,2025-04-15 05:50:00
1744696260,30140.0,30140.0,30140.0,30140.0,11,2025-04-15 05:51:00
1744696320,30110.0,30145.0,30110.0,30145.0,5,2025-04-15 05:52:00
1744696380,30150.0,30150.0,30115.0,30150.0,5,2025-04-15 05:53:00
1744696440,30150.0,30160.0,30150.0,30160.0,18,2025-04-15 05:54:00
1744696500,30160.0,30165.0,30160.0,30165.0,1,2025-04-15 05:55:00
1744696560,30165.0,30175.0,30160.0,30170.0,6,2025-04-15 05:56:00
1744696620,30165.0,30165.0,30165.0,30165.0,1,2025-04-15 05:57:00
1744696680,30165.0,30170.0,30135.0,30165.0,9,2025-04-15 05:58:00
1744696740,30165.0,30165.0,30165.0,30165.0,3,2025-04-15 05:59:00
1744696800,30165.0,30165.0,30160.0,30160.0,1,2025-04-15 06:00:00
1744696860,30160.0,30160.0,30160.0,30160.0,1,2025-04-15 06:01:00
1744696920,30160.0,30160.0,30130.0,30130.0,5,2025-04-15 06:02:00
1744696980,30135.0,30160.0,30135.0,30160.0,4,2025-04-15 06:03:00
1744697040,30160.0,30160.0,30135.0,30155.0,5,2025-04-15 06:04:00
1744697100,30155.0,30155.0,30135.0,30135.0,8,2025-04-15 06:05:00
1744697160,30135.0,30135.0,30090.0,30090.0,7,2025-04-15 06:06:00
1744697220,30125.0,30205.0,30125.0,30205.0,94,2025-04-15 06:07:00
1744697280,30205.0,30230.0,30205.0,30225.0,3,2025-04-15 06:08:00
1744697340,30225.0,30225.0,30200.0,30200.0,3,2025-04-15 06:09:00
1744697400,30200.0,30200.0,30155.0,30195.0,5,2025-04-15 06:10:00
1744697460,30195.0,30195.0,30100.0,30175.0,56,2025-04-15 06:11:00
1744697520,30175.0,30190.0,30175.0,30190.0,5,2025-04-15 06:12:00
1744697580,30190.0,30200.0,30190.0,30200.0,7,2025-04-15 06:13:00
1744697640,30200.0,30200.0,30165.0,30165.0,30,2025-04-15 06:14:00
1744697700,30165.0,30245.0,30165.0,30245.0,187,2025-04-15 06:15:00
1744697760,30245.0,30245.0,30245.0,30245.0,1,2025-04-15 06:16:00
1744697820,30245.0,30245.0,30190.0,30240.0,11,2025-04-15 06:17:00
1744697880,30240.0,30245.0,30225.0,30240.0,5,2025-04-15 06:18:00
1744697940,30240.0,30245.0,30240.0,30245.0,1,2025-04-15 06:19:00
1744698000,30245.0,30245.0,30240.0,30240.0,1,2025-04-15 06:20:00
1744698060,30240.0,30245.0,30240.0,30245.0,1,2025-04-15 06:21:00
1744698120,30245.0,30245.0,30245.0,30245.0,0,2025-04-15 06:22:00
1744698180,30245.0,30245.0,30200.0,30200.0,6,2025-04-15 06:23:00
1744698240,30200.0,30200.0,30200.0,30200.0,4,2025-04-15 06:24:00
1744698300,30200.0,30200.0,30200.0,30200.0,2,2025-04-15 06:25:00
1744698360,30200.0,30215.0,30200.0,30200.0,6,2025-04-15 06:26:00
1744698420,30200.0,30205.0,30200.0,30200.0,2,2025-04-15 06:27:00
1744698480,30225.0,30225.0,30200.0,30200.0,4,2025-04-15 06:28:00
1744698540,30200.0,30205.0,30200.0,30200.0,4,2025-04-15 06:29:00
1744698600,30215.0,30220.0,30215.0,30220.0,3,2025-04-15 06:30:00
1744698660,30210.0,30230.0,30210.0,30230.0,3,2025-04-15 06:31:00
1744698720,30225.0,30245.0,30205.0,30205.0,76,2025-04-15 06:32:00
1744698780,30205.0,30205.0,30205.0,30205.0,0,2025-04-15 06:33:00
1744698840,30240.0,30240.0,30150.0,30180.0,40,2025-04-15 06:34:00
1744698900,30180.0,30225.0,30180.0,30220.0,3,2025-04-15 06:35:00
1744698960,30220.0,30220.0,30205.0,30205.0,3,2025-04-15 06:36:00
1744699020,30205.0,30220.0,30205.0,30220.0,2,2025-04-15 06:37:00
1744699080,30220.0,30220.0,30130.0,30180.0,38,2025-04-15 06:38:00
1744699140,30180.0,30195.0,30150.0,30195.0,6,2025-04-15 06:39:00
1744699200,30195.0,30195.0,30190.0,30195.0,4,2025-04-15 06:40:00
1744699260,30195.0,30195.0,30185.0,30185.0,5,2025-04-15 06:41:00
1744699320,30185.0,30185.0,30140.0,30140.0,2,2025-04-15 06:42:00
1744699380,30170.0,30185.0,30145.0,30185.0,28,2025-04-15 06:43:00
1744699440,30185.0,30220.0,30185.0,30220.0,2,2025-04-15 06:44:00
1744699500,30220.0,30220.0,30220.0,30220.0,1,2025-04-15 06:45:00
1744699560,30220.0,30220.0,30220.0,30220.0,0,2025-04-15 06:46:00
1744699620,30225.0,30225.0,30220.0,30220.0,2,2025-04-15 06:47:00
1744699680,30220.0,30225.0,30180.0,30225.0,15,2025-04-15 06:48:00
1744699740,30225.0,30225.0,30200.0,30200.0,3,2025-04-15 06:49:00
1744699800,30200.0,30225.0,30185.0,30225.0,2,2025-04-15 06:50:00
1744699860,30235.0,30235.0,30235.0,30235.0,1,2025-04-15 06:51:00
1744699920,30235.0,30235.0,30235.0,30235.0,0,2025-04-15 06:52:00
1744699980,30235.0,30235.0,30225.0,30225.0,1,2025-04-15 06:53:00
1744700040,30225.0,30235.0,30225.0,30225.0,2,2025-04-15 06:54:00
1744700100,30225.0,30225.0,30180.0,30180.0,12,2025-04-15 06:55:00
1744700160,30220.0,30225.0,30200.0,30200.0,5,2025-04-15 06:56:00
1744700220,30200.0,30210.0,30185.0,30185.0,4,2025-04-15 06:57:00
1744700280,30185.0,30200.0,30160.0,30195.0,6,2025-04-15 06:58:00
1744700340,30195.0,30220.0,30195.0,30220.0,1,2025-04-15 06:59:00
1744700400,30220.0,30220.0,30155.0,30155.0,9,2025-04-15 07:00:00
1744700460,30180.0,30240.0,30180.0,30240.0,116,2025-04-15 07:01:00
1744700520,30240.0,30240.0,30240.0,30240.0,0,2025-04-15 07:02:00
1744700580,30240.0,30240.0,30205.0,30205.0,5,2025-04-15 07:03:00
1744700640,30205.0,30240.0,30205.0,30240.0,1,2025-04-15 07:04:00
1744700700,30240.0,30240.0,30235.0,30235.0,1,2025-04-15 07:05:00
1744700760,30235.0,30235.0,30235.0,30235.0,0,2025-04-15 07:06:00
1744700820,30235.0,30235.0,30235.0,30235.0,3,2025-04-15 07:07:00
1744700880,30235.0,30235.0,30235.0,30235.0,0,2025-04-15 07:08:00
1744700940,30235.0,30235.0,30235.0,30235.0,0,2025-04-15 07:09:00
1744701000,30235.0,30235.0,30225.0,30225.0,2,2025-04-15 07:10:00
1744701060,30225.0,30230.0,30225.0,30230.0,12,2025-04-15 07:11:00
1744701120,30230.0,30230.0,30210.0,30210.0,5,2025-04-15 07:12:00
1744701180,30210.0,30215.0,30210.0,30215.0,4,2025-04-15 07:13:00
1744701240,30215.0,30215.0,30215.0,30215.0,0,2025-04-15 07:14:00
1744701300,30215.0,30215.0,30215.0,30215.0,1,2025-04-15 07:15:00
1744701360,30215.0,30230.0,30215.0,30230.0,2,2025-04-15 07:16:00
1744701420,30230.0,30230.0,30230.0,30230.0,1,2025-04-15 07:17:00
1744701480,30230.0,30230.0,30220.0,30225.0,2,2025-04-15 07:18:00
1744701540,30225.0,30225.0,30210.0,30210.0,2,2025-04-15 07:19:00
1744701600,30210.0,30225.0,30210.0,30225.0,1,2025-04-15 07:20:00
1744701660,30225.0,30225.0,30225.0,30225.0,1,2025-04-15 07:21:00
1744701720,30225.0,30225.0,30225.0,30225.0,2,2025-04-15 07:22:00
1744701780,30225.0,30225.0,30220.0,30220.0,2,2025-04-15 07:23:00
1744701840,30200.0,30200.0,30190.0,30190.0,59,2025-04-15 07:24:00
1744701900,30190.0,30200.0,30190.0,30200.0,5,2025-04-15 07:25:00
1744701960,30200.0,30200.0,30195.0,30195.0,8,2025-04-15 07:26:00
1744702020,30195.0,30240.0,30195.0,30240.0,88,2025-04-15 07:27:00
1744702080,30240.0,30240.0,30225.0,30225.0,1,2025-04-15 07:28:00
1744702140,30200.0,30200.0,30130.0,30155.0,38,2025-04-15 07:29:00
1744702200,30155.0,30185.0,30145.0,30185.0,7,2025-04-15 07:30:00
1744702260,30190.0,30190.0,30190.0,30190.0,8,2025-04-15 07:31:00
1744702320,30190.0,30195.0,30185.0,30185.0,5,2025-04-15 07:32:00
1744702380,30185.0,30195.0,30185.0,30190.0,6,2025-04-15 07:33:00
1744702440,30190.0,30195.0,30190.0,30195.0,8,2025-04-15 07:34:00
1744702500,30195.0,30195.0,30195.0,30195.0,7,2025-04-15 07:35:00
1744702560,30195.0,30195.0,30165.0,30195.0,8,2025-04-15 07:36:00
1744702620,30195.0,30195.0,30195.0,30195.0,4,2025-04-15 07:37:00
1744702680,30135.0,30135.0,30080.0,30095.0,84,2025-04-15 07:38:00
1744702740,30095.0,30100.0,29985.0,29985.0,65,2025-04-15 07:39:00
1744702800,29860.0,29960.0,29860.0,29865.0,178,2025-04-15 07:40:00
1744702860,29825.0,29875.0,29810.0,29850.0,42,2025-04-15 07:41:00
1744702920,29885.0,29890.0,29830.0,29870.0,68,2025-04-15 07:42:00
1744702980,29870.0,29870.0,29755.0,29805.0,60,2025-04-15 07:43:00
1744703040,29760.0,29895.0,29760.0,29895.0,54,2025-04-15 07:44:00
1744703100,29860.0,29880.0,29820.0,29830.0,52,2025-04-15 07:45:00
1744703160,29830.0,29830.0,29800.0,29805.0,57,2025-04-15 07:46:00
1744703220,29780.0,29820.0,29775.0,29790.0,58,2025-04-15 07:47:00
1744703280,29770.0,29790.0,29745.0,29790.0,63,2025-04-15 07:48:00
1744703340,29790.0,29805.0,29770.0,29770.0,51,2025-04-15 07:49:00
1744703400,29770.0,29780.0,29710.0,29780.0,39,2025-04-15 07:50:00
1744703460,29810.0,29850.0,29750.0,29790.0,60,2025-04-15 07:51:00
1744703520,29750.0,29765.0,29715.0,29720.0,44,2025-04-15 07:52:00
1744703580,29720.0,29730.0,29710.0,29730.0,38,2025-04-15 07:53:00
1744703640,29730.0,29735.0,29665.0,29665.0,139,2025-04-15 07:54:00
1744703700,29715.0,29715.0,29610.0,29630.0,61,2025-04-15 07:55:00
1744703760,29630.0,29705.0,29625.0,29680.0,61,2025-04-15 07:56:00
1744703820,29665.0,29685.0,29630.0,29685.0,53,2025-04-15 07:57:00
1744703880,29645.0,29645.0,29595.0,29645.0,68,2025-04-15 07:58:00
1744703940,29610.0,29650.0,29590.0,29650.0,41,2025-04-15 07:59:00
1744704000,29650.0,29650.0,29620.0,29645.0,41,2025-04-15 08:00:00
1744704060,29645.0,29650.0,29615.0,29615.0,29,2025-04-15 08:01:00
1744704120,29615.0,29650.0,29615.0,29635.0,45,2025-04-15 08:02:00
1744704180,29620.0,29660.0,29620.0,29660.0,81,2025-04-15 08:03:00
1744704240,29660.0,29660.0,29600.0,29620.0,37,2025-04-15 08:04:00
1744704300,29610.0,29610.0,29595.0,29595.0,34,2025-04-15 08:05:00
1744704360,29595.0,29640.0,29580.0,29590.0,47,2025-04-15 08:06:00
1744704420,29595.0,29640.0,29595.0,29615.0,31,2025-04-15 08:07:00
1744704480,29605.0,29650.0,29600.0,29645.0,57,2025-04-15 08:08:00
1744704540,29615.0,29680.0,29615.0,29680.0,37,2025-04-15 08:09:00
1744704600,29680.0,29900.0,29680.0,29900.0,106,2025-04-15 08:10:00
1744704660,29900.0,29920.0,29875.0,29920.0,73,2025-04-15 08:11:00
1744704720,29920.0,29920.0,29860.0,29860.0,39,2025-04-15 08:12:00
1744704780,29850.0,29900.0,29850.0,29900.0,65,2025-04-15 08:13:00
1744704840,29900.0,29925.0,29885.0,29900.0,66,2025-04-15 08:14:00
1744704900,29900.0,29900.0,29900.0,29900.0,11,2025-04-15 08:15:00
1744704960,29900.0,29910.0,29870.0,29870.0,6,2025-04-15 08:16:00
1744705020,29890.0,29920.0,29890.0,29920.0,16,2025-04-15 08:17:00
1744705080,29920.0,29920.0,29910.0,29910.0,12,2025-04-15 08:18:00
1744705140,29910.0,29910.0,29890.0,29890.0,6,2025-04-15 08:19:00
1744705200,29910.0,29915.0,29910.0,29915.0,9,2025-04-15 08:20:00
1744705260,29915.0,29915.0,29915.0,29915.0,5,2025-04-15 08:21:00
1744705320,29915.0,29920.0,29890.0,29920.0,50,2025-04-15 08:22:00
1744705380,29920.0,29920.0,29915.0,29915.0,6,2025-04-15 08:23:00
1744705440,29915.0,29915.0,29855.0,29890.0,16,2025-04-15 08:24:00
1744705500,29920.0,29920.0,29870.0,29895.0,25,2025-04-15 08:25:00
1744705560,29895.0,29915.0,29895.0,29915.0,10,2025-04-15 08:26:00
1744705620,29915.0,29915.0,29885.0,29885.0,1,2025-04-15 08:27:00
1744705680,30070.0,30070.0,30000.0,30000.0,245,2025-04-15 08:28:00
1744705740,30045.0,30045.0,30010.0,30015.0,41,2025-04-15 08:29:00
1744705800,30015.0,30035.0,30015.0,30035.0,1,2025-04-15 08:30:00
1744705860,30035.0,30120.0,30035.0,30120.0,38,2025-04-15 08:31:00
1744705920,30120.0,30120.0,30060.0,30095.0,35,2025-04-15 08:32:00
1744705980,30095.0,30095.0,30035.0,30035.0,10,2025-04-15 08:33:00
1744706040,30035.0,30085.0,30035.0,30075.0,39,2025-04-15 08:34:00
1744706100,30075.0,30075.0,30060.0,30060.0,2,2025-04-15 08:35:00
1744706160,30060.0,30120.0,30035.0,30120.0,51,2025-04-15 08:36:00
1744706220,30120.0,30140.0,30110.0,30110.0,14,2025-04-15 08:37:00
1744706280,30110.0,30120.0,30085.0,30120.0,28,2025-04-15 08:38:00
1744706340,30120.0,30130.0,30120.0,30130.0,1,2025-04-15 08:39:00
1744706400,30130.0,30130.0,30115.0,30115.0,1,2025-04-15 08:40:00
1744706460,30115.0,30170.0,30110.0,30170.0,229,2025-04-15 08:41:00
1744706520,30170.0,30170.0,30130.0,30155.0,3,2025-04-15 08:42:00
1744706580,30155.0,30155.0,30130.0,30155.0,11,2025-04-15 08:43:00
1744706640,30155.0,30155.0,30155.0,30155.0,0,2025-04-15 08:44:00
1744706700,30155.0,30155.0,30120.0,30150.0,8,2025-04-15 08:45:00
1744706760,30150.0,30150.0,30150.0,30150.0,1,2025-04-15 08:46:00
1744706820,30150.0,30150.0,30130.0,30130.0,2,2025-04-15 08:47:00
1744706880,30130.0,30150.0,30130.0,30150.0,1,2025-04-15 08:48:00
1744706940,30150.0,30150.0,30130.0,30130.0,11,2025-04-15 08:49:00
1744707000,30130.0,30130.0,30090.0,30090.0,6,2025-04-15 08:50:00
1744707060,30090.0,30095.0,30090.0,30095.0,2,2025-04-15 08:51:00
1744707120,30095.0,30150.0,30095.0,30150.0,7,2025-04-15 08:52:00
1744707180,30150.0,30150.0,30150.0,30150.0,2,2025-04-15 08:53:00
1744707240,30150.0,30150.0,30145.0,30145.0,1,2025-04-15 08:54:00
1744707300,30145.0,30145.0,30115.0,30115.0,2,2025-04-15 08:55:00
1744707360,30145.0,30185.0,30145.0,30185.0,36,2025-04-15 08:56:00
1744707420,30165.0,30200.0,30165.0,30200.0,109,2025-04-15 08:57:00
1744707480,30200.0,30220.0,30195.0,30220.0,95,2025-04-15 08:58:00
1744707540,30220.0,30225.0,30220.0,30220.0,16,2025-04-15 08:59:00
1744707600,30220.0,30220.0,30205.0,30215.0,6,2025-04-15 09:00:00
1744707660,30215.0,30225.0,30190.0,30220.0,17,2025-04-15 09:01:00
1744707720,30220.0,30220.0,30215.0,30215.0,11,2025-04-15 09:02:00
1744707780,30215.0,30215.0,30170.0,30205.0,12,2025-04-15 09:03:00
1744707840,30215.0,30215.0,30200.0,30205.0,13,2025-04-15 09:04:00
1744707900,30205.0,30205.0,30155.0,30195.0,19,2025-04-15 09:05:00
1744707960,30195.0,30195.0,30155.0,30195.0,12,2025-04-15 09:06:00
1744708020,30195.0,30195.0,30190.0,30195.0,15,2025-04-15 09:07:00
1744708080,30195.0,30200.0,30195.0,30200.0,29,2025-04-15 09:08:00
1744708140,30200.0,30250.0,30200.0,30250.0,340,2025-04-15 09:09:00
1744708200,30250.0,30345.0,30250.0,30345.0,232,2025-04-15 09:10:00
1744708260,30345.0,30370.0,30340.0,30370.0,43,2025-04-15 09:11:00
1744708320,30400.0,30475.0,30400.0,30465.0,154,2025-04-15 09:12:00
1744708380,30455.0,30460.0,30390.0,30390.0,64,2025-04-15 09:13:00
1744708440,30390.0,30460.0,30390.0,30455.0,28,2025-04-15 09:14:00
1744708500,30455.0,30475.0,30420.0,30475.0,78,2025-04-15 09:15:00
1744708560,30475.0,30525.0,30455.0,30495.0,345,2025-04-15 09:16:00
1744708620,30495.0,30515.0,30450.0,30495.0,25,2025-04-15 09:17:00
1744708680,30515.0,30520.0,30485.0,30495.0,52,2025-04-15 09:18:00
1744708740,30500.0,30500.0,30455.0,30455.0,36,2025-04-15 09:19:00
1744708800,30455.0,30500.0,30455.0,30500.0,35,2025-04-15 09:20:00
1744708860,30500.0,30560.0,30500.0,30560.0,369,2025-04-15 09:21:00
1744708920,30590.0,30660.0,30585.0,30635.0,92,2025-04-15 09:22:00
1744708980,30635.0,30655.0,30580.0,30635.0,59,2025-04-15 09:23:00
1744709040,30635.0,30655.0,30595.0,30655.0,43,2025-04-15 09:24:00
1744709100,30660.0,30720.0,30640.0,30720.0,180,2025-04-15 09:25:00
1744709160,30720.0,30775.0,30685.0,30765.0,68,2025-04-15 09:26:00
1744709220,30765.0,30765.0,30635.0,30735.0,145,2025-04-15 09:27:00
1744709280,30720.0,30735.0,30670.0,30725.0,56,2025-04-15 09:28:00
1744709340,30725.0,30760.0,30705.0,30755.0,56,2025-04-15 09:29:00
1744709400,30760.0,30780.0,30675.0,30755.0,97,2025-04-15 09:30:00
1744709460,30790.0,30800.0,30710.0,30765.0,125,2025-04-15 09:31:00
1744709520,30765.0,30780.0,30720.0,30760.0,53,2025-04-15 09:32:00
1744709580,30765.0,30785.0,30730.0,30765.0,52,2025-04-15 09:33:00
1744709640,30765.0,30795.0,30765.0,30795.0,77,2025-04-15 09:34:00
1744709700,30795.0,30825.0,30790.0,30825.0,229,2025-04-15 09:35:00
1744709760,30825.0,30835.0,30800.0,30835.0,31,2025-04-15 09:36:00
1744709820,30835.0,30850.0,30800.0,30845.0,94,2025-04-15 09:37:00
1744709880,30845.0,30850.0,30810.0,30835.0,19,2025-04-15 09:38:00
1744709940,30835.0,30835.0,30795.0,30805.0,64,2025-04-15 09:39:00
1744710000,30800.0,30825.0,30790.0,30825.0,88,2025-04-15 09:40:00
1744710060,30840.0,30890.0,30835.0,30890.0,41,2025-04-15 09:41:00
1744710120,30885.0,30910.0,30855.0,30910.0,48,2025-04-15 09:42:00
1744710180,30910.0,30950.0,30900.0,30920.0,31,2025-04-15 09:43:00
1744710240,30945.0,30995.0,30915.0,30995.0,229,2025-04-15 09:44:00
1744710300,30970.0,30990.0,30925.0,30925.0,48,2025-04-15 09:45:00
1744710360,30925.0,30995.0,30925.0,30980.0,132,2025-04-15 09:46:00
1744710420,30980.0,31100.0,30975.0,31100.0,124,2025-04-15 09:47:00
1744710480,31100.0,31120.0,31045.0,31095.0,129,2025-04-15 09:48:00
1744710540,31105.0,31150.0,31105.0,31150.0,75,2025-04-15 09:49:00
1744710600,31115.0,31195.0,31115.0,31115.0,153,2025-04-15 09:50:00
1744710660,31115.0,31145.0,31105.0,31135.0,63,2025-04-15 09:51:00
1744710720,31135.0,31145.0,31115.0,31125.0,57,2025-04-15 09:52:00
1744710780,31125.0,31135.0,31105.0,31105.0,70,2025-04-15 09:53:00
1744710840,31195.0,31195.0,31125.0,31125.0,57,2025-04-15 09:54:00
1744710900,31150.0,31160.0,31095.0,31150.0,25,2025-04-15 09:55:00
1744710960,31150.0,31150.0,31100.0,31105.0,9,2025-04-15 09:56:00
1744711020,31105.0,31135.0,31095.0,31105.0,53,2025-04-15 09:57:00
1744711080,31105.0,31145.0,31105.0,31105.0,24,2025-04-15 09:58:00
1744711140,31105.0,31145.0,31105.0,31105.0,50,2025-04-15 09:59:00
1744775100,30950.0,31170.0,30805.0,30805.0,151,2025-04-16 03:45:00
1744775160,30925.0,30925.0,30745.0,30795.0,81,2025-04-16 03:46:00
1744775220,30855.0,30885.0,30800.0,30815.0,37,2025-04-16 03:47:00
1744775280,30815.0,30815.0,30765.0,30800.0,6,2025-04-16 03:48:00
1744775340,30755.0,30790.0,30700.0,30745.0,31,2025-04-16 03:49:00
1744775400,30745.0,30745.0,30660.0,30710.0,40,2025-04-16 03:50:00
1744775460,30710.0,30790.0,30705.0,30790.0,35,2025-04-16 03:51:00
1744775520,30790.0,30790.0,30725.0,30740.0,17,2025-04-16 03:52:00
1744775580,30740.0,30745.0,30655.0,30655.0,33,2025-04-16 03:53:00
1744775640,30670.0,30700.0,30650.0,30680.0,109,2025-04-16 03:54:00
1744775700,30705.0,30710.0,30670.0,30710.0,33,2025-04-16 03:55:00
1744775760,30710.0,30715.0,30710.0,30715.0,4,2025-04-16 03:56:00
1744775820,30715.0,30785.0,30715.0,30785.0,12,2025-04-16 03:57:00
1744775880,30785.0,30785.0,30750.0,30750.0,3,2025-04-16 03:58:00
1744775940,30750.0,30750.0,30735.0,30735.0,1,2025-04-16 03:59:00
1744776000,30735.0,30735.0,30735.0,30735.0,0,2025-04-16 04:00:00
1744776060,30735.0,30765.0,30735.0,30755.0,2,2025-04-16 04:01:00
1744776120,30755.0,30760.0,30745.0,30760.0,14,2025-04-16 04:02:00
1744776180,30760.0,30760.0,30760.0,30760.0,2,2025-04-16 04:03:00
1744776240,30760.0,30760.0,30740.0,30760.0,7,2025-04-16 04:04:00
1744776300,30760.0,30760.0,30760.0,30760.0,2,2025-04-16 04:05:00
1744776360,30760.0,30790.0,30760.0,30790.0,23,2025-04-16 04:06:00
1744776420,30770.0,30795.0,30770.0,30790.0,7,2025-04-16 04:07:00
1744776480,30790.0,30795.0,30740.0,30740.0,9,2025-04-16 04:08:00
1744776540,30740.0,30780.0,30740.0,30775.0,16,2025-04-16 04:09:00
1744776600,30775.0,30780.0,30775.0,30780.0,1,2025-04-16 04:10:00
1744776660,30780.0,30780.0,30745.0,30745.0,4,2025-04-16 04:11:00
1744776720,30745.0,30745.0,30745.0,30745.0,2,2025-04-16 04:12:00
1744776780,30745.0,30780.0,30745.0,30780.0,9,2025-04-16 04:13:00
1744776840,30780.0,30805.0,30750.0,30795.0,16,2025-04-16 04:14:00
1744776900,30795.0,30795.0,30795.0,30795.0,18,2025-04-16 04:15:00
1744776960,30795.0,30830.0,30795.0,30830.0,1,2025-04-16 04:16:00
1744777020,30830.0,30835.0,30830.0,30830.0,29,2025-04-16 04:17:00
1744777080,30810.0,30810.0,30710.0,30715.0,76,2025-04-16 04:18:00
1744777140,30710.0,30710.0,30660.0,30700.0,52,2025-04-16 04:19:00
1744777200,30660.0,30700.0,30655.0,30655.0,10,2025-04-16 04:20:00
1744777260,30655.0,30775.0,30655.0,30775.0,69,2025-04-16 04:21:00
1744777320,30780.0,30795.0,30780.0,30795.0,7,2025-04-16 04:22:00
1744777380,30795.0,30795.0,30790.0,30790.0,5,2025-04-16 04:23:00
1744777440,30790.0,30825.0,30790.0,30825.0,12,2025-04-16 04:24:00
1744777500,30825.0,30825.0,30795.0,30795.0,4,2025-04-16 04:25:00
1744777560,30795.0,30810.0,30795.0,30810.0,3,2025-04-16 04:26:00
1744777620,30825.0,30835.0,30775.0,30835.0,16,2025-04-16 04:27:00
1744777680,30835.0,30845.0,30835.0,30845.0,10,2025-04-16 04:28:00
1744777740,30845.0,30845.0,30845.0,30845.0,0,2025-04-16 04:29:00
1744777800,30845.0,30845.0,30840.0,30840.0,1,2025-04-16 04:30:00
1744777860,30805.0,30835.0,30805.0,30835.0,4,2025-04-16 04:31:00
1744777920,30835.0,30835.0,30810.0,30810.0,2,2025-04-16 04:32:00
1744777980,30835.0,30835.0,30835.0,30835.0,2,2025-04-16 04:33:00
1744778040,30835.0,30835.0,30805.0,30835.0,2,2025-04-16 04:34:00
1744778100,30835.0,30850.0,30835.0,30850.0,11,2025-04-16 04:35:00
1744778160,30850.0,30850.0,30835.0,30850.0,5,2025-04-16 04:36:00
1744778220,30850.0,30850.0,30790.0,30790.0,17,2025-04-16 04:37:00
1744778280,30790.0,30810.0,30760.0,30805.0,4,2025-04-16 04:38:00
1744778340,30805.0,30805.0,30805.0,30805.0,1,2025-04-16 04:39:00
1744778400,30805.0,30810.0,30805.0,30810.0,1,2025-04-16 04:40:00
1744778460,30810.0,30935.0,30810.0,30935.0,86,2025-04-16 04:41:00
1744778520,30935.0,30935.0,30880.0,30880.0,21,2025-04-16 04:42:00
1744778580,30945.0,30945.0,30945.0,30945.0,2,2025-04-16 04:43:00
1744778640,30945.0,30955.0,30945.0,30955.0,4,2025-04-16 04:44:00
1744778700,30955.0,30955.0,30925.0,30925.0,12,2025-04-16 04:45:00
1744778760,30925.0,30960.0,30925.0,30960.0,1,2025-04-16 04:46:00
1744778820,30960.0,30960.0,30950.0,30950.0,1,2025-04-16 04:47:00
1744778880,30950.0,30950.0,30910.0,30910.0,10,2025-04-16 04:48:00
1744778940,30910.0,30955.0,30905.0,30905.0,4,2025-04-16 04:49:00
1744779000,30910.0,30945.0,30910.0,30945.0,2,2025-04-16 04:50:00
1744779060,30945.0,30945.0,30905.0,30940.0,11,2025-04-16 04:51:00
1744779120,30940.0,30940.0,30860.0,30900.0,19,2025-04-16 04:52:00
1744779180,30900.0,30955.0,30900.0,30955.0,101,2025-04-16 04:53:00
1744779240,30955.0,30980.0,30955.0,30980.0,1,2025-04-16 04:54:00
1744779300,30940.0,30975.0,30930.0,30960.0,12,2025-04-16 04:55:00
1744779360,30960.0,30965.0,30925.0,30925.0,7,2025-04-16 04:56:00
1744779420,30965.0,30970.0,30905.0,30905.0,13,2025-04-16 04:57:00
1744779480,30905.0,30970.0,30905.0,30970.0,7,2025-04-16 04:58:00
1744779540,30970.0,30970.0,30970.0,30970.0,6,2025-04-16 04:59:00
1744779600,30970.0,30980.0,30970.0,30980.0,3,2025-04-16 05:00:00
1744779660,30980.0,30985.0,30940.0,30940.0,3,2025-04-16 05:01:00
1744779720,30940.0,30990.0,30940.0,30955.0,2,2025-04-16 05:02:00
1744779780,30990.0,30990.0,30985.0,30985.0,4,2025-04-16 05:03:00
1744779840,30985.0,30985.0,30945.0,30945.0,2,2025-04-16 05:04:00
1744779900,30945.0,30990.0,30945.0,30990.0,4,2025-04-16 05:05:00
1744779960,30990.0,30990.0,30985.0,30985.0,1,2025-04-16 05:06:00
1744780020,30985.0,30985.0,30950.0,30950.0,2,2025-04-16 05:07:00
1744780080,30985.0,30985.0,30980.0,30985.0,5,2025-04-16 05:08:00
1744780140,30985.0,30985.0,30940.0,30940.0,2,2025-04-16 05:09:00
1744780200,30940.0,30980.0,30940.0,30980.0,4,2025-04-16 05:10:00
1744780260,30980.0,30985.0,30930.0,30985.0,6,2025-04-16 05:11:00
1744780320,30985.0,30985.0,30980.0,30980.0,1,2025-04-16 05:12:00
1744780380,30975.0,30980.0,30975.0,30980.0,9,2025-04-16 05:13:00
1744780440,30940.0,30980.0,30940.0,30980.0,3,2025-04-16 05:14:00
1744780500,30980.0,30980.0,30980.0,30980.0,1,2025-04-16 05:15:00
1744780560,30980.0,30980.0,30980.0,30980.0,3,2025-04-16 05:16:00
1744780620,30980.0,30980.0,30980.0,30980.0,6,2025-04-16 05:17:00
1744780680,30980.0,30985.0,30980.0,30985.0,2,2025-04-16 05:18:00
1744780740,30985.0,31015.0,30985.0,31015.0,35,2025-04-16 05:19:00
1744780800,31015.0,31100.0,31015.0,31100.0,11,2025-04-16 05:20:00
1744780860,31100.0,31150.0,31070.0,31110.0,36,2025-04-16 05:21:00
1744780920,31110.0,31145.0,31105.0,31125.0,13,2025-04-16 05:22:00
1744780980,31125.0,31165.0,31120.0,31120.0,9,2025-04-16 05:23:00
1744781040,31120.0,31170.0,31120.0,31135.0,7,2025-04-16 05:24:00
1744781100,31135.0,31145.0,31135.0,31145.0,1,2025-04-16 05:25:00
1744781160,31145.0,31150.0,31145.0,31145.0,5,2025-04-16 05:26:00
1744781220,31145.0,31145.0,31145.0,31145.0,1,2025-04-16 05:27:00
1744781280,31145.0,31200.0,31145.0,31200.0,31,2025-04-16 05:28:00
1744781340,31200.0,31225.0,31195.0,31195.0,36,2025-04-16 05:29:00
1744781400,31195.0,31215.0,31165.0,31165.0,19,2025-04-16 05:30:00
1744781460,31165.0,31165.0,31165.0,31165.0,2,2025-04-16 05:31:00
1744781520,31165.0,31195.0,31165.0,31195.0,4,2025-04-16 05:32:00
1744781580,31165.0,31165.0,31150.0,31165.0,23,2025-04-16 05:33:00
1744781640,31165.0,31165.0,31135.0,31135.0,48,2025-04-16 05:34:00
1744781700,31135.0,31135.0,31090.0,31100.0,71,2025-04-16 05:35:00
1744781760,31100.0,31130.0,31090.0,31090.0,21,2025-04-16 05:36:00
1744781820,31090.0,31105.0,31090.0,31105.0,10,2025-04-16 05:37:00
1744781880,31105.0,31170.0,31030.0,31030.0,69,2025-04-16 05:38:00
1744781940,31030.0,31175.0,31030.0,31080.0,64,2025-04-16 05:39:00
1744782000,31080.0,31200.0,31080.0,31165.0,45,2025-04-16 05:40:00
1744782060,31165.0,31220.0,31165.0,31220.0,21,2025-04-16 05:41:00
1744782120,31220.0,31240.0,31170.0,31170.0,7,2025-04-16 05:42:00
1744782180,31170.0,31230.0,31170.0,31230.0,6,2025-04-16 05:43:00
1744782240,31230.0,31230.0,31180.0,31180.0,22,2025-04-16 05:44:00
1744782300,31180.0,31230.0,31180.0,31230.0,12,2025-04-16 05:45:00
1744782360,31230.0,31245.0,31185.0,31240.0,20,2025-04-16 05:46:00
1744782420,31240.0,31250.0,31240.0,31250.0,5,2025-04-16 05:47:00
1744782480,31250.0,31270.0,31235.0,31235.0,26,2025-04-16 05:48:00
1744782540,31235.0,31285.0,31235.0,31255.0,16,2025-04-16 05:49:00
1744782600,31255.0,31285.0,31250.0,31270.0,29,2025-04-16 05:50:00
1744782660,31270.0,31295.0,31250.0,31250.0,58,2025-04-16 05:51:00
1744782720,31250.0,31255.0,31250.0,31255.0,6,2025-04-16 05:52:00
1744782780,31255.0,31260.0,31255.0,31260.0,5,2025-04-16 05:53:00
1744782840,31260.0,31270.0,31260.0,31270.0,5,2025-04-16 05:54:00
1744782900,31265.0,31285.0,31250.0,31250.0,26,2025-04-16 05:55:00
1744782960,31225.0,31270.0,31225.0,31270.0,11,2025-04-16 05:56:00
1744783020,31270.0,31280.0,31270.0,31280.0,5,2025-04-16 05:57:00
1744783080,31280.0,31285.0,31280.0,31285.0,29,2025-04-16 05:58:00
1744783140,31285.0,31290.0,31285.0,31290.0,6,2025-04-16 05:59:00
1744783200,31290.0,31295.0,31265.0,31265.0,9,2025-04-16 06:00:00
1744783260,31265.0,31300.0,31260.0,31300.0,17,2025-04-16 06:01:00
1744783320,31300.0,31300.0,31265.0,31300.0,16,2025-04-16 06:02:00
1744783380,31300.0,31390.0,31250.0,31280.0,491,2025-04-16 06:03:00
1744783440,31260.0,31295.0,31255.0,31295.0,17,2025-04-16 06:04:00
1744783500,31335.0,31340.0,31305.0,31340.0,19,2025-04-16 06:05:00
1744783560,31340.0,31340.0,31340.0,31340.0,6,2025-04-16 06:06:00
1744783620,31340.0,31340.0,31300.0,31300.0,25,2025-04-16 06:07:00
1744783680,31300.0,31315.0,31300.0,31305.0,39,2025-04-16 06:08:00
1744783740,31305.0,31340.0,31305.0,31340.0,6,2025-04-16 06:09:00
1744783800,31340.0,31340.0,31305.0,31315.0,79,2025-04-16 06:10:00
1744783860,31315.0,31345.0,31315.0,31345.0,3,2025-04-16 06:11:00
1744783920,31345.0,31345.0,31315.0,31315.0,1,2025-04-16 06:12:00
1744783980,31315.0,31315.0,31315.0,31315.0,0,2025-04-16 06:13:00
1744784040,31315.0,31320.0,31315.0,31320.0,11,2025-04-16 06:14:00
1744784100,31320.0,31320.0,31320.0,31320.0,0,2025-04-16 06:15:00
1744784160,31320.0,31345.0,31305.0,31315.0,12,2025-04-16 06:16:00
1744784220,31315.0,31315.0,31280.0,31280.0,12,2025-04-16 06:17:00
1744784280,31280.0,31290.0,31280.0,31290.0,4,2025-04-16 06:18:00
1744784340,31290.0,31335.0,31290.0,31325.0,344,2025-04-16 06:19:00
1744784400,31325.0,31325.0,31320.0,31320.0,222,2025-04-16 06:20:00
1744784460,31320.0,31320.0,31320.0,31320.0,0,2025-04-16 06:21:00
1744784520,31320.0,31320.0,31305.0,31305.0,1,2025-04-16 06:22:00
1744784580,31305.0,31305.0,31305.0,31305.0,0,2025-04-16 06:23:00
1744784640,31305.0,31305.0,31305.0,31305.0,7,2025-04-16 06:24:00
1744784700,31305.0,31305.0,31305.0,31305.0,7,2025-04-16 06:25:00
1744784760,31305.0,31305.0,31305.0,31305.0,1,2025-04-16 06:26:00
1744784820,31305.0,31305.0,31305.0,31305.0,0,2025-04-16 06:27:00
1744784880,31305.0,31340.0,31305.0,31340.0,4,2025-04-16 06:28:00
1744784940,31340.0,31340.0,31305.0,31305.0,6,2025-04-16 06:29:00
1744785000,31305.0,31305.0,31305.0,31305.0,0,2025-04-16 06:30:00
1744785060,31305.0,31340.0,31305.0,31305.0,27,2025-04-16 06:31:00
1744785120,31305.0,31340.0,31305.0,31340.0,1,2025-04-16 06:32:00
1744785180,31340.0,31340.0,31340.0,31340.0,0,2025-04-16 06:33:00
1744785240,31340.0,31340.0,31305.0,31305.0,8,2025-04-16 06:34:00
1744785300,31305.0,31305.0,31305.0,31305.0,0,2025-04-16 06:35:00
1744785360,31305.0,31345.0,31305.0,31345.0,14,2025-04-16 06:36:00
1744785420,31345.0,31345.0,31310.0,31310.0,1,2025-04-16 06:37:00
1744785480,31310.0,31340.0,31305.0,31310.0,4,2025-04-16 06:38:00
1744785540,31310.0,31310.0,31310.0,31310.0,0,2025-04-16 06:39:00
1744785600,31310.0,31315.0,31310.0,31315.0,11,2025-04-16 06:40:00
1744785660,31315.0,31315.0,31315.0,31315.0,21,2025-04-16 06:41:00
1744785720,31315.0,31315.0,31315.0,31315.0,4,2025-04-16 06:42:00
1744785780,31315.0,31315.0,31310.0,31310.0,2,2025-04-16 06:43:00
1744785840,31310.0,31310.0,31310.0,31310.0,0,2025-04-16 06:44:00
1744785900,31310.0,31310.0,31310.0,31310.0,0,2025-04-16 06:45:00
1744785960,31310.0,31310.0,31310.0,31310.0,16,2025-04-16 06:46:00
1744786020,31310.0,31310.0,31310.0,31310.0,0,2025-04-16 06:47:00
1744786080,31310.0,31310.0,31310.0,31310.0,2,2025-04-16 06:48:00
1744786140,31310.0,31310.0,31310.0,31310.0,43,2025-04-16 06:49:00
1744786200,31310.0,31310.0,31310.0,31310.0,0,2025-04-16 06:50:00
1744786260,31310.0,31310.0,31310.0,31310.0,5,2025-04-16 06:51:00
1744786320,31310.0,31310.0,31305.0,31305.0,8,2025-04-16 06:52:00
1744786380,31305.0,31305.0,31305.0,31305.0,0,2025-04-16 06:53:00
1744786440,31305.0,31305.0,31305.0,31305.0,0,2025-04-16 06:54:00
1744786500,31305.0,31305.0,31305.0,31305.0,1,2025-04-16 06:55:00
1744786560,31305.0,31305.0,31305.0,31305.0,48,2025-04-16 06:56:00
1744786620,31305.0,31305.0,31305.0,31305.0,0,2025-04-16 06:57:00
1744786680,31305.0,31305.0,31305.0,31305.0,0,2025-04-16 06:58:00
1744786740,31305.0,31310.0,31305.0,31310.0,33,2025-04-16 06:59:00
1744786800,31310.0,31310.0,31305.0,31305.0,5,2025-04-16 07:00:00
1744786860,31305.0,31305.0,31305.0,31305.0,11,2025-04-16 07:01:00
1744786920,31305.0,31305.0,31305.0,31305.0,0,2025-04-16 07:02:00
1744786980,31305.0,31305.0,31305.0,31305.0,0,2025-04-16 07:03:00
1744787040,31305.0,31305.0,31305.0,31305.0,10,2025-04-16 07:04:00
1744787100,31305.0,31305.0,31305.0,31305.0,0,2025-04-16 07:05:00
1744787160,31305.0,31305.0,31305.0,31305.0,2,2025-04-16 07:06:00
1744787220,31305.0,31305.0,31305.0,31305.0,1,2025-04-16 07:07:00
1744787280,31305.0,31305.0,31305.0,31305.0,2,2025-04-16 07:08:00
1744787340,31305.0,31305.0,31305.0,31305.0,5,2025-04-16 07:09:00
1744787400,31305.0,31335.0,31305.0,31335.0,2,2025-04-16 07:10:00
1744787460,31335.0,31335.0,31335.0,31335.0,0,2025-04-16 07:11:00
1744787520,31335.0,31360.0,31305.0,31360.0,45,2025-04-16 07:12:00
1744787580,31360.0,31360.0,31360.0,31360.0,0,2025-04-16 07:13:00
1744787640,31365.0,31365.0,31330.0,31330.0,141,2025-04-16 07:14:00
1744787700,31335.0,31350.0,31335.0,31350.0,19,2025-04-16 07:15:00
1744787760,31350.0,31350.0,31335.0,31335.0,1,2025-04-16 07:16:00
1744787820,31335.0,31335.0,31335.0,31335.0,2,2025-04-16 07:17:00
1744787880,31335.0,31335.0,31335.0,31335.0,18,2025-04-16 07:18:00
1744787940,31335.0,31340.0,31335.0,31335.0,22,2025-04-16 07:19:00
1744788000,31335.0,31335.0,31320.0,31320.0,14,2025-04-16 07:20:00
1744788060,31320.0,31320.0,31250.0,31255.0,131,2025-04-16 07:21:00
1744788120,31255.0,31295.0,31240.0,31260.0,29,2025-04-16 07:22:00
1744788180,31260.0,31305.0,31260.0,31260.0,16,2025-04-16 07:23:00
1744788240,31260.0,31295.0,31245.0,31295.0,11,2025-04-16 07:24:00
1744788300,31295.0,31295.0,31295.0,31295.0,7,2025-04-16 07:25:00
1744788360,31295.0,31295.0,31295.0,31295.0,7,2025-04-16 07:26:00
1744788420,31295.0,31295.0,31295.0,31295.0,8,2025-04-16 07:27:00
1744788480,31295.0,31295.0,31295.0,31295.0,5,2025-04-16 07:28:00
1744788540,31295.0,31295.0,31295.0,31295.0,5,2025-04-16 07:29:00
1744788600,31295.0,31300.0,31255.0,31255.0,7,2025-04-16 07:30:00
1744788660,31255.0,31295.0,31250.0,31250.0,8,2025-04-16 07:31:00
1744788720,31250.0,31260.0,31250.0,31260.0,15,2025-04-16 07:32:00
1744788780,31260.0,31260.0,31260.0,31260.0,15,2025-04-16 07:33:00
1744788840,31260.0,31260.0,31250.0,31260.0,65,2025-04-16 07:34:00
1744788900,31260.0,31295.0,31200.0,31200.0,112,2025-04-16 07:35:00
1744788960,31200.0,31200.0,31165.0,31165.0,17,2025-04-16 07:36:00
1744789020,31155.0,31165.0,31155.0,31165.0,11,2025-04-16 07:37:00
1744789080,31165.0,31175.0,31160.0,31175.0,12,2025-04-16 07:38:00
1744789140,31175.0,31200.0,31155.0,31155.0,9,2025-04-16 07:39:00
1744789200,31155.0,31200.0,31155.0,31200.0,7,2025-04-16 07:40:00
1744789260,31200.0,31200.0,31165.0,31165.0,7,2025-04-16 07:41:00
1744789320,31165.0,31230.0,31140.0,31140.0,59,2025-04-16 07:42:00
1744789380,31140.0,31190.0,31140.0,31155.0,24,2025-04-16 07:43:00
1744789440,31155.0,31170.0,31155.0,31165.0,10,2025-04-16 07:44:00
1744789500,31165.0,31185.0,31155.0,31185.0,13,2025-04-16 07:45:00
1744789560,31185.0,31200.0,31100.0,31105.0,212,2025-04-16 07:46:00
1744789620,31105.0,31105.0,31055.0,31095.0,121,2025-04-16 07:47:00
1744789680,31095.0,31095.0,31055.0,31095.0,102,2025-04-16 07:48:00
1744789740,31095.0,31105.0,30995.0,30995.0,257,2025-04-16 07:49:00
1744789800,30995.0,31025.0,30980.0,30980.0,20,2025-04-16 07:50:00
1744789860,30980.0,30995.0,30960.0,30995.0,21,2025-04-16 07:51:00
1744789920,30995.0,31015.0,30990.0,31000.0,24,2025-04-16 07:52:00
1744789980,31000.0,31035.0,31000.0,31035.0,26,2025-04-16 07:53:00
1744790040,31035.0,31055.0,31030.0,31040.0,21,2025-04-16 07:54:00
1744790100,31040.0,31075.0,31035.0,31075.0,8,2025-04-16 07:55:00
1744790160,31075.0,31085.0,31075.0,31085.0,6,2025-04-16 07:56:00
1744790220,31085.0,31100.0,31085.0,31100.0,16,2025-04-16 07:57:00
1744790280,31100.0,31100.0,30985.0,31015.0,101,2025-04-16 07:58:00
1744790340,31015.0,31090.0,31005.0,31040.0,242,2025-04-16 07:59:00
1744790400,31040.0,31045.0,31020.0,31025.0,71,2025-04-16 08:00:00
1744790460,31025.0,31045.0,31010.0,31010.0,8,2025-04-16 08:01:00
1744790520,31010.0,31050.0,31010.0,31050.0,7,2025-04-16 08:02:00
1744790580,31050.0,31065.0,31005.0,31005.0,21,2025-04-16 08:03:00
1744790640,31005.0,31045.0,31000.0,31045.0,8,2025-04-16 08:04:00
1744790700,31045.0,31045.0,31045.0,31045.0,5,2025-04-16 08:05:00
1744790760,31045.0,31045.0,31015.0,31015.0,38,2025-04-16 08:06:00
1744790820,31055.0,31100.0,31050.0,31100.0,55,2025-04-16 08:07:00
1744790880,31100.0,31110.0,31100.0,31110.0,8,2025-04-16 08:08:00
1744790940,31110.0,31120.0,31110.0,31120.0,7,2025-04-16 08:09:00
1744791000,31120.0,31125.0,31085.0,31085.0,11,2025-04-16 08:10:00
1744791060,31130.0,31140.0,31100.0,31100.0,28,2025-04-16 08:11:00
1744791120,31100.0,31100.0,31100.0,31100.0,43,2025-04-16 08:12:00
1744791180,31110.0,31145.0,31110.0,31145.0,15,2025-04-16 08:13:00
1744791240,31145.0,31145.0,31145.0,31145.0,6,2025-04-16 08:14:00
1744791300,31145.0,31150.0,31115.0,31115.0,10,2025-04-16 08:15:00
1744791360,31115.0,31155.0,31115.0,31155.0,5,2025-04-16 08:16:00
1744791420,31155.0,31185.0,31130.0,31130.0,11,2025-04-16 08:17:00
1744791480,31130.0,31160.0,31130.0,31160.0,5,2025-04-16 08:18:00
1744791540,31160.0,31190.0,31130.0,31185.0,21,2025-04-16 08:19:00
1744791600,31185.0,31190.0,31155.0,31155.0,7,2025-04-16 08:20:00
1744791660,31155.0,31170.0,31135.0,31135.0,6,2025-04-16 08:21:00
1744791720,31135.0,31175.0,31135.0,31140.0,7,2025-04-16 08:22:00
1744791780,31140.0,31170.0,31135.0,31135.0,7,2025-04-16 08:23:00
1744791840,31135.0,31190.0,31135.0,31190.0,12,2025-04-16 08:24:00
1744791900,31190.0,31190.0,31190.0,31190.0,7,2025-04-16 08:25:00
1744791960,31190.0,31200.0,31190.0,31200.0,64,2025-04-16 08:26:00
1744792020,31200.0,31235.0,31135.0,31135.0,326,2025-04-16 08:27:00
1744792080,31135.0,31205.0,31135.0,31175.0,10,2025-04-16 08:28:00
1744792140,31175.0,31220.0,31175.0,31220.0,5,2025-04-16 08:29:00
1744792200,31220.0,31220.0,31220.0,31220.0,0,2025-04-16 08:30:00
1744792260,31220.0,31220.0,31220.0,31220.0,0,2025-04-16 08:31:00
1744792320,31220.0,31220.0,31170.0,31170.0,5,2025-04-16 08:32:00
1744792380,31170.0,31170.0,31170.0,31170.0,0,2025-04-16 08:33:00
1744792440,31170.0,31190.0,31170.0,31190.0,14,2025-04-16 08:34:00
1744792500,31150.0,31150.0,31150.0,31150.0,1,2025-04-16 08:35:00
1744792560,31150.0,31150.0,31150.0,31150.0,0,2025-04-16 08:36:00
1744792620,31150.0,31150.0,31150.0,31150.0,0,2025-04-16 08:37:00
1744792680,31150.0,31175.0,31150.0,31170.0,26,2025-04-16 08:38:00
1744792740,31170.0,31170.0,31135.0,31135.0,10,2025-04-16 08:39:00
1744792800,31135.0,31135.0,31135.0,31135.0,0,2025-04-16 08:40:00
1744792860,31135.0,31135.0,31135.0,31135.0,0,2025-04-16 08:41:00
1744792920,31135.0,31135.0,31105.0,31105.0,3,2025-04-16 08:42:00
1744792980,31105.0,31105.0,31105.0,31105.0,0,2025-04-16 08:43:00
1744793040,31105.0,31105.0,31105.0,31105.0,2,2025-04-16 08:44:00
1744793100,31105.0,31105.0,31105.0,31105.0,0,2025-04-16 08:45:00
1744793160,31105.0,31105.0,31105.0,31105.0,0,2025-04-16 08:46:00
1744793220,31105.0,31120.0,31100.0,31120.0,7,2025-04-16 08:47:00
1744793280,31120.0,31120.0,31085.0,31085.0,3,2025-04-16 08:48:00
1744793340,31085.0,31090.0,31085.0,31090.0,1,2025-04-16 08:49:00
1744793400,31090.0,31090.0,31085.0,31085.0,1,2025-04-16 08:50:00
1744793460,31085.0,31150.0,31085.0,31110.0,19,2025-04-16 08:51:00
1744793520,31110.0,31110.0,30960.0,30960.0,235,2025-04-16 08:52:00
1744793580,30960.0,30985.0,30960.0,30980.0,6,2025-04-16 08:53:00
1744793640,30940.0,30955.0,30930.0,30940.0,20,2025-04-16 08:54:00
1744793700,30940.0,30950.0,30900.0,30950.0,51,2025-04-16 08:55:00
1744793760,30950.0,30990.0,30920.0,30990.0,13,2025-04-16 08:56:00
1744793820,30990.0,30995.0,30955.0,30955.0,12,2025-04-16 08:57:00
1744793880,30955.0,30995.0,30955.0,30995.0,9,2025-04-16 08:58:00
1744793940,30995.0,30995.0,30970.0,30990.0,7,2025-04-16 08:59:00
1744794000,30995.0,31000.0,30965.0,30995.0,11,2025-04-16 09:00:00
1744794060,31000.0,31000.0,30930.0,30965.0,110,2025-04-16 09:01:00
1744794120,30965.0,31075.0,30945.0,30980.0,86,2025-04-16 09:02:00
1744794180,30980.0,31045.0,30980.0,31005.0,14,2025-04-16 09:03:00
1744794240,31005.0,31010.0,31000.0,31000.0,6,2025-04-16 09:04:00
1744794300,31000.0,31000.0,30915.0,30945.0,85,2025-04-16 09:05:00
1744794360,30945.0,30995.0,30945.0,30995.0,5,2025-04-16 09:06:00
1744794420,30955.0,30995.0,30955.0,30995.0,6,2025-04-16 09:07:00
1744794480,30995.0,30995.0,30960.0,30995.0,9,2025-04-16 09:08:00
1744794540,30995.0,30995.0,30955.0,30990.0,9,2025-04-16 09:09:00
1744794600,30990.0,30990.0,30985.0,30985.0,5,2025-04-16 09:10:00
1744794660,30985.0,30990.0,30955.0,30985.0,7,2025-04-16 09:11:00
1744794720,30985.0,30990.0,30985.0,30990.0,5,2025-04-16 09:12:00
1744794780,30990.0,30990.0,30990.0,30990.0,5,2025-04-16 09:13:00
1744794840,30990.0,30990.0,30990.0,30990.0,6,2025-04-16 09:14:00
1744794900,30985.0,30985.0,30980.0,30985.0,5,2025-04-16 09:15:00
1744794960,30950.0,30980.0,30940.0,30940.0,11,2025-04-16 09:16:00
1744795020,30975.0,30990.0,30950.0,30985.0,16,2025-04-16 09:17:00
1744795080,30990.0,30990.0,30900.0,30900.0,78,2025-04-16 09:18:00
1744795140,30900.0,30925.0,30885.0,30925.0,12,2025-04-16 09:19:00
1744795200,30925.0,30930.0,30885.0,30915.0,17,2025-04-16 09:20:00
1744795260,30910.0,30920.0,30885.0,30920.0,17,2025-04-16 09:21:00
1744795320,30940.0,30980.0,30940.0,30980.0,7,2025-04-16 09:22:00
1744795380,30990.0,30990.0,30985.0,30990.0,11,2025-04-16 09:23:00
1744795440,30990.0,30995.0,30930.0,30975.0,13,2025-04-16 09:24:00
1744795500,30975.0,31000.0,30975.0,31000.0,11,2025-04-16 09:25:00
1744795560,30995.0,31000.0,30995.0,31000.0,48,2025-04-16 09:26:00
1744795620,30995.0,30995.0,30950.0,30995.0,11,2025-04-16 09:27:00
1744795680,30995.0,30995.0,30985.0,30995.0,8,2025-04-16 09:28:00
1744795740,30995.0,30995.0,30985.0,30995.0,6,2025-04-16 09:29:00
1744795800,30995.0,31000.0,30970.0,31000.0,12,2025-04-16 09:30:00
1744795860,30995.0,30995.0,30940.0,30990.0,9,2025-04-16 09:31:00
1744795920,30990.0,30990.0,30850.0,30865.0,167,2025-04-16 09:32:00
1744795980,30865.0,30905.0,30435.0,30605.0,765,2025-04-16 09:33:00
1744796040,30605.0,30760.0,30605.0,30760.0,28,2025-04-16 09:34:00
1744796100,30795.0,30800.0,30760.0,30770.0,13,2025-04-16 09:35:00
1744796160,30770.0,30770.0,30715.0,30755.0,25,2025-04-16 09:36:00
1744796220,30750.0,30765.0,30750.0,30765.0,6,2025-04-16 09:37:00
1744796280,30765.0,30765.0,30730.0,30760.0,54,2025-04-16 09:38:00
1744796340,30760.0,30795.0,30750.0,30795.0,23,2025-04-16 09:39:00
1744796400,30795.0,30815.0,30750.0,30775.0,34,2025-04-16 09:40:00
1744796460,30790.0,30790.0,30770.0,30775.0,15,2025-04-16 09:41:00
1744796520,30770.0,30770.0,30760.0,30760.0,6,2025-04-16 09:42:00
1744796580,30710.0,30765.0,30710.0,30760.0,11,2025-04-16 09:43:00
1744796640,30760.0,30760.0,30710.0,30755.0,12,2025-04-16 09:44:00
1744796700,30755.0,30755.0,30715.0,30755.0,16,2025-04-16 09:45:00
1744796760,30715.0,30755.0,30710.0,30710.0,33,2025-04-16 09:46:00
1744796820,30710.0,30760.0,30710.0,30720.0,28,2025-04-16 09:47:00
1744796880,30765.0,30780.0,30715.0,30770.0,60,2025-04-16 09:48:00
1744796940,30775.0,30780.0,30725.0,30735.0,18,2025-04-16 09:49:00
1744797000,30750.0,30785.0,30705.0,30765.0,146,2025-04-16 09:50:00
1744797060,30715.0,30770.0,30715.0,30720.0,10,2025-04-16 09:51:00
1744797120,30720.0,30770.0,30720.0,30770.0,10,2025-04-16 09:52:00
1744797180,30770.0,30785.0,30740.0,30785.0,31,2025-04-16 09:53:00
1744797240,30780.0,30785.0,30740.0,30770.0,10,2025-04-16 09:54:00
1744797300,30770.0,30775.0,30710.0,30710.0,38,2025-04-16 09:55:00
1744797360,30710.0,30790.0,30710.0,30710.0,12,2025-04-16 09:56:00
1744797420,30790.0,30790.0,30725.0,30790.0,17,2025-04-16 09:57:00
1744797480,30790.0,30875.0,30755.0,30865.0,7,2025-04-16 09:58:00
1744797540,30850.0,30850.0,30755.0,30760.0,26,2025-04-16 09:59:00
1744861500,30755.0,30970.0,30755.0,30915.0,92,2025-04-17 03:45:00
1744861560,30915.0,30975.0,30915.0,30940.0,26,2025-04-17 03:46:00
1744861620,30940.0,30960.0,30910.0,30960.0,21,2025-04-17 03:47:00
1744861680,30960.0,30960.0,30890.0,30905.0,78,2025-04-17 03:48:00
1744861740,30840.0,30875.0,30790.0,30790.0,23,2025-04-17 03:49:00
1744861800,30790.0,30835.0,30790.0,30835.0,2,2025-04-17 03:50:00
1744861860,30835.0,30835.0,30800.0,30835.0,7,2025-04-17 03:51:00
1744861920,30790.0,30790.0,30655.0,30715.0,104,2025-04-17 03:52:00
1744861980,30715.0,30720.0,30705.0,30705.0,20,2025-04-17 03:53:00
1744862040,30705.0,30715.0,30700.0,30715.0,27,2025-04-17 03:54:00
1744862100,30715.0,30735.0,30685.0,30685.0,24,2025-04-17 03:55:00
1744862160,30685.0,30775.0,30685.0,30775.0,16,2025-04-17 03:56:00
1744862220,30775.0,30820.0,30775.0,30775.0,27,2025-04-17 03:57:00
1744862280,30775.0,30775.0,30775.0,30775.0,8,2025-04-17 03:58:00
1744862340,30735.0,30760.0,30735.0,30760.0,11,2025-04-17 03:59:00
1744862400,30760.0,30760.0,30760.0,30760.0,0,2025-04-17 04:00:00
1744862460,30760.0,30800.0,30760.0,30800.0,6,2025-04-17 04:01:00
1744862520,30800.0,30830.0,30800.0,30810.0,12,2025-04-17 04:02:00
1744862580,30845.0,30855.0,30815.0,30815.0,51,2025-04-17 04:03:00
1744862640,30815.0,30815.0,30760.0,30775.0,23,2025-04-17 04:04:00
1744862700,30745.0,30745.0,30745.0,30745.0,1,2025-04-17 04:05:00
1744862760,30745.0,30790.0,30745.0,30790.0,1,2025-04-17 04:06:00
1744862820,30765.0,30765.0,30750.0,30750.0,3,2025-04-17 04:07:00
1744862880,30750.0,30750.0,30750.0,30750.0,0,2025-04-17 04:08:00
1744862940,30750.0,30810.0,30595.0,30645.0,96,2025-04-17 04:09:00
1744863000,30645.0,30645.0,30645.0,30645.0,0,2025-04-17 04:10:00
1744863060,30645.0,30865.0,30600.0,30865.0,221,2025-04-17 04:11:00
1744863120,30820.0,30820.0,30805.0,30810.0,26,2025-04-17 04:12:00
1744863180,30810.0,30810.0,30810.0,30810.0,3,2025-04-17 04:13:00
1744863240,30810.0,30850.0,30810.0,30850.0,27,2025-04-17 04:14:00
1744863300,30850.0,30875.0,30830.0,30850.0,17,2025-04-17 04:15:00
1744863360,30850.0,30855.0,30850.0,30855.0,12,2025-04-17 04:16:00
1744863420,30855.0,30855.0,30780.0,30780.0,7,2025-04-17 04:17:00
1744863480,30780.0,30790.0,30760.0,30790.0,17,2025-04-17 04:18:00
1744863540,30790.0,30790.0,30770.0,30770.0,2,2025-04-17 04:19:00
1744863600,30770.0,30800.0,30770.0,30800.0,1,2025-04-17 04:20:00
1744863660,30800.0,30800.0,30800.0,30800.0,1,2025-04-17 04:21:00
1744863720,30800.0,30800.0,30800.0,30800.0,1,2025-04-17 04:22:00
1744863780,30800.0,30800.0,30800.0,30800.0,0,2025-04-17 04:23:00
1744863840,30800.0,30885.0,30800.0,30885.0,113,2025-04-17 04:24:00
1744863900,30885.0,30900.0,30865.0,30865.0,5,2025-04-17 04:25:00
1744863960,30900.0,30920.0,30895.0,30895.0,30,2025-04-17 04:26:00
1744864020,30895.0,30920.0,30870.0,30870.0,8,2025-04-17 04:27:00
1744864080,30870.0,30875.0,30870.0,30875.0,1,2025-04-17 04:28:00
1744864140,30875.0,30920.0,30875.0,30915.0,26,2025-04-17 04:29:00
1744864200,30915.0,30915.0,30890.0,30890.0,3,2025-04-17 04:30:00
1744864260,30910.0,30910.0,30910.0,30910.0,3,2025-04-17 04:31:00
1744864320,30910.0,30910.0,30855.0,30855.0,139,2025-04-17 04:32:00
1744864380,30855.0,30855.0,30850.0,30850.0,13,2025-04-17 04:33:00
1744864440,30860.0,30860.0,30860.0,30860.0,15,2025-04-17 04:34:00
1744864500,30860.0,30900.0,30860.0,30900.0,71,2025-04-17 04:35:00
1744864560,30900.0,30900.0,30870.0,30870.0,2,2025-04-17 04:36:00
1744864620,30870.0,30870.0,30860.0,30860.0,1,2025-04-17 04:37:00
1744864680,30860.0,30860.0,30825.0,30825.0,1,2025-04-17 04:38:00
1744864740,30825.0,30825.0,30825.0,30825.0,4,2025-04-17 04:39:00
1744864800,30800.0,30825.0,30800.0,30825.0,2,2025-04-17 04:40:00
1744864860,30850.0,30850.0,30825.0,30845.0,11,2025-04-17 04:41:00
1744864920,30845.0,30850.0,30845.0,30850.0,16,2025-04-17 04:42:00
1744864980,30850.0,30865.0,30845.0,30865.0,24,2025-04-17 04:43:00
1744865040,30865.0,30865.0,30835.0,30835.0,1,2025-04-17 04:44:00
1744865100,30835.0,30835.0,30835.0,30835.0,0,2025-04-17 04:45:00
1744865160,30835.0,30835.0,30810.0,30810.0,7,2025-04-17 04:46:00
1744865220,30810.0,30815.0,30810.0,30815.0,1,2025-04-17 04:47:00
1744865280,30815.0,30850.0,30815.0,30850.0,3,2025-04-17 04:48:00
1744865340,30850.0,30885.0,30850.0,30855.0,20,2025-04-17 04:49:00
1744865400,30855.0,30890.0,30855.0,30890.0,6,2025-04-17 04:50:00
1744865460,30850.0,30895.0,30850.0,30895.0,6,2025-04-17 04:51:00
1744865520,30895.0,30895.0,30870.0,30870.0,1,2025-04-17 04:52:00
1744865580,30870.0,30870.0,30815.0,30825.0,51,2025-04-17 04:53:00
1744865640,30825.0,30825.0,30825.0,30825.0,5,2025-04-17 04:54:00
1744865700,30825.0,30830.0,30825.0,30830.0,1,2025-04-17 04:55:00
1744865760,30830.0,30830.0,30830.0,30830.0,0,2025-04-17 04:56:00
1744865820,30830.0,30830.0,30800.0,30800.0,31,2025-04-17 04:57:00
1744865880,30800.0,30840.0,30800.0,30840.0,1,2025-04-17 04:58:00
1744865940,30815.0,30815.0,30815.0,30815.0,1,2025-04-17 04:59:00
1744866000,30815.0,30815.0,30810.0,30810.0,1,2025-04-17 05:00:00
1744866060,30810.0,30865.0,30810.0,30865.0,6,2025-04-17 05:01:00
1744866120,30820.0,30830.0,30820.0,30830.0,4,2025-04-17 05:02:00
1744866180,30830.0,30830.0,30820.0,30820.0,1,2025-04-17 05:03:00
1744866240,30820.0,30830.0,30820.0,30830.0,1,2025-04-17 05:04:00
1744866300,30830.0,30830.0,30820.0,30820.0,1,2025-04-17 05:05:00
1744866360,30820.0,30865.0,30820.0,30820.0,5,2025-04-17 05:06:00
1744866420,30820.0,30820.0,30820.0,30820.0,0,2025-04-17 05:07:00
1744866480,30820.0,30820.0,30810.0,30810.0,1,2025-04-17 05:08:00
1744866540,30810.0,30855.0,30810.0,30855.0,3,2025-04-17 05:09:00
1744866600,30815.0,30865.0,30815.0,30865.0,6,2025-04-17 05:10:00
1744866660,30865.0,30970.0,30865.0,30910.0,74,2025-04-17 05:11:00
1744866720,30910.0,30970.0,30905.0,30970.0,10,2025-04-17 05:12:00
1744866780,30970.0,30970.0,30925.0,30925.0,8,2025-04-17 05:13:00
1744866840,30925.0,30925.0,30905.0,30905.0,5,2025-04-17 05:14:00
1744866900,30905.0,30905.0,30905.0,30905.0,0,2025-04-17 05:15:00
1744866960,30905.0,30935.0,30905.0,30935.0,2,2025-04-17 05:16:00
1744867020,30945.0,30945.0,30910.0,30910.0,10,2025-04-17 05:17:00
1744867080,30910.0,30910.0,30910.0,30910.0,0,2025-04-17 05:18:00
1744867140,30910.0,30915.0,30910.0,30915.0,1,2025-04-17 05:19:00
1744867200,30915.0,30915.0,30915.0,30915.0,0,2025-04-17 05:20:00
1744867260,30915.0,30915.0,30910.0,30910.0,1,2025-04-17 05:21:00
1744867320,30910.0,30915.0,30910.0,30910.0,2,2025-04-17 05:22:00
1744867380,30910.0,30910.0,30910.0,30910.0,0,2025-04-17 05:23:00
1744867440,30910.0,30910.0,30910.0,30910.0,1,2025-04-17 05:24:00
1744867500,30910.0,30915.0,30910.0,30915.0,1,2025-04-17 05:25:00
1744867560,30915.0,30915.0,30910.0,30915.0,3,2025-04-17 05:26:00
1744867620,30910.0,30910.0,30880.0,30880.0,18,2025-04-17 05:27:00
1744867680,30880.0,30930.0,30880.0,30930.0,5,2025-04-17 05:28:00
1744867740,30870.0,30915.0,30870.0,30915.0,2,2025-04-17 05:29:00
1744867800,30915.0,30920.0,30915.0,30920.0,2,2025-04-17 05:30:00
1744867860,30920.0,30930.0,30920.0,30930.0,5,2025-04-17 05:31:00
1744867920,30930.0,30930.0,30885.0,30885.0,1,2025-04-17 05:32:00
1744867980,30885.0,30885.0,30880.0,30880.0,1,2025-04-17 05:33:00
1744868040,30880.0,30940.0,30880.0,30940.0,1,2025-04-17 05:34:00
1744868100,30940.0,30940.0,30880.0,30880.0,1,2025-04-17 05:35:00
1744868160,30880.0,30925.0,30880.0,30885.0,2,2025-04-17 05:36:00
1744868220,30885.0,30885.0,30885.0,30885.0,5,2025-04-17 05:37:00
1744868280,30885.0,30885.0,30885.0,30885.0,1,2025-04-17 05:38:00
1744868340,30925.0,30925.0,30925.0,30925.0,1,2025-04-17 05:39:00
1744868400,30925.0,30925.0,30925.0,30925.0,1,2025-04-17 05:40:00
1744868460,30925.0,30925.0,30875.0,30875.0,2,2025-04-17 05:41:00
1744868520,30875.0,30910.0,30870.0,30910.0,6,2025-04-17 05:42:00
1744868580,30910.0,30910.0,30860.0,30865.0,7,2025-04-17 05:43:00
1744868640,30865.0,30905.0,30860.0,30860.0,3,2025-04-17 05:44:00
1744868700,30860.0,30915.0,30860.0,30915.0,26,2025-04-17 05:45:00
1744868760,30915.0,30920.0,30875.0,30920.0,2,2025-04-17 05:46:00
1744868820,30920.0,30920.0,30865.0,30865.0,9,2025-04-17 05:47:00
1744868880,30865.0,30875.0,30830.0,30830.0,28,2025-04-17 05:48:00
1744868940,30830.0,30890.0,30830.0,30890.0,5,2025-04-17 05:49:00
1744869000,30890.0,30890.0,30890.0,30890.0,0,2025-04-17 05:50:00
1744869060,30880.0,30880.0,30835.0,30835.0,5,2025-04-17 05:51:00
1744869120,30835.0,30885.0,30835.0,30885.0,3,2025-04-17 05:52:00
1744869180,30885.0,30885.0,30880.0,30880.0,1,2025-04-17 05:53:00
1744869240,30880.0,30880.0,30825.0,30870.0,7,2025-04-17 05:54:00
1744869300,30870.0,30875.0,30840.0,30875.0,3,2025-04-17 05:55:00
1744869360,30830.0,30885.0,30830.0,30880.0,4,2025-04-17 05:56:00
1744869420,30880.0,30885.0,30840.0,30885.0,2,2025-04-17 05:57:00
1744869480,30885.0,30915.0,30885.0,30910.0,14,2025-04-17 05:58:00
1744869540,30910.0,30910.0,30875.0,30890.0,2,2025-04-17 05:59:00
1744869600,30890.0,30925.0,30890.0,30910.0,34,2025-04-17 06:00:00
1744869660,30910.0,30910.0,30860.0,30860.0,7,2025-04-17 06:01:00
1744869720,30860.0,30905.0,30860.0,30865.0,2,2025-04-17 06:02:00
1744869780,30865.0,30905.0,30855.0,30855.0,2,2025-04-17 06:03:00
1744869840,30855.0,30895.0,30855.0,30855.0,4,2025-04-17 06:04:00
1744869900,30855.0,30885.0,30855.0,30885.0,1,2025-04-17 06:05:00
1744869960,30885.0,30895.0,30885.0,30895.0,1,2025-04-17 06:06:00
1744870020,30895.0,30905.0,30860.0,30905.0,2,2025-04-17 06:07:00
1744870080,30905.0,30905.0,30835.0,30885.0,14,2025-04-17 06:08:00
1744870140,30885.0,30900.0,30885.0,30900.0,1,2025-04-17 06:09:00
1744870200,30900.0,30900.0,30855.0,30895.0,2,2025-04-17 06:10:00
1744870260,30895.0,30900.0,30860.0,30900.0,4,2025-04-17 06:11:00
1744870320,30900.0,30900.0,30900.0,30900.0,0,2025-04-17 06:12:00
1744870380,30915.0,30915.0,30860.0,30860.0,2,2025-04-17 06:13:00
1744870440,30860.0,30905.0,30860.0,30905.0,1,2025-04-17 06:14:00
1744870500,30865.0,30895.0,30865.0,30895.0,2,2025-04-17 06:15:00
1744870560,30895.0,30895.0,30855.0,30855.0,2,2025-04-17 06:16:00
1744870620,30855.0,30890.0,30855.0,30890.0,2,2025-04-17 06:17:00
1744870680,30890.0,30890.0,30850.0,30890.0,6,2025-04-17 06:18:00
1744870740,30850.0,30890.0,30850.0,30890.0,5,2025-04-17 06:19:00
1744870800,30890.0,30895.0,30890.0,30895.0,2,2025-04-17 06:20:00
1744870860,30895.0,30910.0,30865.0,30910.0,2,2025-04-17 06:21:00
1744870920,30910.0,30910.0,30855.0,30900.0,5,2025-04-17 06:22:00
1744870980,30900.0,30900.0,30860.0,30860.0,2,2025-04-17 06:23:00
1744871040,30910.0,30920.0,30865.0,30865.0,13,2025-04-17 06:24:00
1744871100,30865.0,30890.0,30820.0,30820.0,36,2025-04-17 06:25:00
1744871160,30820.0,30865.0,30820.0,30865.0,2,2025-04-17 06:26:00
1744871220,30865.0,30870.0,30825.0,30825.0,2,2025-04-17 06:27:00
1744871280,30825.0,30870.0,30825.0,30830.0,5,2025-04-17 06:28:00
1744871340,30830.0,30880.0,30830.0,30880.0,2,2025-04-17 06:29:00
1744871400,30880.0,30895.0,30830.0,30895.0,22,2025-04-17 06:30:00
1744871460,30895.0,30895.0,30870.0,30880.0,3,2025-04-17 06:31:00
1744871520,30880.0,30885.0,30845.0,30885.0,2,2025-04-17 06:32:00
1744871580,30885.0,30890.0,30885.0,30890.0,1,2025-04-17 06:33:00
1744871640,30855.0,30855.0,30850.0,30850.0,7,2025-04-17 06:34:00
1744871700,30850.0,30880.0,30845.0,30845.0,3,2025-04-17 06:35:00
1744871760,30880.0,30890.0,30845.0,30845.0,32,2025-04-17 06:36:00
1744871820,30845.0,30895.0,30845.0,30855.0,37,2025-04-17 06:37:00
1744871880,30855.0,30880.0,30850.0,30850.0,2,2025-04-17 06:38:00
1744871940,30850.0,30890.0,30840.0,30840.0,13,2025-04-17 06:39:00
1744872000,30840.0,30875.0,30840.0,30875.0,2,2025-04-17 06:40:00
1744872060,30875.0,30875.0,30825.0,30825.0,4,2025-04-17 06:41:00
1744872120,30825.0,30825.0,30730.0,30760.0,30,2025-04-17 06:42:00
1744872180,30760.0,30770.0,30725.0,30770.0,2,2025-04-17 06:43:00
1744872240,30725.0,30820.0,30725.0,30795.0,41,2025-04-17 06:44:00
1744872300,30765.0,30770.0,30750.0,30750.0,3,2025-04-17 06:45:00
1744872360,30750.0,30800.0,30750.0,30750.0,18,2025-04-17 06:46:00
1744872420,30750.0,30800.0,30750.0,30800.0,1,2025-04-17 06:47:00
1744872480,30800.0,30800.0,30775.0,30775.0,9,2025-04-17 06:48:00
1744872540,30775.0,30800.0,30760.0,30760.0,8,2025-04-17 06:49:00
1744872600,30760.0,30770.0,30725.0,30725.0,61,2025-04-17 06:50:00
1744872660,30725.0,30755.0,30725.0,30730.0,5,2025-04-17 06:51:00
1744872720,30730.0,30765.0,30730.0,30765.0,1,2025-04-17 06:52:00
1744872780,30730.0,30750.0,30730.0,30750.0,2,2025-04-17 06:53:00
1744872840,30750.0,30775.0,30735.0,30775.0,2,2025-04-17 06:54:00
1744872900,30775.0,30780.0,30775.0,30780.0,1,2025-04-17 06:55:00
1744872960,30780.0,30780.0,30730.0,30730.0,6,2025-04-17 06:56:00
1744873020,30725.0,30765.0,30725.0,30725.0,27,2025-04-17 06:57:00
1744873080,30725.0,30755.0,30725.0,30740.0,13,2025-04-17 06:58:00
1744873140,30740.0,30770.0,30735.0,30735.0,4,2025-04-17 06:59:00
1744873200,30735.0,30735.0,30710.0,30710.0,39,2025-04-17 07:00:00
1744873260,30710.0,30715.0,30665.0,30715.0,92,2025-04-17 07:01:00
1744873320,30755.0,30780.0,30725.0,30780.0,13,2025-04-17 07:02:00
1744873380,30780.0,30780.0,30730.0,30740.0,4,2025-04-17 07:03:00
1744873440,30740.0,30770.0,30730.0,30735.0,5,2025-04-17 07:04:00
1744873500,30735.0,30765.0,30730.0,30765.0,3,2025-04-17 07:05:00
1744873560,30765.0,30780.0,30730.0,30775.0,6,2025-04-17 07:06:00
1744873620,30775.0,30780.0,30735.0,30780.0,6,2025-04-17 07:07:00
1744873680,30735.0,30735.0,30720.0,30725.0,24,2025-04-17 07:08:00
1744873740,30725.0,30795.0,30725.0,30750.0,22,2025-04-17 07:09:00
1744873800,30750.0,30780.0,30745.0,30745.0,2,2025-04-17 07:10:00
1744873860,30745.0,30790.0,30745.0,30750.0,2,2025-04-17 07:11:00
1744873920,30745.0,30780.0,30745.0,30780.0,3,2025-04-17 07:12:00
1744873980,30740.0,30780.0,30740.0,30745.0,4,2025-04-17 07:13:00
1744874040,30745.0,30785.0,30745.0,30745.0,2,2025-04-17 07:14:00
1744874100,30745.0,30785.0,30740.0,30785.0,4,2025-04-17 07:15:00
1744874160,30785.0,30795.0,30750.0,30790.0,4,2025-04-17 07:16:00
1744874220,30790.0,30795.0,30750.0,30795.0,2,2025-04-17 07:17:00
1744874280,30755.0,30760.0,30755.0,30760.0,3,2025-04-17 07:18:00
1744874340,30795.0,30795.0,30760.0,30760.0,3,2025-04-17 07:19:00
1744874400,30760.0,30790.0,30755.0,30755.0,8,2025-04-17 07:20:00
1744874460,30755.0,30785.0,30705.0,30705.0,22,2025-04-17 07:21:00
1744874520,30705.0,30765.0,30705.0,30755.0,7,2025-04-17 07:22:00
1744874580,30705.0,30760.0,30705.0,30730.0,20,2025-04-17 07:23:00
1744874640,30730.0,30760.0,30715.0,30715.0,12,2025-04-17 07:24:00
1744874700,30715.0,30765.0,30715.0,30765.0,3,2025-04-17 07:25:00
1744874760,30765.0,30765.0,30720.0,30760.0,3,2025-04-17 07:26:00
1744874820,30760.0,30760.0,30705.0,30735.0,8,2025-04-17 07:27:00
1744874880,30710.0,30755.0,30710.0,30755.0,4,2025-04-17 07:28:00
1744874940,30755.0,30755.0,30710.0,30750.0,3,2025-04-17 07:29:00
1744875000,30750.0,30750.0,30710.0,30710.0,3,2025-04-17 07:30:00
1744875060,30710.0,30750.0,30710.0,30745.0,6,2025-04-17 07:31:00
1744875120,30745.0,30745.0,30710.0,30710.0,3,2025-04-17 07:32:00
1744875180,30710.0,30745.0,30710.0,30710.0,3,2025-04-17 07:33:00
1744875240,30710.0,30745.0,30705.0,30705.0,3,2025-04-17 07:34:00
1744875300,30705.0,30745.0,30705.0,30710.0,3,2025-04-17 07:35:00
1744875360,30710.0,30750.0,30705.0,30750.0,6,2025-04-17 07:36:00
1744875420,30750.0,30750.0,30705.0,30745.0,4,2025-04-17 07:37:00
1744875480,30745.0,30745.0,30710.0,30710.0,3,2025-04-17 07:38:00
1744875540,30710.0,30740.0,30700.0,30740.0,2,2025-04-17 07:39:00
1744875600,30740.0,30740.0,30700.0,30700.0,2,2025-04-17 07:40:00
1744875660,30740.0,30740.0,30695.0,30695.0,2,2025-04-17 07:41:00
1744875720,30695.0,30735.0,30690.0,30695.0,3,2025-04-17 07:42:00
1744875780,30695.0,30735.0,30695.0,30695.0,6,2025-04-17 07:43:00
1744875840,30695.0,30735.0,30695.0,30705.0,2,2025-04-17 07:44:00
1744875900,30705.0,30740.0,30695.0,30705.0,3,2025-04-17 07:45:00
1744875960,30705.0,30735.0,30695.0,30705.0,14,2025-04-17 07:46:00
1744876020,30705.0,30735.0,30700.0,30705.0,5,2025-04-17 07:47:00
1744876080,30705.0,30740.0,30700.0,30700.0,6,2025-04-17 07:48:00
1744876140,30700.0,30745.0,30700.0,30740.0,11,2025-04-17 07:49:00
1744876200,30740.0,30745.0,30705.0,30745.0,16,2025-04-17 07:50:00
1744876260,30745.0,30745.0,30705.0,30705.0,3,2025-04-17 07:51:00
1744876320,30705.0,30745.0,30705.0,30710.0,2,2025-04-17 07:52:00
1744876380,30705.0,30750.0,30705.0,30715.0,11,2025-04-17 07:53:00
1744876440,30715.0,30750.0,30710.0,30710.0,3,2025-04-17 07:54:00
1744876500,30710.0,30745.0,30690.0,30690.0,28,2025-04-17 07:55:00
1744876560,30690.0,30690.0,30650.0,30655.0,11,2025-04-17 07:56:00
1744876620,30655.0,30695.0,30620.0,30635.0,24,2025-04-17 07:57:00
1744876680,30635.0,30690.0,30635.0,30690.0,4,2025-04-17 07:58:00
1744876740,30690.0,30690.0,30655.0,30675.0,5,2025-04-17 07:59:00
1744876800,30670.0,30675.0,30660.0,30660.0,5,2025-04-17 08:00:00
1744876860,30660.0,30690.0,30635.0,30660.0,11,2025-04-17 08:01:00
1744876920,30660.0,30690.0,30635.0,30690.0,9,2025-04-17 08:02:00
1744876980,30690.0,30690.0,30640.0,30640.0,3,2025-04-17 08:03:00
1744877040,30640.0,30665.0,30635.0,30640.0,9,2025-04-17 08:04:00
1744877100,30640.0,30640.0,30580.0,30580.0,158,2025-04-17 08:05:00
1744877160,30580.0,30600.0,30580.0,30580.0,9,2025-04-17 08:06:00
1744877220,30580.0,30600.0,30580.0,30600.0,7,2025-04-17 08:07:00
1744877280,30600.0,30615.0,30595.0,30615.0,16,2025-04-17 08:08:00
1744877340,30650.0,30650.0,30610.0,30640.0,6,2025-04-17 08:09:00
1744877400,30620.0,30640.0,30620.0,30640.0,12,2025-04-17 08:10:00
1744877460,30640.0,30655.0,30620.0,30655.0,5,2025-04-17 08:11:00
1744877520,30655.0,30655.0,30620.0,30625.0,6,2025-04-17 08:12:00
1744877580,30625.0,30665.0,30620.0,30630.0,9,2025-04-17 08:13:00
1744877640,30630.0,30645.0,30625.0,30625.0,3,2025-04-17 08:14:00
1744877700,30625.0,30720.0,30625.0,30720.0,71,2025-04-17 08:15:00
1744877760,30720.0,30780.0,30720.0,30740.0,18,2025-04-17 08:16:00
1744877820,30740.0,30790.0,30740.0,30785.0,6,2025-04-17 08:17:00
1744877880,30785.0,30785.0,30780.0,30780.0,3,2025-04-17 08:18:00
1744877940,30780.0,30785.0,30780.0,30785.0,4,2025-04-17 08:19:00
1744878000,30765.0,30845.0,30765.0,30845.0,24,2025-04-17 08:20:00
1744878060,30845.0,30845.0,30770.0,30795.0,13,2025-04-17 08:21:00
1744878120,30795.0,30815.0,30795.0,30815.0,1,2025-04-17 08:22:00
1744878180,30815.0,30830.0,30795.0,30830.0,4,2025-04-17 08:23:00
1744878240,30830.0,30830.0,30795.0,30795.0,3,2025-04-17 08:24:00
1744878300,30795.0,30825.0,30795.0,30825.0,1,2025-04-17 08:25:00
1744878360,30825.0,30825.0,30800.0,30800.0,2,2025-04-17 08:26:00
1744878420,30800.0,30840.0,30800.0,30810.0,3,2025-04-17 08:27:00
1744878480,30825.0,30840.0,30825.0,30840.0,3,2025-04-17 08:28:00
1744878540,30840.0,30840.0,30800.0,30825.0,7,2025-04-17 08:29:00
1744878600,30825.0,30840.0,30825.0,30840.0,1,2025-04-17 08:30:00
1744878660,30840.0,30840.0,30800.0,30835.0,3,2025-04-17 08:31:00
1744878720,30810.0,30825.0,30800.0,30825.0,3,2025-04-17 08:32:00
1744878780,30825.0,30835.0,30825.0,30835.0,1,2025-04-17 08:33:00
1744878840,30835.0,30835.0,30805.0,30835.0,2,2025-04-17 08:34:00
1744878900,30835.0,30835.0,30800.0,30800.0,2,2025-04-17 08:35:00
1744878960,30825.0,30825.0,30805.0,30805.0,2,2025-04-17 08:36:00
1744879020,30805.0,30830.0,30800.0,30825.0,3,2025-04-17 08:37:00
1744879080,30825.0,30835.0,30825.0,30835.0,1,2025-04-17 08:38:00
1744879140,30805.0,30835.0,30805.0,30835.0,2,2025-04-17 08:39:00
1744879200,30805.0,30830.0,30800.0,30800.0,5,2025-04-17 08:40:00
1744879260,30800.0,30830.0,30800.0,30830.0,1,2025-04-17 08:41:00
1744879320,30830.0,30830.0,30800.0,30830.0,2,2025-04-17 08:42:00
1744879380,30830.0,30830.0,30825.0,30825.0,1,2025-04-17 08:43:00
1744879440,30825.0,30830.0,30800.0,30800.0,2,2025-04-17 08:44:00
1744879500,30800.0,30800.0,30785.0,30785.0,7,2025-04-17 08:45:00
1744879560,30785.0,30800.0,30785.0,30800.0,3,2025-04-17 08:46:00
1744879620,30765.0,30795.0,30720.0,30760.0,29,2025-04-17 08:47:00
1744879680,30790.0,30795.0,30760.0,30765.0,9,2025-04-17 08:48:00
1744879740,30765.0,30815.0,30765.0,30815.0,1,2025-04-17 08:49:00
1744879800,30760.0,30795.0,30760.0,30795.0,7,2025-04-17 08:50:00
1744879860,30795.0,30805.0,30760.0,30760.0,2,2025-04-17 08:51:00
1744879920,30760.0,30785.0,30760.0,30785.0,1,2025-04-17 08:52:00
1744879980,30785.0,30790.0,30740.0,30790.0,2,2025-04-17 08:53:00
1744880040,30790.0,30790.0,30775.0,30775.0,1,2025-04-17 08:54:00
1744880100,30775.0,30775.0,30775.0,30775.0,1,2025-04-17 08:55:00
1744880160,30775.0,30780.0,30730.0,30780.0,4,2025-04-17 08:56:00
1744880220,30780.0,30800.0,30780.0,30800.0,2,2025-04-17 08:57:00
1744880280,30800.0,30800.0,30795.0,30795.0,2,2025-04-17 08:58:00
1744880340,30795.0,30800.0,30760.0,30760.0,2,2025-04-17 08:59:00
1744880400,30760.0,30810.0,30760.0,30810.0,43,2025-04-17 09:00:00
1744880460,30810.0,30810.0,30750.0,30750.0,16,2025-04-17 09:01:00
1744880520,30750.0,30805.0,30750.0,30765.0,3,2025-04-17 09:02:00
1744880580,30765.0,30810.0,30765.0,30810.0,1,2025-04-17 09:03:00
1744880640,30810.0,30815.0,30775.0,30815.0,2,2025-04-17 09:04:00
1744880700,30815.0,30815.0,30810.0,30810.0,1,2025-04-17 09:05:00
1744880760,30775.0,30805.0,30775.0,30805.0,2,2025-04-17 09:06:00
1744880820,30805.0,30805.0,30770.0,30805.0,2,2025-04-17 09:07:00
1744880880,30805.0,30805.0,30805.0,30805.0,0,2025-04-17 09:08:00
1744880940,30805.0,30805.0,30780.0,30780.0,4,2025-04-17 09:09:00
1744881000,30780.0,30790.0,30750.0,30750.0,2,2025-04-17 09:10:00
1744881060,30750.0,30780.0,30750.0,30780.0,1,2025-04-17 09:11:00
1744881120,30780.0,30780.0,30750.0,30750.0,5,2025-04-17 09:12:00
1744881180,30750.0,30790.0,30735.0,30735.0,2,2025-04-17 09:13:00
1744881240,30735.0,30785.0,30735.0,30740.0,2,2025-04-17 09:14:00
1744881300,30740.0,30765.0,30725.0,30765.0,2,2025-04-17 09:15:00
1744881360,30765.0,30780.0,30765.0,30780.0,1,2025-04-17 09:16:00
1744881420,30780.0,30785.0,30765.0,30785.0,3,2025-04-17 09:17:00
1744881480,30785.0,30785.0,30730.0,30775.0,2,2025-04-17 09:18:00
1744881540,30775.0,30775.0,30735.0,30735.0,1,2025-04-17 09:19:00
1744881600,30785.0,30785.0,30780.0,30785.0,3,2025-04-17 09:20:00
1744881660,30785.0,30785.0,30730.0,30730.0,15,2025-04-17 09:21:00
1744881720,30730.0,30745.0,30730.0,30745.0,1,2025-04-17 09:22:00
1744881780,30745.0,30745.0,30710.0,30745.0,6,2025-04-17 09:23:00
1744881840,30755.0,30755.0,30715.0,30715.0,6,2025-04-17 09:24:00
1744881900,30765.0,30765.0,30760.0,30765.0,7,2025-04-17 09:25:00
1744881960,30765.0,30765.0,30715.0,30760.0,2,2025-04-17 09:26:00
1744882020,30770.0,30770.0,30720.0,30720.0,6,2025-04-17 09:27:00
1744882080,30720.0,30750.0,30720.0,30750.0,2,2025-04-17 09:28:00
1744882140,30750.0,30750.0,30720.0,30720.0,1,2025-04-17 09:29:00
1744882200,30745.0,30745.0,30745.0,30745.0,10,2025-04-17 09:30:00
1744882260,30745.0,30745.0,30690.0,30690.0,24,2025-04-17 09:31:00
1744882320,30690.0,30725.0,30675.0,30675.0,17,2025-04-17 09:32:00
1744882380,30655.0,30720.0,30655.0,30665.0,13,2025-04-17 09:33:00
1744882440,30665.0,30665.0,30665.0,30665.0,12,2025-04-17 09:34:00
1744882500,30665.0,30720.0,30665.0,30720.0,6,2025-04-17 09:35:00
1744882560,30720.0,30730.0,30675.0,30695.0,26,2025-04-17 09:36:00
1744882620,30695.0,30715.0,30695.0,30715.0,2,2025-04-17 09:37:00
1744882680,30715.0,30715.0,30690.0,30710.0,25,2025-04-17 09:38:00
1744882740,30710.0,30710.0,30700.0,30705.0,3,2025-04-17 09:39:00
1744882800,30705.0,30720.0,30670.0,30715.0,34,2025-04-17 09:40:00
1744882860,30715.0,30715.0,30700.0,30700.0,1,2025-04-17 09:41:00
1744882920,30700.0,30700.0,30660.0,30660.0,19,2025-04-17 09:42:00
1744882980,30660.0,30695.0,30625.0,30650.0,282,2025-04-17 09:43:00
1744883040,30650.0,30690.0,30630.0,30690.0,6,2025-04-17 09:44:00
1744883100,30690.0,30690.0,30625.0,30625.0,31,2025-04-17 09:45:00
1744883160,30625.0,30690.0,30600.0,30600.0,34,2025-04-17 09:46:00
1744883220,30600.0,30640.0,30600.0,30640.0,10,2025-04-17 09:47:00
1744883280,30640.0,30640.0,30610.0,30610.0,12,2025-04-17 09:48:00
1744883340,30610.0,30630.0,30595.0,30630.0,31,2025-04-17 09:49:00
1744883400,30580.0,30740.0,30580.0,30725.0,188,2025-04-17 09:50:00
1744883460,30725.0,30725.0,30675.0,30695.0,17,2025-04-17 09:51:00
1744883520,30695.0,30720.0,30680.0,30685.0,4,2025-04-17 09:52:00
1744883580,30685.0,30695.0,30680.0,30680.0,4,2025-04-17 09:53:00
1744883640,30680.0,30695.0,30675.0,30690.0,40,2025-04-17 09:54:00
1744883700,30690.0,30715.0,30660.0,30715.0,24,2025-04-17 09:55:00
1744883760,30675.0,30835.0,30665.0,30665.0,194,2025-04-17 09:56:00
1744883820,30665.0,30800.0,30655.0,30655.0,19,2025-04-17 09:57:00
1744883880,30655.0,30700.0,30655.0,30700.0,4,2025-04-17 09:58:00
1744883940,30785.0,30785.0,30635.0,30635.0,19,2025-04-17 09:59:00
1745207100,31000.0,31010.0,30745.0,30775.0,184,2025-04-21 03:45:00
1745207160,30850.0,30910.0,30820.0,30820.0,21,2025-04-21 03:46:00
1745207220,30850.0,30900.0,30810.0,30900.0,34,2025-04-21 03:47:00
1745207280,30880.0,30900.0,30780.0,30780.0,36,2025-04-21 03:48:00
1745207340,30810.0,30810.0,30730.0,30790.0,27,2025-04-21 03:49:00
1745207400,30790.0,30790.0,30740.0,30740.0,32,2025-04-21 03:50:00
1745207460,30745.0,30835.0,30705.0,30830.0,59,2025-04-21 03:51:00
1745207520,30830.0,30830.0,30725.0,30725.0,23,2025-04-21 03:52:00
1745207580,30725.0,30765.0,30725.0,30765.0,9,2025-04-21 03:53:00
1745207640,30755.0,30800.0,30755.0,30800.0,25,2025-04-21 03:54:00
1745207700,30800.0,30800.0,30800.0,30800.0,1,2025-04-21 03:55:00
1745207760,30800.0,30800.0,30755.0,30765.0,8,2025-04-21 03:56:00
1745207820,30765.0,30765.0,30725.0,30725.0,26,2025-04-21 03:57:00
1745207880,30725.0,30730.0,30725.0,30725.0,5,2025-04-21 03:58:00
1745207940,30725.0,30735.0,30725.0,30735.0,5,2025-04-21 03:59:00
1745208000,30735.0,30765.0,30730.0,30730.0,3,2025-04-21 04:00:00
1745208060,30730.0,30730.0,30730.0,30730.0,4,2025-04-21 04:01:00
1745208120,30730.0,30730.0,30730.0,30730.0,0,2025-04-21 04:02:00
1745208180,30760.0,30760.0,30730.0,30730.0,10,2025-04-21 04:03:00
1745208240,30730.0,30790.0,30730.0,30745.0,17,2025-04-21 04:04:00
1745208300,30745.0,30790.0,30745.0,30785.0,21,2025-04-21 04:05:00
1745208360,30785.0,30785.0,30785.0,30785.0,0,2025-04-21 04:06:00
1745208420,30785.0,30785.0,30785.0,30785.0,2,2025-04-21 04:07:00
1745208480,30785.0,30790.0,30785.0,30790.0,6,2025-04-21 04:08:00
1745208540,30790.0,30790.0,30785.0,30785.0,5,2025-04-21 04:09:00
1745208600,30790.0,30790.0,30780.0,30780.0,38,2025-04-21 04:10:00
1745208660,30780.0,30780.0,30765.0,30765.0,2,2025-04-21 04:11:00
1745208720,30765.0,30820.0,30765.0,30820.0,8,2025-04-21 04:12:00
1745208780,30820.0,30820.0,30820.0,30820.0,0,2025-04-21 04:13:00
1745208840,30785.0,30815.0,30785.0,30815.0,11,2025-04-21 04:14:00
1745208900,30815.0,30815.0,30810.0,30810.0,1,2025-04-21 04:15:00
1745208960,30810.0,30810.0,30810.0,30810.0,0,2025-04-21 04:16:00
1745209020,30810.0,30810.0,30760.0,30760.0,2,2025-04-21 04:17:00
1745209080,30760.0,30870.0,30760.0,30870.0,60,2025-04-21 04:18:00
1745209140,30870.0,30940.0,30870.0,30920.0,135,2025-04-21 04:19:00
1745209200,30920.0,30975.0,30910.0,30910.0,24,2025-04-21 04:20:00
1745209260,30910.0,30980.0,30910.0,30930.0,19,2025-04-21 04:21:00
1745209320,30930.0,30990.0,30930.0,30975.0,15,2025-04-21 04:22:00
1745209380,30975.0,31010.0,30975.0,31010.0,16,2025-04-21 04:23:00
1745209440,31010.0,31125.0,31010.0,31075.0,57,2025-04-21 04:24:00
1745209500,31075.0,31140.0,31075.0,31140.0,40,2025-04-21 04:25:00
1745209560,31140.0,31200.0,31120.0,31200.0,110,2025-04-21 04:26:00
1745209620,31160.0,31220.0,31030.0,31030.0,148,2025-04-21 04:27:00
1745209680,31030.0,31035.0,30965.0,30985.0,39,2025-04-21 04:28:00
1745209740,30985.0,30985.0,30930.0,30930.0,17,2025-04-21 04:29:00
1745209800,30930.0,30930.0,30880.0,30880.0,72,2025-04-21 04:30:00
1745209860,30880.0,30880.0,30880.0,30880.0,0,2025-04-21 04:31:00
1745209920,30880.0,30880.0,30880.0,30880.0,0,2025-04-21 04:32:00
1745209980,30880.0,30885.0,30880.0,30885.0,1,2025-04-21 04:33:00
1745210040,30885.0,30885.0,30810.0,30850.0,29,2025-04-21 04:34:00
1745210100,30850.0,30850.0,30805.0,30845.0,11,2025-04-21 04:35:00
1745210160,30845.0,30845.0,30810.0,30825.0,13,2025-04-21 04:36:00
1745210220,30810.0,30840.0,30810.0,30840.0,13,2025-04-21 04:37:00
1745210280,30840.0,30840.0,30840.0,30840.0,0,2025-04-21 04:38:00
1745210340,30840.0,30840.0,30830.0,30830.0,2,2025-04-21 04:39:00
1745210400,30830.0,30835.0,30830.0,30835.0,65,2025-04-21 04:40:00
1745210460,30835.0,30840.0,30835.0,30840.0,3,2025-04-21 04:41:00
1745210520,30840.0,30870.0,30835.0,30845.0,15,2025-04-21 04:42:00
1745210580,30845.0,30845.0,30845.0,30845.0,6,2025-04-21 04:43:00
1745210640,30845.0,30845.0,30840.0,30840.0,1,2025-04-21 04:44:00
1745210700,30840.0,30840.0,30810.0,30810.0,1,2025-04-21 04:45:00
1745210760,30810.0,30905.0,30810.0,30905.0,59,2025-04-21 04:46:00
1745210820,30905.0,30910.0,30905.0,30910.0,14,2025-04-21 04:47:00
1745210880,30890.0,30890.0,30880.0,30880.0,2,2025-04-21 04:48:00
1745210940,30880.0,30910.0,30880.0,30910.0,7,2025-04-21 04:49:00
1745211000,30910.0,30910.0,30910.0,30910.0,0,2025-04-21 04:50:00
1745211060,30910.0,30910.0,30910.0,30910.0,0,2025-04-21 04:51:00
1745211120,30910.0,30910.0,30910.0,30910.0,0,2025-04-21 04:52:00
1745211180,30910.0,30910.0,30910.0,30910.0,0,2025-04-21 04:53:00
1745211240,30910.0,31085.0,30910.0,31060.0,161,2025-04-21 04:54:00
1745211300,31060.0,31060.0,31055.0,31055.0,9,2025-04-21 04:55:00
1745211360,31055.0,31055.0,31010.0,31010.0,3,2025-04-21 04:56:00
1745211420,31010.0,31050.0,31010.0,31050.0,5,2025-04-21 04:57:00
1745211480,31050.0,31050.0,30995.0,31005.0,26,2025-04-21 04:58:00
1745211540,31005.0,31020.0,31005.0,31020.0,1,2025-04-21 04:59:00
1745211600,31020.0,31040.0,31005.0,31005.0,5,2025-04-21 05:00:00
1745211660,31005.0,31005.0,30980.0,30980.0,4,2025-04-21 05:01:00
1745211720,30980.0,30995.0,30980.0,30995.0,1,2025-04-21 05:02:00
1745211780,30995.0,30995.0,30995.0,30995.0,2,2025-04-21 05:03:00
1745211840,30995.0,30995.0,30960.0,30960.0,5,2025-04-21 05:04:00
1745211900,30960.0,31000.0,30960.0,31000.0,6,2025-04-21 05:05:00
1745211960,31000.0,31000.0,30985.0,30985.0,1,2025-04-21 05:06:00
1745212020,30985.0,30985.0,30985.0,30985.0,0,2025-04-21 05:07:00
1745212080,30985.0,30995.0,30985.0,30995.0,1,2025-04-21 05:08:00
1745212140,30995.0,31060.0,30995.0,31060.0,39,2025-04-21 05:09:00
1745212200,31035.0,31040.0,30985.0,30985.0,60,2025-04-21 05:10:00
1745212260,31020.0,31020.0,31020.0,31020.0,1,2025-04-21 05:11:00
1745212320,31020.0,31020.0,31020.0,31020.0,0,2025-04-21 05:12:00
1745212380,31020.0,31020.0,30955.0,30955.0,15,2025-04-21 05:13:00
1745212440,30955.0,30955.0,30940.0,30940.0,1,2025-04-21 05:14:00
1745212500,30940.0,30950.0,30940.0,30940.0,10,2025-04-21 05:15:00
1745212560,30940.0,30940.0,30940.0,30940.0,0,2025-04-21 05:16:00
1745212620,30985.0,31040.0,30985.0,31040.0,161,2025-04-21 05:17:00
1745212680,31040.0,31100.0,31040.0,31100.0,46,2025-04-21 05:18:00
1745212740,31100.0,31150.0,31100.0,31150.0,76,2025-04-21 05:19:00
1745212800,31150.0,31150.0,31120.0,31120.0,11,2025-04-21 05:20:00
1745212860,31120.0,31145.0,31115.0,31115.0,3,2025-04-21 05:21:00
1745212920,31115.0,31130.0,31100.0,31100.0,106,2025-04-21 05:22:00
1745212980,31100.0,31110.0,31100.0,31100.0,163,2025-04-21 05:23:00
1745213040,31100.0,31115.0,31065.0,31110.0,207,2025-04-21 05:24:00
1745213100,31110.0,31115.0,31100.0,31110.0,149,2025-04-21 05:25:00
1745213160,31110.0,31110.0,31110.0,31110.0,62,2025-04-21 05:26:00
1745213220,31110.0,31110.0,31100.0,31100.0,99,2025-04-21 05:27:00
1745213280,31100.0,31110.0,31100.0,31105.0,101,2025-04-21 05:28:00
1745213340,31105.0,31160.0,31090.0,31150.0,122,2025-04-21 05:29:00
1745213400,31150.0,31150.0,31115.0,31115.0,2,2025-04-21 05:30:00
1745213460,31115.0,31130.0,31115.0,31130.0,12,2025-04-21 05:31:00
1745213520,31130.0,31130.0,31110.0,31110.0,90,2025-04-21 05:32:00
1745213580,31110.0,31145.0,31110.0,31115.0,77,2025-04-21 05:33:00
1745213640,31125.0,31125.0,31120.0,31120.0,12,2025-04-21 05:34:00
1745213700,31120.0,31120.0,31110.0,31110.0,8,2025-04-21 05:35:00
1745213760,31110.0,31120.0,31110.0,31120.0,19,2025-04-21 05:36:00
1745213820,31120.0,31155.0,31120.0,31150.0,3,2025-04-21 05:37:00
1745213880,31150.0,31150.0,31150.0,31150.0,1,2025-04-21 05:38:00
1745213940,31150.0,31150.0,31150.0,31150.0,0,2025-04-21 05:39:00
1745214000,31150.0,31150.0,31150.0,31150.0,0,2025-04-21 05:40:00
1745214060,31150.0,31150.0,31125.0,31125.0,12,2025-04-21 05:41:00
1745214120,31125.0,31125.0,31120.0,31120.0,3,2025-04-21 05:42:00
1745214180,31120.0,31120.0,31120.0,31120.0,8,2025-04-21 05:43:00
1745214240,31120.0,31150.0,31120.0,31140.0,85,2025-04-21 05:44:00
1745214300,31140.0,31145.0,31140.0,31145.0,7,2025-04-21 05:45:00
1745214360,31145.0,31145.0,31140.0,31145.0,34,2025-04-21 05:46:00
1745214420,31145.0,31155.0,31145.0,31155.0,102,2025-04-21 05:47:00
1745214480,31155.0,31155.0,31120.0,31120.0,9,2025-04-21 05:48:00
1745214540,31150.0,31155.0,31150.0,31150.0,9,2025-04-21 05:49:00
1745214600,31150.0,31150.0,31145.0,31150.0,7,2025-04-21 05:50:00
1745214660,31120.0,31150.0,31120.0,31150.0,9,2025-04-21 05:51:00
1745214720,31120.0,31150.0,31120.0,31145.0,18,2025-04-21 05:52:00
1745214780,31145.0,31150.0,31105.0,31120.0,23,2025-04-21 05:53:00
1745214840,31120.0,31150.0,31115.0,31150.0,9,2025-04-21 05:54:00
1745214900,31150.0,31150.0,31110.0,31140.0,11,2025-04-21 05:55:00
1745214960,31140.0,31140.0,31140.0,31140.0,7,2025-04-21 05:56:00
1745215020,31140.0,31140.0,31140.0,31140.0,7,2025-04-21 05:57:00
1745215080,31140.0,31140.0,31140.0,31140.0,28,2025-04-21 05:58:00
1745215140,31140.0,31140.0,31135.0,31135.0,6,2025-04-21 05:59:00
1745215200,31135.0,31150.0,31135.0,31150.0,10,2025-04-21 06:00:00
1745215260,31150.0,31150.0,31150.0,31150.0,7,2025-04-21 06:01:00
1745215320,31150.0,31150.0,31130.0,31150.0,8,2025-04-21 06:02:00
1745215380,31150.0,31150.0,31130.0,31150.0,10,2025-04-21 06:03:00
1745215440,31150.0,31150.0,31150.0,31150.0,7,2025-04-21 06:04:00
1745215500,31150.0,31150.0,31150.0,31150.0,7,2025-04-21 06:05:00
1745215560,31150.0,31150.0,31150.0,31150.0,7,2025-04-21 06:06:00
1745215620,31150.0,31150.0,31150.0,31150.0,7,2025-04-21 06:07:00
1745215680,31150.0,31150.0,31150.0,31150.0,9,2025-04-21 06:08:00
1745215740,31115.0,31150.0,31115.0,31150.0,9,2025-04-21 06:09:00
1745215800,31150.0,31155.0,31150.0,31150.0,7,2025-04-21 06:10:00
1745215860,31150.0,31150.0,31125.0,31150.0,7,2025-04-21 06:11:00
1745215920,31150.0,31150.0,31125.0,31150.0,7,2025-04-21 06:12:00
1745215980,31150.0,31150.0,31145.0,31150.0,8,2025-04-21 06:13:00
1745216040,31150.0,31150.0,31115.0,31145.0,10,2025-04-21 06:14:00
1745216100,31145.0,31145.0,31115.0,31145.0,13,2025-04-21 06:15:00
1745216160,31140.0,31140.0,31135.0,31135.0,8,2025-04-21 06:16:00
1745216220,31135.0,31135.0,31135.0,31135.0,15,2025-04-21 06:17:00
1745216280,31135.0,31140.0,31135.0,31140.0,6,2025-04-21 06:18:00
1745216340,31140.0,31140.0,31140.0,31140.0,8,2025-04-21 06:19:00
1745216400,31140.0,31140.0,31140.0,31140.0,6,2025-04-21 06:20:00
1745216460,31140.0,31140.0,31115.0,31140.0,10,2025-04-21 06:21:00
1745216520,31140.0,31140.0,31115.0,31140.0,7,2025-04-21 06:22:00
1745216580,31140.0,31140.0,31140.0,31140.0,7,2025-04-21 06:23:00
1745216640,31140.0,31140.0,31100.0,31140.0,35,2025-04-21 06:24:00
1745216700,31140.0,31140.0,31135.0,31140.0,8,2025-04-21 06:25:00
1745216760,31140.0,31140.0,31105.0,31120.0,12,2025-04-21 06:26:00
1745216820,31120.0,31140.0,31105.0,31140.0,10,2025-04-21 06:27:00
1745216880,31140.0,31140.0,31115.0,31135.0,12,2025-04-21 06:28:00
1745216940,31140.0,31160.0,31115.0,31160.0,81,2025-04-21 06:29:00
1745217000,31160.0,31170.0,31160.0,31160.0,112,2025-04-21 06:30:00
1745217060,31160.0,31175.0,31160.0,31175.0,1,2025-04-21 06:31:00
1745217120,31175.0,31175.0,31150.0,31150.0,10,2025-04-21 06:32:00
1745217180,31150.0,31150.0,31150.0,31150.0,0,2025-04-21 06:33:00
1745217240,31150.0,31150.0,31150.0,31150.0,0,2025-04-21 06:34:00
1745217300,31150.0,31155.0,31150.0,31155.0,3,2025-04-21 06:35:00
1745217360,31155.0,31155.0,31155.0,31155.0,1,2025-04-21 06:36:00
1745217420,31155.0,31180.0,31155.0,31180.0,17,2025-04-21 06:37:00
1745217480,31180.0,31180.0,31155.0,31180.0,6,2025-04-21 06:38:00
1745217540,31180.0,31180.0,31180.0,31180.0,0,2025-04-21 06:39:00
1745217600,31180.0,31180.0,31150.0,31155.0,5,2025-04-21 06:40:00
1745217660,31160.0,31160.0,31160.0,31160.0,1,2025-04-21 06:41:00
1745217720,31160.0,31180.0,31160.0,31180.0,5,2025-04-21 06:42:00
1745217780,31180.0,31180.0,31180.0,31180.0,5,2025-04-21 06:43:00
1745217840,31180.0,31180.0,31180.0,31180.0,0,2025-04-21 06:44:00
1745217900,31180.0,31180.0,31180.0,31180.0,0,2025-04-21 06:45:00
1745217960,31180.0,31180.0,31180.0,31180.0,2,2025-04-21 06:46:00
1745218020,31180.0,31180.0,31180.0,31180.0,3,2025-04-21 06:47:00
1745218080,31180.0,31200.0,31170.0,31200.0,82,2025-04-21 06:48:00
1745218140,31200.0,31220.0,31200.0,31200.0,5,2025-04-21 06:49:00
1745218200,31200.0,31220.0,31200.0,31220.0,3,2025-04-21 06:50:00
1745218260,31220.0,31220.0,31175.0,31175.0,40,2025-04-21 06:51:00
1745218320,31175.0,31220.0,31175.0,31215.0,11,2025-04-21 06:52:00
1745218380,31215.0,31215.0,31215.0,31215.0,0,2025-04-21 06:53:00
1745218440,31215.0,31215.0,31180.0,31180.0,1,2025-04-21 06:54:00
1745218500,31180.0,31180.0,31180.0,31180.0,0,2025-04-21 06:55:00
1745218560,31180.0,31200.0,31180.0,31200.0,1,2025-04-21 06:56:00
1745218620,31200.0,31200.0,31170.0,31170.0,28,2025-04-21 06:57:00
1745218680,31170.0,31190.0,31150.0,31150.0,2,2025-04-21 06:58:00
1745218740,31150.0,31195.0,31150.0,31195.0,2,2025-04-21 06:59:00
1745218800,31195.0,31195.0,31190.0,31190.0,1,2025-04-21 07:00:00
1745218860,31190.0,31190.0,31190.0,31190.0,0,2025-04-21 07:01:00
1745218920,31190.0,31190.0,31190.0,31190.0,7,2025-04-21 07:02:00
1745218980,31190.0,31190.0,31150.0,31150.0,13,2025-04-21 07:03:00
1745219040,31150.0,31150.0,31150.0,31150.0,1,2025-04-21 07:04:00
1745219100,31150.0,31150.0,31110.0,31140.0,15,2025-04-21 07:05:00
1745219160,31140.0,31150.0,31140.0,31150.0,9,2025-04-21 07:06:00
1745219220,31150.0,31150.0,31150.0,31150.0,10,2025-04-21 07:07:00
1745219280,31150.0,31150.0,31115.0,31150.0,63,2025-04-21 07:08:00
1745219340,31145.0,31150.0,31145.0,31150.0,8,2025-04-21 07:09:00
1745219400,31150.0,31170.0,31065.0,31150.0,76,2025-04-21 07:10:00
1745219460,31150.0,31150.0,31150.0,31150.0,3,2025-04-21 07:11:00
1745219520,31150.0,31170.0,31150.0,31170.0,5,2025-04-21 07:12:00
1745219580,31170.0,31170.0,31150.0,31150.0,1,2025-04-21 07:13:00
1745219640,31150.0,31175.0,31150.0,31175.0,6,2025-04-21 07:14:00
1745219700,31175.0,31175.0,31175.0,31175.0,0,2025-04-21 07:15:00
1745219760,31175.0,31185.0,31175.0,31185.0,1,2025-04-21 07:16:00
1745219820,31185.0,31185.0,31150.0,31150.0,8,2025-04-21 07:17:00
1745219880,31150.0,31185.0,31150.0,31185.0,9,2025-04-21 07:18:00
1745219940,31185.0,31185.0,31150.0,31150.0,4,2025-04-21 07:19:00
1745220000,31150.0,31180.0,31150.0,31180.0,3,2025-04-21 07:20:00
1745220060,31180.0,31180.0,31115.0,31160.0,8,2025-04-21 07:21:00
1745220120,31160.0,31180.0,31150.0,31150.0,4,2025-04-21 07:22:00
1745220180,31180.0,31180.0,31180.0,31180.0,5,2025-04-21 07:23:00
1745220240,31180.0,31180.0,31180.0,31180.0,2,2025-04-21 07:24:00
1745220300,31180.0,31180.0,31175.0,31180.0,14,2025-04-21 07:25:00
1745220360,31180.0,31180.0,31135.0,31180.0,16,2025-04-21 07:26:00
1745220420,31175.0,31180.0,31175.0,31180.0,2,2025-04-21 07:27:00
1745220480,31180.0,31180.0,31180.0,31180.0,0,2025-04-21 07:28:00
1745220540,31180.0,31180.0,31155.0,31155.0,2,2025-04-21 07:29:00
1745220600,31155.0,31180.0,31155.0,31180.0,1,2025-04-21 07:30:00
1745220660,31180.0,31180.0,31180.0,31180.0,1,2025-04-21 07:31:00
1745220720,31180.0,31180.0,31150.0,31175.0,2,2025-04-21 07:32:00
1745220780,31175.0,31180.0,31175.0,31180.0,2,2025-04-21 07:33:00
1745220840,31180.0,31180.0,31180.0,31180.0,0,2025-04-21 07:34:00
1745220900,31180.0,31180.0,31150.0,31150.0,2,2025-04-21 07:35:00
1745220960,31150.0,31155.0,31150.0,31155.0,1,2025-04-21 07:36:00
1745221020,31155.0,31155.0,31155.0,31155.0,0,2025-04-21 07:37:00
1745221080,31155.0,31175.0,31155.0,31175.0,3,2025-04-21 07:38:00
1745221140,31175.0,31175.0,31150.0,31150.0,1,2025-04-21 07:39:00
1745221200,31150.0,31150.0,31150.0,31150.0,0,2025-04-21 07:40:00
1745221260,31150.0,31150.0,31150.0,31150.0,1,2025-04-21 07:41:00
1745221320,31150.0,31150.0,31150.0,31150.0,2,2025-04-21 07:42:00
1745221380,31150.0,31150.0,31150.0,31150.0,3,2025-04-21 07:43:00
1745221440,31150.0,31170.0,31150.0,31170.0,6,2025-04-21 07:44:00
1745221500,31175.0,31175.0,31175.0,31175.0,2,2025-04-21 07:45:00
1745221560,31175.0,31175.0,31150.0,31150.0,4,2025-04-21 07:46:00
1745221620,31150.0,31175.0,31150.0,31175.0,9,2025-04-21 07:47:00
1745221680,31175.0,31175.0,31150.0,31150.0,1,2025-04-21 07:48:00
1745221740,31150.0,31150.0,31150.0,31150.0,0,2025-04-21 07:49:00
1745221800,31150.0,31175.0,31150.0,31150.0,7,2025-04-21 07:50:00
1745221860,31150.0,31160.0,31110.0,31150.0,58,2025-04-21 07:51:00
1745221920,31150.0,31150.0,31150.0,31150.0,11,2025-04-21 07:52:00
1745221980,31150.0,31150.0,31150.0,31150.0,14,2025-04-21 07:53:00
1745222040,31150.0,31150.0,31145.0,31150.0,9,2025-04-21 07:54:00
1745222100,31150.0,31150.0,31150.0,31150.0,10,2025-04-21 07:55:00
1745222160,31150.0,31150.0,31150.0,31150.0,12,2025-04-21 07:56:00
1745222220,31150.0,31150.0,31050.0,31140.0,34,2025-04-21 07:57:00
1745222280,31130.0,31140.0,31070.0,31130.0,18,2025-04-21 07:58:00
1745222340,31130.0,31145.0,31130.0,31145.0,13,2025-04-21 07:59:00
1745222400,31145.0,31145.0,31125.0,31135.0,21,2025-04-21 08:00:00
1745222460,31140.0,31150.0,31135.0,31150.0,13,2025-04-21 08:01:00
1745222520,31150.0,31150.0,31115.0,31150.0,19,2025-04-21 08:02:00
1745222580,31150.0,31150.0,31075.0,31140.0,30,2025-04-21 08:03:00
1745222640,31145.0,31150.0,31115.0,31140.0,14,2025-04-21 08:04:00
1745222700,31145.0,31150.0,31140.0,31150.0,10,2025-04-21 08:05:00
1745222760,31150.0,31155.0,31150.0,31150.0,51,2025-04-21 08:06:00
1745222820,31150.0,31150.0,31150.0,31150.0,2,2025-04-21 08:07:00
1745222880,31150.0,31175.0,31150.0,31175.0,1,2025-04-21 08:08:00
1745222940,31175.0,31175.0,31150.0,31150.0,1,2025-04-21 08:09:00
1745223000,31150.0,31150.0,31150.0,31150.0,5,2025-04-21 08:10:00
1745223060,31150.0,31150.0,31150.0,31150.0,0,2025-04-21 08:11:00
1745223120,31150.0,31150.0,31120.0,31150.0,19,2025-04-21 08:12:00
1745223180,31150.0,31150.0,31145.0,31150.0,12,2025-04-21 08:13:00
1745223240,31150.0,31150.0,31150.0,31150.0,12,2025-04-21 08:14:00
1745223300,31150.0,31150.0,31080.0,31140.0,25,2025-04-21 08:15:00
1745223360,31140.0,31150.0,31135.0,31135.0,13,2025-04-21 08:16:00
1745223420,31140.0,31150.0,31135.0,31150.0,12,2025-04-21 08:17:00
1745223480,31150.0,31150.0,31130.0,31150.0,13,2025-04-21 08:18:00
1745223540,31150.0,31150.0,31150.0,31150.0,13,2025-04-21 08:19:00
1745223600,31150.0,31150.0,31150.0,31150.0,13,2025-04-21 08:20:00
1745223660,31150.0,31155.0,31110.0,31150.0,11,2025-04-21 08:21:00
1745223720,31150.0,31150.0,31150.0,31150.0,12,2025-04-21 08:22:00
1745223780,31150.0,31155.0,31135.0,31150.0,14,2025-04-21 08:23:00
1745223840,31150.0,31175.0,31150.0,31175.0,20,2025-04-21 08:24:00
1745223900,31175.0,31175.0,31175.0,31175.0,1,2025-04-21 08:25:00
1745223960,31175.0,31175.0,31155.0,31155.0,1,2025-04-21 08:26:00
1745224020,31155.0,31175.0,31110.0,31110.0,17,2025-04-21 08:27:00
1745224080,31150.0,31150.0,31110.0,31150.0,14,2025-04-21 08:28:00
1745224140,31150.0,31150.0,31150.0,31150.0,13,2025-04-21 08:29:00
1745224200,31150.0,31150.0,31150.0,31150.0,13,2025-04-21 08:30:00
1745224260,31150.0,31150.0,31150.0,31150.0,13,2025-04-21 08:31:00
1745224320,31150.0,31150.0,31095.0,31145.0,20,2025-04-21 08:32:00
1745224380,31150.0,31150.0,31085.0,31150.0,17,2025-04-21 08:33:00
1745224440,31150.0,31150.0,31090.0,31150.0,16,2025-04-21 08:34:00
1745224500,31150.0,31150.0,31105.0,31145.0,37,2025-04-21 08:35:00
1745224560,31145.0,31150.0,31140.0,31150.0,14,2025-04-21 08:36:00
1745224620,31150.0,31150.0,31125.0,31150.0,13,2025-04-21 08:37:00
1745224680,31150.0,31150.0,31110.0,31150.0,15,2025-04-21 08:38:00
1745224740,31150.0,31150.0,31110.0,31110.0,15,2025-04-21 08:39:00
1745224800,31150.0,31150.0,31150.0,31150.0,13,2025-04-21 08:40:00
1745224860,31150.0,31150.0,31150.0,31150.0,13,2025-04-21 08:41:00
1745224920,31150.0,31150.0,31110.0,31150.0,15,2025-04-21 08:42:00
1745224980,31150.0,31150.0,31150.0,31150.0,15,2025-04-21 08:43:00
1745225040,31150.0,31150.0,31150.0,31150.0,13,2025-04-21 08:44:00
1745225100,31150.0,31150.0,31150.0,31150.0,14,2025-04-21 08:45:00
1745225160,31150.0,31150.0,31105.0,31145.0,16,2025-04-21 08:46:00
1745225220,31145.0,31150.0,31145.0,31150.0,14,2025-04-21 08:47:00
1745225280,31150.0,31150.0,31150.0,31150.0,13,2025-04-21 08:48:00
1745225340,31150.0,31150.0,31120.0,31150.0,16,2025-04-21 08:49:00
1745225400,31150.0,31150.0,31130.0,31130.0,14,2025-04-21 08:50:00
1745225460,31150.0,31150.0,31140.0,31150.0,14,2025-04-21 08:51:00
1745225520,31150.0,31150.0,31150.0,31150.0,13,2025-04-21 08:52:00
1745225580,31150.0,31150.0,31150.0,31150.0,18,2025-04-21 08:53:00
1745225640,31150.0,31150.0,31120.0,31150.0,20,2025-04-21 08:54:00
1745225700,31150.0,31150.0,31120.0,31150.0,16,2025-04-21 08:55:00
1745225760,31145.0,31150.0,31145.0,31150.0,13,2025-04-21 08:56:00
1745225820,31150.0,31150.0,31150.0,31150.0,14,2025-04-21 08:57:00
1745225880,31120.0,31150.0,31120.0,31150.0,18,2025-04-21 08:58:00
1745225940,31115.0,31145.0,31110.0,31140.0,50,2025-04-21 08:59:00
1745226000,31140.0,31150.0,31130.0,31150.0,51,2025-04-21 09:00:00
1745226060,31150.0,31150.0,31115.0,31150.0,30,2025-04-21 09:01:00
1745226120,31150.0,31150.0,31135.0,31150.0,28,2025-04-21 09:02:00
1745226180,31150.0,31150.0,31135.0,31150.0,15,2025-04-21 09:03:00
1745226240,31150.0,31150.0,31135.0,31145.0,16,2025-04-21 09:04:00
1745226300,31145.0,31150.0,31145.0,31150.0,14,2025-04-21 09:05:00
1745226360,31150.0,31150.0,31135.0,31150.0,14,2025-04-21 09:06:00
1745226420,31150.0,31150.0,31135.0,31150.0,13,2025-04-21 09:07:00
1745226480,31150.0,31150.0,31110.0,31150.0,27,2025-04-21 09:08:00
1745226540,31150.0,31150.0,31135.0,31150.0,24,2025-04-21 09:09:00
1745226600,31150.0,31150.0,31130.0,31150.0,13,2025-04-21 09:10:00
1745226660,31150.0,31155.0,31135.0,31150.0,15,2025-04-21 09:11:00
1745226720,31150.0,31150.0,31120.0,31150.0,16,2025-04-21 09:12:00
1745226780,31150.0,31155.0,31130.0,31150.0,14,2025-04-21 09:13:00
1745226840,31150.0,31150.0,31135.0,31150.0,13,2025-04-21 09:14:00
1745226900,31150.0,31150.0,31115.0,31150.0,17,2025-04-21 09:15:00
1745226960,31150.0,31150.0,31110.0,31110.0,39,2025-04-21 09:16:00
1745227020,31110.0,31150.0,31110.0,31145.0,28,2025-04-21 09:17:00
1745227080,31145.0,31145.0,31130.0,31145.0,14,2025-04-21 09:18:00
1745227140,31145.0,31145.0,31110.0,31145.0,34,2025-04-21 09:19:00
1745227200,31145.0,31150.0,31145.0,31150.0,23,2025-04-21 09:20:00
1745227260,31150.0,31150.0,31145.0,31150.0,37,2025-04-21 09:21:00
1745227320,31150.0,31150.0,31115.0,31145.0,19,2025-04-21 09:22:00
1745227380,31150.0,31150.0,31115.0,31145.0,33,2025-04-21 09:23:00
1745227440,31145.0,31150.0,31135.0,31145.0,13,2025-04-21 09:24:00
1745227500,31145.0,31145.0,31120.0,31145.0,21,2025-04-21 09:25:00
1745227560,31145.0,31150.0,31115.0,31150.0,19,2025-04-21 09:26:00
1745227620,31145.0,31150.0,31115.0,31150.0,22,2025-04-21 09:27:00
1745227680,31150.0,31150.0,31135.0,31150.0,14,2025-04-21 09:28:00
1745227740,31150.0,31150.0,31120.0,31145.0,22,2025-04-21 09:29:00
1745227800,31145.0,31150.0,31080.0,31080.0,78,2025-04-21 09:30:00
1745227860,31070.0,31070.0,31025.0,31025.0,13,2025-04-21 09:31:00
1745227920,31025.0,31055.0,31005.0,31005.0,7,2025-04-21 09:32:00
1745227980,30980.0,30980.0,30940.0,30940.0,41,2025-04-21 09:33:00
1745228040,30940.0,30990.0,30920.0,30940.0,19,2025-04-21 09:34:00
1745228100,30940.0,30980.0,30935.0,30935.0,13,2025-04-21 09:35:00
1745228160,30935.0,30935.0,30875.0,30900.0,106,2025-04-21 09:36:00
1745228220,30900.0,30900.0,30845.0,30845.0,10,2025-04-21 09:37:00
1745228280,30845.0,30850.0,30830.0,30845.0,41,2025-04-21 09:38:00
1745228340,30845.0,30850.0,30820.0,30850.0,44,2025-04-21 09:39:00
1745228400,30850.0,30850.0,30820.0,30820.0,53,2025-04-21 09:40:00
1745228460,30820.0,30850.0,30820.0,30850.0,12,2025-04-21 09:41:00
1745228520,30850.0,30850.0,30850.0,30850.0,1,2025-04-21 09:42:00
1745228580,30850.0,30850.0,30785.0,30785.0,12,2025-04-21 09:43:00
1745228640,30785.0,30830.0,30785.0,30830.0,3,2025-04-21 09:44:00
1745228700,30830.0,30830.0,30765.0,30820.0,27,2025-04-21 09:45:00
1745228760,30820.0,30830.0,30800.0,30800.0,9,2025-04-21 09:46:00
1745228820,30830.0,30830.0,30785.0,30785.0,32,2025-04-21 09:47:00
1745228880,30785.0,30830.0,30785.0,30785.0,4,2025-04-21 09:48:00
1745228940,30830.0,30830.0,30790.0,30790.0,23,2025-04-21 09:49:00
1745229000,30790.0,30895.0,30790.0,30895.0,29,2025-04-21 09:50:00
1745229060,30905.0,30995.0,30900.0,30930.0,239,2025-04-21 09:51:00
1745229120,30975.0,31030.0,30935.0,30960.0,61,2025-04-21 09:52:00
1745229180,30960.0,31005.0,30960.0,30980.0,14,2025-04-21 09:53:00
1745229240,30980.0,31005.0,30970.0,31000.0,16,2025-04-21 09:54:00
1745229300,30985.0,31000.0,30600.0,30810.0,246,2025-04-21 09:55:00
1745229360,30810.0,30840.0,30780.0,30790.0,11,2025-04-21 09:56:00
1745229420,30790.0,30820.0,30760.0,30820.0,12,2025-04-21 09:57:00
1745229480,30820.0,30905.0,30815.0,30905.0,6,2025-04-21 09:58:00
1745229540,31150.0,31150.0,30915.0,30915.0,44,2025-04-21 09:59:00
1745293500,30915.0,31085.0,30915.0,31020.0,58,2025-04-22 03:45:00
1745293560,31020.0,31020.0,30960.0,30995.0,19,2025-04-22 03:46:00
1745293620,30995.0,31015.0,30850.0,30935.0,57,2025-04-22 03:47:00
1745293680,30950.0,30950.0,30845.0,30865.0,91,2025-04-22 03:48:00
1745293740,30865.0,30865.0,30745.0,30750.0,6,2025-04-22 03:49:00
1745293800,30750.0,30780.0,30640.0,30780.0,122,2025-04-22 03:50:00
1745293860,30795.0,30850.0,30775.0,30850.0,38,2025-04-22 03:51:00
1745293920,30850.0,30850.0,30820.0,30845.0,16,2025-04-22 03:52:00
1745293980,30845.0,30885.0,30845.0,30860.0,12,2025-04-22 03:53:00
1745294040,30860.0,30860.0,30820.0,30850.0,4,2025-04-22 03:54:00
1745294100,30850.0,30850.0,30825.0,30825.0,9,2025-04-22 03:55:00
1745294160,30825.0,30890.0,30825.0,30865.0,19,2025-04-22 03:56:00
1745294220,30865.0,30885.0,30865.0,30880.0,16,2025-04-22 03:57:00
1745294280,30880.0,30880.0,30880.0,30880.0,0,2025-04-22 03:58:00
1745294340,30880.0,31045.0,30880.0,31045.0,76,2025-04-22 03:59:00
1745294400,31045.0,31045.0,31010.0,31010.0,1,2025-04-22 04:00:00
1745294460,30980.0,31040.0,30980.0,31040.0,21,2025-04-22 04:01:00
1745294520,31040.0,31040.0,31035.0,31035.0,2,2025-04-22 04:02:00
1745294580,31035.0,31035.0,30980.0,30980.0,27,2025-04-22 04:03:00
1745294640,30980.0,31045.0,30980.0,31045.0,24,2025-04-22 04:04:00
1745294700,31045.0,31095.0,31045.0,31060.0,28,2025-04-22 04:05:00
1745294760,31060.0,31060.0,31060.0,31060.0,0,2025-04-22 04:06:00
1745294820,31060.0,31080.0,31045.0,31045.0,4,2025-04-22 04:07:00
1745294880,31045.0,31045.0,31045.0,31045.0,0,2025-04-22 04:08:00
1745294940,31055.0,31085.0,31045.0,31060.0,47,2025-04-22 04:09:00
1745295000,31060.0,31090.0,31060.0,31090.0,2,2025-04-22 04:10:00
1745295060,31090.0,31090.0,31045.0,31050.0,11,2025-04-22 04:11:00
1745295120,31050.0,31050.0,31050.0,31050.0,5,2025-04-22 04:12:00
1745295180,31050.0,31050.0,31050.0,31050.0,5,2025-04-22 04:13:00
1745295240,31050.0,31050.0,31050.0,31050.0,0,2025-04-22 04:14:00
1745295300,31050.0,31100.0,31050.0,31070.0,18,2025-04-22 04:15:00
1745295360,31070.0,31080.0,31060.0,31060.0,8,2025-04-22 04:16:00
1745295420,31060.0,31060.0,31060.0,31060.0,0,2025-04-22 04:17:00
1745295480,31060.0,31080.0,31060.0,31080.0,1,2025-04-22 04:18:00
1745295540,31080.0,31080.0,31045.0,31050.0,9,2025-04-22 04:19:00
1745295600,31050.0,31050.0,31050.0,31050.0,0,2025-04-22 04:20:00
1745295660,31050.0,31110.0,31050.0,31110.0,12,2025-04-22 04:21:00
1745295720,31110.0,31140.0,31090.0,31100.0,64,2025-04-22 04:22:00
1745295780,31100.0,31115.0,31070.0,31070.0,14,2025-04-22 04:23:00
1745295840,31070.0,31075.0,31065.0,31065.0,7,2025-04-22 04:24:00
1745295900,31050.0,31050.0,31050.0,31050.0,7,2025-04-22 04:25:00
1745295960,31050.0,31050.0,31050.0,31050.0,3,2025-04-22 04:26:00
1745296020,31050.0,31050.0,31050.0,31050.0,1,2025-04-22 04:27:00
1745296080,31050.0,31050.0,31045.0,31045.0,2,2025-04-22 04:28:00
1745296140,31045.0,31045.0,31030.0,31030.0,22,2025-04-22 04:29:00
1745296200,31030.0,31030.0,30985.0,31010.0,6,2025-04-22 04:30:00
1745296260,31010.0,31010.0,30955.0,30980.0,8,2025-04-22 04:31:00
1745296320,30980.0,30980.0,30960.0,30960.0,5,2025-04-22 04:32:00
1745296380,30960.0,30960.0,30960.0,30960.0,5,2025-04-22 04:33:00
1745296440,30960.0,30960.0,30960.0,30960.0,10,2025-04-22 04:34:00
1745296500,30960.0,30960.0,30960.0,30960.0,0,2025-04-22 04:35:00
1745296560,30960.0,30970.0,30960.0,30970.0,39,2025-04-22 04:36:00
1745296620,30970.0,30970.0,30970.0,30970.0,10,2025-04-22 04:37:00
1745296680,30970.0,31005.0,30970.0,31005.0,1,2025-04-22 04:38:00
1745296740,31005.0,31005.0,31005.0,31005.0,0,2025-04-22 04:39:00
1745296800,31005.0,31005.0,31005.0,31005.0,0,2025-04-22 04:40:00
1745296860,31005.0,31005.0,31005.0,31005.0,0,2025-04-22 04:41:00
1745296920,31005.0,31005.0,31005.0,31005.0,2,2025-04-22 04:42:00
1745296980,31005.0,31005.0,31005.0,31005.0,0,2025-04-22 04:43:00
1745297040,31005.0,31005.0,30970.0,30970.0,3,2025-04-22 04:44:00
1745297100,30970.0,30970.0,30970.0,30970.0,0,2025-04-22 04:45:00
1745297160,30970.0,30970.0,30970.0,30970.0,0,2025-04-22 04:46:00
1745297220,30970.0,30970.0,30970.0,30970.0,0,2025-04-22 04:47:00
1745297280,30970.0,30970.0,30970.0,30970.0,0,2025-04-22 04:48:00
1745297340,30970.0,30970.0,30970.0,30970.0,1,2025-04-22 04:49:00
1745297400,30975.0,31005.0,30975.0,31005.0,3,2025-04-22 04:50:00
1745297460,31005.0,31005.0,30970.0,30970.0,1,2025-04-22 04:51:00
1745297520,30970.0,30970.0,30970.0,30970.0,1,2025-04-22 04:52:00
1745297580,30970.0,30970.0,30970.0,30970.0,1,2025-04-22 04:53:00
1745297640,30970.0,30970.0,30970.0,30970.0,0,2025-04-22 04:54:00
1745297700,30970.0,30970.0,30970.0,30970.0,3,2025-04-22 04:55:00
1745297760,30970.0,30990.0,30970.0,30990.0,3,2025-04-22 04:56:00
1745297820,30990.0,30990.0,30970.0,30970.0,1,2025-04-22 04:57:00
1745297880,30970.0,30970.0,30965.0,30965.0,1,2025-04-22 04:58:00
1745297940,30965.0,30965.0,30965.0,30965.0,0,2025-04-22 04:59:00
1745298000,30965.0,30965.0,30965.0,30965.0,1,2025-04-22 05:00:00
1745298060,30965.0,30965.0,30965.0,30965.0,3,2025-04-22 05:01:00
1745298120,30965.0,30995.0,30965.0,30975.0,3,2025-04-22 05:02:00
1745298180,30975.0,30975.0,30975.0,30975.0,1,2025-04-22 05:03:00
1745298240,30975.0,30975.0,30950.0,30950.0,194,2025-04-22 05:04:00
1745298300,30950.0,30950.0,30950.0,30950.0,0,2025-04-22 05:05:00
1745298360,30950.0,30950.0,30950.0,30950.0,0,2025-04-22 05:06:00
1745298420,30950.0,30950.0,30950.0,30950.0,0,2025-04-22 05:07:00
1745298480,30950.0,30950.0,30950.0,30950.0,0,2025-04-22 05:08:00
1745298540,30950.0,30950.0,30950.0,30950.0,0,2025-04-22 05:09:00
1745298600,30950.0,30975.0,30950.0,30975.0,3,2025-04-22 05:10:00
1745298660,30975.0,30990.0,30975.0,30990.0,13,2025-04-22 05:11:00
1745298720,30990.0,30990.0,30990.0,30990.0,0,2025-04-22 05:12:00
1745298780,30990.0,30990.0,30990.0,30990.0,0,2025-04-22 05:13:00
1745298840,30990.0,30990.0,30990.0,30990.0,0,2025-04-22 05:14:00
1745298900,30990.0,30995.0,30990.0,30995.0,225,2025-04-22 05:15:00
1745298960,31020.0,31060.0,31020.0,31030.0,4,2025-04-22 05:16:00
1745299020,31030.0,31030.0,31025.0,31025.0,4,2025-04-22 05:17:00
1745299080,31025.0,31045.0,31025.0,31030.0,10,2025-04-22 05:18:00
1745299140,31030.0,31030.0,31020.0,31020.0,19,2025-04-22 05:19:00
1745299200,31020.0,31020.0,30995.0,31020.0,4,2025-04-22 05:20:00
1745299260,31020.0,31020.0,31020.0,31020.0,1,2025-04-22 05:21:00
1745299320,31020.0,31020.0,30965.0,31000.0,8,2025-04-22 05:22:00
1745299380,31000.0,31000.0,30995.0,30995.0,1,2025-04-22 05:23:00
1745299440,30995.0,30995.0,30960.0,30960.0,1,2025-04-22 05:24:00
1745299500,30960.0,30960.0,30960.0,30960.0,0,2025-04-22 05:25:00
1745299560,30960.0,30990.0,30960.0,30990.0,1,2025-04-22 05:26:00
1745299620,30990.0,30990.0,30990.0,30990.0,0,2025-04-22 05:27:00
1745299680,30990.0,30990.0,30955.0,30985.0,2,2025-04-22 05:28:00
1745299740,30985.0,30985.0,30985.0,30985.0,1,2025-04-22 05:29:00
1745299800,30985.0,30985.0,30985.0,30985.0,0,2025-04-22 05:30:00
1745299860,30985.0,30990.0,30985.0,30990.0,1,2025-04-22 05:31:00
1745299920,30990.0,30990.0,30960.0,30960.0,2,2025-04-22 05:32:00
1745299980,30980.0,30995.0,30980.0,30995.0,22,2025-04-22 05:33:00
1745300040,30995.0,30995.0,30995.0,30995.0,1,2025-04-22 05:34:00
1745300100,30995.0,30995.0,30995.0,30995.0,1,2025-04-22 05:35:00
1745300160,30995.0,30995.0,30995.0,30995.0,0,2025-04-22 05:36:00
1745300220,30995.0,30995.0,30995.0,30995.0,1,2025-04-22 05:37:00
1745300280,30995.0,30995.0,30995.0,30995.0,0,2025-04-22 05:38:00
1745300340,30995.0,30995.0,30995.0,30995.0,0,2025-04-22 05:39:00
1745300400,30995.0,30995.0,30990.0,30990.0,1,2025-04-22 05:40:00
1745300460,30990.0,30990.0,30955.0,30955.0,1,2025-04-22 05:41:00
1745300520,30950.0,30995.0,30950.0,30990.0,19,2025-04-22 05:42:00
1745300580,30990.0,30990.0,30990.0,30990.0,1,2025-04-22 05:43:00
1745300640,30990.0,30990.0,30955.0,30955.0,1,2025-04-22 05:44:00
1745300700,30955.0,30995.0,30955.0,30995.0,1,2025-04-22 05:45:00
1745300760,30995.0,30995.0,30995.0,30995.0,0,2025-04-22 05:46:00
1745300820,30995.0,30995.0,30990.0,30990.0,1,2025-04-22 05:47:00
1745300880,30990.0,30995.0,30990.0,30995.0,1,2025-04-22 05:48:00
1745300940,30995.0,30995.0,30995.0,30995.0,2,2025-04-22 05:49:00
1745301000,30995.0,30995.0,30995.0,30995.0,1,2025-04-22 05:50:00
1745301060,30995.0,30995.0,30960.0,30985.0,21,2025-04-22 05:51:00
1745301120,30985.0,30990.0,30985.0,30990.0,1,2025-04-22 05:52:00
1745301180,30990.0,30990.0,30990.0,30990.0,0,2025-04-22 05:53:00
1745301240,30990.0,30990.0,30955.0,30955.0,1,2025-04-22 05:54:00
1745301300,31000.0,31000.0,30905.0,30905.0,61,2025-04-22 05:55:00
1745301360,30905.0,30920.0,30845.0,30890.0,157,2025-04-22 05:56:00
1745301420,30890.0,30890.0,30805.0,30805.0,32,2025-04-22 05:57:00
1745301480,30805.0,30840.0,30730.0,30735.0,26,2025-04-22 05:58:00
1745301540,30750.0,30795.0,30720.0,30775.0,20,2025-04-22 05:59:00
1745301600,30775.0,30840.0,30775.0,30830.0,38,2025-04-22 06:00:00
1745301660,30855.0,30875.0,30855.0,30875.0,9,2025-04-22 06:01:00
1745301720,30875.0,30875.0,30875.0,30875.0,0,2025-04-22 06:02:00
1745301780,30875.0,30875.0,30875.0,30875.0,1,2025-04-22 06:03:00
1745301840,30875.0,30880.0,30875.0,30880.0,1,2025-04-22 06:04:00
1745301900,30880.0,30880.0,30880.0,30880.0,0,2025-04-22 06:05:00
1745301960,30880.0,30880.0,30840.0,30840.0,37,2025-04-22 06:06:00
1745302020,30840.0,30925.0,30840.0,30925.0,22,2025-04-22 06:07:00
1745302080,30920.0,30920.0,30920.0,30920.0,10,2025-04-22 06:08:00
1745302140,30920.0,30920.0,30920.0,30920.0,0,2025-04-22 06:09:00
1745302200,30920.0,30920.0,30920.0,30920.0,1,2025-04-22 06:10:00
1745302260,30920.0,30920.0,30915.0,30915.0,2,2025-04-22 06:11:00
1745302320,30915.0,30915.0,30915.0,30915.0,1,2025-04-22 06:12:00
1745302380,30915.0,30915.0,30915.0,30915.0,2,2025-04-22 06:13:00
1745302440,30915.0,30915.0,30915.0,30915.0,0,2025-04-22 06:14:00
1745302500,30915.0,30915.0,30915.0,30915.0,0,2025-04-22 06:15:00
1745302560,30915.0,30915.0,30885.0,30885.0,1,2025-04-22 06:16:00
1745302620,30885.0,30920.0,30885.0,30920.0,3,2025-04-22 06:17:00
1745302680,30920.0,30950.0,30920.0,30950.0,27,2025-04-22 06:18:00
1745302740,30950.0,30950.0,30930.0,30945.0,10,2025-04-22 06:19:00
1745302800,30945.0,30945.0,30945.0,30945.0,1,2025-04-22 06:20:00
1745302860,30945.0,30990.0,30945.0,30990.0,3,2025-04-22 06:21:00
1745302920,30990.0,31000.0,30990.0,31000.0,18,2025-04-22 06:22:00
1745302980,31000.0,31000.0,31000.0,31000.0,0,2025-04-22 06:23:00
1745303040,31000.0,31010.0,31000.0,31010.0,2,2025-04-22 06:24:00
1745303100,31010.0,31015.0,31010.0,31015.0,1,2025-04-22 06:25:00
1745303160,31040.0,31040.0,31040.0,31040.0,16,2025-04-22 06:26:00
1745303220,31040.0,31070.0,31025.0,31070.0,5,2025-04-22 06:27:00
1745303280,31070.0,31080.0,31070.0,31080.0,30,2025-04-22 06:28:00
1745303340,31080.0,31080.0,31080.0,31080.0,0,2025-04-22 06:29:00
1745303400,31080.0,31080.0,31080.0,31080.0,0,2025-04-22 06:30:00
1745303460,31080.0,31080.0,31040.0,31040.0,4,2025-04-22 06:31:00
1745303520,31035.0,31035.0,31035.0,31035.0,17,2025-04-22 06:32:00
1745303580,31035.0,31035.0,31035.0,31035.0,2,2025-04-22 06:33:00
1745303640,31035.0,31035.0,31035.0,31035.0,1,2025-04-22 06:34:00
1745303700,31035.0,31060.0,31035.0,31060.0,2,2025-04-22 06:35:00
1745303760,31060.0,31060.0,31060.0,31060.0,13,2025-04-22 06:36:00
1745303820,31060.0,31060.0,31060.0,31060.0,0,2025-04-22 06:37:00
1745303880,31060.0,31060.0,31060.0,31060.0,0,2025-04-22 06:38:00
1745303940,31060.0,31060.0,31060.0,31060.0,0,2025-04-22 06:39:00
1745304000,31060.0,31060.0,31030.0,31030.0,1,2025-04-22 06:40:00
1745304060,31030.0,31030.0,31030.0,31030.0,0,2025-04-22 06:41:00
1745304120,31030.0,31030.0,31030.0,31030.0,0,2025-04-22 06:42:00
1745304180,31030.0,31035.0,31030.0,31035.0,1,2025-04-22 06:43:00
1745304240,31035.0,31035.0,31035.0,31035.0,0,2025-04-22 06:44:00
1745304300,31035.0,31035.0,31035.0,31035.0,0,2025-04-22 06:45:00
1745304360,31035.0,31035.0,31035.0,31035.0,2,2025-04-22 06:46:00
1745304420,31035.0,31035.0,31035.0,31035.0,0,2025-04-22 06:47:00
1745304480,31035.0,31035.0,31030.0,31030.0,77,2025-04-22 06:48:00
1745304540,31030.0,31030.0,31000.0,31005.0,3,2025-04-22 06:49:00
1745304600,30975.0,30975.0,30975.0,30975.0,5,2025-04-22 06:50:00
1745304660,30975.0,30975.0,30975.0,30975.0,0,2025-04-22 06:51:00
1745304720,30975.0,30975.0,30975.0,30975.0,0,2025-04-22 06:52:00
1745304780,30975.0,31015.0,30975.0,31015.0,4,2025-04-22 06:53:00
1745304840,31015.0,31015.0,30955.0,30955.0,7,2025-04-22 06:54:00
1745304900,30955.0,30955.0,30955.0,30955.0,0,2025-04-22 06:55:00
1745304960,30955.0,30955.0,30955.0,30955.0,0,2025-04-22 06:56:00
1745305020,30995.0,31015.0,30995.0,31015.0,12,2025-04-22 06:57:00
1745305080,31015.0,31015.0,31015.0,31015.0,1,2025-04-22 06:58:00
1745305140,31015.0,31015.0,31015.0,31015.0,0,2025-04-22 06:59:00
1745305200,31015.0,31015.0,31015.0,31015.0,0,2025-04-22 07:00:00
1745305260,31015.0,31015.0,31015.0,31015.0,0,2025-04-22 07:01:00
1745305320,31015.0,31015.0,31015.0,31015.0,0,2025-04-22 07:02:00
1745305380,31015.0,31015.0,30955.0,30955.0,1,2025-04-22 07:03:00
1745305440,30955.0,30955.0,30955.0,30955.0,0,2025-04-22 07:04:00
1745305500,30955.0,30990.0,30955.0,30985.0,5,2025-04-22 07:05:00
1745305560,30985.0,30985.0,30985.0,30985.0,0,2025-04-22 07:06:00
1745305620,30985.0,30990.0,30960.0,30960.0,7,2025-04-22 07:07:00
1745305680,30960.0,30960.0,30960.0,30960.0,1,2025-04-22 07:08:00
1745305740,31000.0,31000.0,31000.0,31000.0,18,2025-04-22 07:09:00
1745305800,31005.0,31005.0,30970.0,30970.0,2,2025-04-22 07:10:00
1745305860,30955.0,30955.0,30955.0,30955.0,1,2025-04-22 07:11:00
1745305920,30955.0,30955.0,30955.0,30955.0,0,2025-04-22 07:12:00
1745305980,30955.0,30955.0,30955.0,30955.0,0,2025-04-22 07:13:00
1745306040,30955.0,30955.0,30955.0,30955.0,0,2025-04-22 07:14:00
1745306100,30955.0,30955.0,30955.0,30955.0,0,2025-04-22 07:15:00
1745306160,30955.0,30990.0,30955.0,30990.0,5,2025-04-22 07:16:00
1745306220,31025.0,31025.0,31025.0,31025.0,2,2025-04-22 07:17:00
1745306280,31025.0,31025.0,30955.0,30955.0,10,2025-04-22 07:18:00
1745306340,30955.0,30955.0,30955.0,30955.0,0,2025-04-22 07:19:00
1745306400,30955.0,30965.0,30955.0,30965.0,27,2025-04-22 07:20:00
1745306460,30965.0,30965.0,30965.0,30965.0,0,2025-04-22 07:21:00
1745306520,30965.0,30965.0,30965.0,30965.0,0,2025-04-22 07:22:00
1745306580,30965.0,30965.0,30965.0,30965.0,0,2025-04-22 07:23:00
1745306640,30965.0,30965.0,30965.0,30965.0,0,2025-04-22 07:24:00
1745306700,30965.0,30965.0,30950.0,30950.0,1,2025-04-22 07:25:00
1745306760,30950.0,30970.0,30935.0,30940.0,27,2025-04-22 07:26:00
1745306820,30940.0,30940.0,30940.0,30940.0,0,2025-04-22 07:27:00
1745306880,30940.0,30960.0,30940.0,30960.0,2,2025-04-22 07:28:00
1745306940,30960.0,30960.0,30960.0,30960.0,0,2025-04-22 07:29:00
1745307000,30960.0,30960.0,30960.0,30960.0,0,2025-04-22 07:30:00
1745307060,30960.0,30980.0,30960.0,30980.0,3,2025-04-22 07:31:00
1745307120,30980.0,30980.0,30980.0,30980.0,1,2025-04-22 07:32:00
1745307180,30980.0,30980.0,30980.0,30980.0,21,2025-04-22 07:33:00
1745307240,30980.0,30980.0,30935.0,30935.0,2,2025-04-22 07:34:00
1745307300,30935.0,30935.0,30935.0,30935.0,0,2025-04-22 07:35:00
1745307360,30935.0,30985.0,30935.0,30985.0,3,2025-04-22 07:36:00
1745307420,30985.0,30985.0,30985.0,30985.0,0,2025-04-22 07:37:00
1745307480,30985.0,30985.0,30985.0,30985.0,0,2025-04-22 07:38:00
1745307540,30985.0,30985.0,30985.0,30985.0,0,2025-04-22 07:39:00
1745307600,30985.0,30985.0,30985.0,30985.0,0,2025-04-22 07:40:00
1745307660,30985.0,30985.0,30935.0,30935.0,1,2025-04-22 07:41:00
1745307720,30935.0,30935.0,30935.0,30935.0,2,2025-04-22 07:42:00
1745307780,30935.0,30935.0,30935.0,30935.0,0,2025-04-22 07:43:00
1745307840,30935.0,30940.0,30935.0,30940.0,1,2025-04-22 07:44:00
1745307900,30940.0,30965.0,30940.0,30965.0,1,2025-04-22 07:45:00
1745307960,30965.0,30965.0,30965.0,30965.0,0,2025-04-22 07:46:00
1745308020,30965.0,30965.0,30940.0,30940.0,1,2025-04-22 07:47:00
1745308080,30940.0,30940.0,30940.0,30940.0,0,2025-04-22 07:48:00
1745308140,30940.0,30940.0,30935.0,30935.0,14,2025-04-22 07:49:00
1745308200,30935.0,30935.0,30935.0,30935.0,0,2025-04-22 07:50:00
1745308260,30935.0,30935.0,30935.0,30935.0,0,2025-04-22 07:51:00
1745308320,30935.0,30935.0,30935.0,30935.0,0,2025-04-22 07:52:00
1745308380,30935.0,30935.0,30935.0,30935.0,6,2025-04-22 07:53:00
1745308440,30935.0,30970.0,30935.0,30970.0,5,2025-04-22 07:54:00
1745308500,30970.0,31005.0,30970.0,30980.0,126,2025-04-22 07:55:00
1745308560,31000.0,31005.0,31000.0,31005.0,4,2025-04-22 07:56:00
1745308620,31005.0,31065.0,31005.0,31065.0,79,2025-04-22 07:57:00
1745308680,31030.0,31065.0,31030.0,31060.0,5,2025-04-22 07:58:00
1745308740,31065.0,31090.0,31055.0,31090.0,6,2025-04-22 07:59:00
1745308800,31090.0,31105.0,31075.0,31085.0,72,2025-04-22 08:00:00
1745308860,31085.0,31095.0,31055.0,31090.0,12,2025-04-22 08:01:00
1745308920,31090.0,31100.0,31090.0,31100.0,4,2025-04-22 08:02:00
1745308980,31100.0,31115.0,31100.0,31105.0,6,2025-04-22 08:03:00
1745309040,31105.0,31115.0,31105.0,31110.0,4,2025-04-22 08:04:00
1745309100,31110.0,31110.0,31105.0,31105.0,4,2025-04-22 08:05:00
1745309160,31105.0,31110.0,31105.0,31110.0,5,2025-04-22 08:06:00
1745309220,31115.0,31115.0,31005.0,31005.0,19,2025-04-22 08:07:00
1745309280,31005.0,31070.0,31005.0,31070.0,9,2025-04-22 08:08:00
1745309340,31070.0,31090.0,31070.0,31090.0,4,2025-04-22 08:09:00
1745309400,31090.0,31090.0,31000.0,31050.0,21,2025-04-22 08:10:00
1745309460,31050.0,31070.0,31050.0,31070.0,4,2025-04-22 08:11:00
1745309520,31070.0,31070.0,31025.0,31065.0,5,2025-04-22 08:12:00
1745309580,31065.0,31065.0,31055.0,31060.0,4,2025-04-22 08:13:00
1745309640,31065.0,31065.0,31055.0,31060.0,4,2025-04-22 08:14:00
1745309700,31060.0,31080.0,31060.0,31080.0,5,2025-04-22 08:15:00
1745309760,31080.0,31080.0,31035.0,31075.0,6,2025-04-22 08:16:00
1745309820,31080.0,31090.0,31080.0,31090.0,5,2025-04-22 08:17:00
1745309880,31090.0,31105.0,31085.0,31105.0,4,2025-04-22 08:18:00
1745309940,31105.0,31115.0,31055.0,31100.0,14,2025-04-22 08:19:00
1745310000,31100.0,31110.0,31070.0,31070.0,7,2025-04-22 08:20:00
1745310060,31070.0,31105.0,31060.0,31095.0,10,2025-04-22 08:21:00
1745310120,31065.0,31095.0,31055.0,31095.0,7,2025-04-22 08:22:00
1745310180,31110.0,31110.0,31055.0,31060.0,18,2025-04-22 08:23:00
1745310240,31060.0,31110.0,31060.0,31105.0,6,2025-04-22 08:24:00
1745310300,31110.0,31110.0,31100.0,31100.0,4,2025-04-22 08:25:00
1745310360,31100.0,31100.0,31065.0,31100.0,5,2025-04-22 08:26:00
1745310420,31100.0,31100.0,31095.0,31100.0,5,2025-04-22 08:27:00
1745310480,31100.0,31110.0,31100.0,31110.0,13,2025-04-22 08:28:00
1745310540,31110.0,31110.0,31105.0,31110.0,4,2025-04-22 08:29:00
1745310600,31110.0,31130.0,31110.0,31130.0,4,2025-04-22 08:30:00
1745310660,31130.0,31130.0,31110.0,31110.0,4,2025-04-22 08:31:00
1745310720,31115.0,31135.0,31095.0,31095.0,6,2025-04-22 08:32:00
1745310780,31095.0,31140.0,31075.0,31120.0,13,2025-04-22 08:33:00
1745310840,31085.0,31115.0,31030.0,31095.0,37,2025-04-22 08:34:00
1745310900,31040.0,31085.0,31040.0,31080.0,6,2025-04-22 08:35:00
1745310960,31075.0,31110.0,31065.0,31110.0,4,2025-04-22 08:36:00
1745311020,31110.0,31115.0,31110.0,31110.0,12,2025-04-22 08:37:00
1745311080,31110.0,31120.0,31065.0,31065.0,13,2025-04-22 08:38:00
1745311140,31065.0,31120.0,31065.0,31120.0,4,2025-04-22 08:39:00
1745311200,31120.0,31120.0,31065.0,31065.0,12,2025-04-22 08:40:00
1745311260,31065.0,31110.0,31065.0,31110.0,4,2025-04-22 08:41:00
1745311320,31110.0,31115.0,31105.0,31115.0,5,2025-04-22 08:42:00
1745311380,31110.0,31110.0,31005.0,31025.0,94,2025-04-22 08:43:00
1745311440,31025.0,31055.0,31020.0,31045.0,18,2025-04-22 08:44:00
1745311500,31045.0,31055.0,31045.0,31055.0,4,2025-04-22 08:45:00
1745311560,31055.0,31060.0,31005.0,31060.0,6,2025-04-22 08:46:00
1745311620,31065.0,31065.0,31055.0,31055.0,5,2025-04-22 08:47:00
1745311680,31055.0,31075.0,31055.0,31075.0,5,2025-04-22 08:48:00
1745311740,31075.0,31075.0,31045.0,31045.0,6,2025-04-22 08:49:00
1745311800,31045.0,31045.0,31040.0,31045.0,8,2025-04-22 08:50:00
1745311860,31045.0,31075.0,31045.0,31075.0,5,2025-04-22 08:51:00
1745311920,31075.0,31075.0,31035.0,31070.0,5,2025-04-22 08:52:00
1745311980,31075.0,31075.0,31025.0,31045.0,7,2025-04-22 08:53:00
1745312040,31045.0,31065.0,31045.0,31065.0,4,2025-04-22 08:54:00
1745312100,31065.0,31065.0,31005.0,31045.0,9,2025-04-22 08:55:00
1745312160,31045.0,31045.0,31000.0,31005.0,12,2025-04-22 08:56:00
1745312220,31005.0,31005.0,30985.0,30990.0,4,2025-04-22 08:57:00
1745312280,30985.0,31020.0,30985.0,30990.0,13,2025-04-22 08:58:00
1745312340,30990.0,31045.0,30990.0,31045.0,4,2025-04-22 08:59:00
1745312400,31045.0,31045.0,30975.0,31020.0,10,2025-04-22 09:00:00
1745312460,30975.0,31020.0,30975.0,31015.0,7,2025-04-22 09:01:00
1745312520,31015.0,31030.0,31010.0,31030.0,5,2025-04-22 09:02:00
1745312580,31030.0,31050.0,31005.0,31050.0,9,2025-04-22 09:03:00
1745312640,31000.0,31045.0,30975.0,30995.0,25,2025-04-22 09:04:00
1745312700,30995.0,30995.0,30970.0,30990.0,7,2025-04-22 09:05:00
1745312760,31005.0,31025.0,30975.0,31025.0,6,2025-04-22 09:06:00
1745312820,31025.0,31040.0,31020.0,31040.0,6,2025-04-22 09:07:00
1745312880,31040.0,31045.0,30985.0,31005.0,19,2025-04-22 09:08:00
1745312940,30995.0,31040.0,30995.0,31035.0,8,2025-04-22 09:09:00
1745313000,30990.0,31040.0,30990.0,30995.0,8,2025-04-22 09:10:00
1745313060,30995.0,31040.0,30995.0,31040.0,6,2025-04-22 09:11:00
1745313120,31040.0,31045.0,31010.0,31045.0,5,2025-04-22 09:12:00
1745313180,31045.0,31045.0,30985.0,31020.0,19,2025-04-22 09:13:00
1745313240,31020.0,31035.0,30995.0,31035.0,7,2025-04-22 09:14:00
1745313300,30985.0,31020.0,30985.0,31015.0,10,2025-04-22 09:15:00
1745313360,31020.0,31030.0,31000.0,31000.0,6,2025-04-22 09:16:00
1745313420,31000.0,31060.0,31000.0,31055.0,17,2025-04-22 09:17:00
1745313480,31055.0,31065.0,31015.0,31030.0,7,2025-04-22 09:18:00
1745313540,31030.0,31070.0,31015.0,31060.0,26,2025-04-22 09:19:00
1745313600,31060.0,31075.0,31030.0,31030.0,8,2025-04-22 09:20:00
1745313660,31030.0,31075.0,31030.0,31075.0,7,2025-04-22 09:21:00
1745313720,31030.0,31075.0,31030.0,31075.0,7,2025-04-22 09:22:00
1745313780,31075.0,31075.0,31075.0,31075.0,5,2025-04-22 09:23:00
1745313840,31075.0,31075.0,31075.0,31075.0,4,2025-04-22 09:24:00
1745313900,31075.0,31075.0,31075.0,31075.0,4,2025-04-22 09:25:00
1745313960,31075.0,31075.0,31035.0,31040.0,8,2025-04-22 09:26:00
1745314020,31040.0,31075.0,31040.0,31075.0,6,2025-04-22 09:27:00
1745314080,31075.0,31075.0,31070.0,31070.0,4,2025-04-22 09:28:00
1745314140,31070.0,31075.0,31070.0,31075.0,5,2025-04-22 09:29:00
1745314200,31075.0,31075.0,31075.0,31075.0,11,2025-04-22 09:30:00
1745314260,31075.0,31075.0,31065.0,31070.0,6,2025-04-22 09:31:00
1745314320,31070.0,31070.0,31010.0,31060.0,16,2025-04-22 09:32:00
1745314380,31060.0,31060.0,31010.0,31045.0,32,2025-04-22 09:33:00
1745314440,31045.0,31075.0,31045.0,31075.0,5,2025-04-22 09:34:00
1745314500,31075.0,31075.0,31015.0,31015.0,9,2025-04-22 09:35:00
1745314560,31015.0,31075.0,31015.0,31075.0,8,2025-04-22 09:36:00
1745314620,31075.0,31075.0,31030.0,31070.0,36,2025-04-22 09:37:00
1745314680,31070.0,31075.0,31035.0,31065.0,5,2025-04-22 09:38:00
1745314740,31070.0,31070.0,31030.0,31065.0,8,2025-04-22 09:39:00
1745314800,31065.0,31070.0,31065.0,31070.0,5,2025-04-22 09:40:00
1745314860,31070.0,31070.0,31070.0,31070.0,15,2025-04-22 09:41:00
1745314920,31035.0,31070.0,31035.0,31070.0,7,2025-04-22 09:42:00
1745314980,31070.0,31075.0,31015.0,31075.0,55,2025-04-22 09:43:00
1745315040,31075.0,31075.0,31015.0,31075.0,10,2025-04-22 09:44:00
1745315100,31075.0,31075.0,31075.0,31075.0,10,2025-04-22 09:45:00
1745315160,31075.0,31075.0,30985.0,31075.0,68,2025-04-22 09:46:00
1745315220,31015.0,31070.0,30980.0,30980.0,36,2025-04-22 09:47:00
1745315280,30985.0,31060.0,30985.0,31050.0,23,2025-04-22 09:48:00
1745315340,30985.0,31070.0,30985.0,31070.0,30,2025-04-22 09:49:00
1745315400,31070.0,31070.0,30970.0,31060.0,35,2025-04-22 09:50:00
1745315460,30990.0,31055.0,30915.0,30915.0,49,2025-04-22 09:51:00
1745315520,30915.0,30970.0,30915.0,30970.0,2,2025-04-22 09:52:00
1745315580,30970.0,30970.0,30960.0,30960.0,21,2025-04-22 09:53:00
1745315640,30960.0,30965.0,30905.0,30965.0,10,2025-04-22 09:54:00
1745315700,30965.0,30965.0,30910.0,30950.0,12,2025-04-22 09:55:00
1745315760,30950.0,30960.0,30930.0,30930.0,15,2025-04-22 09:56:00
1745315820,30895.0,30930.0,30895.0,30930.0,26,2025-04-22 09:57:00
1745315880,30930.0,30930.0,30900.0,30900.0,7,2025-04-22 09:58:00
1745315940,30930.0,30930.0,30850.0,30850.0,72,2025-04-22 09:59:00
1745379900,31150.0,31195.0,31000.0,31145.0,80,2025-04-23 03:45:00
1745379960,31115.0,31115.0,31025.0,31075.0,51,2025-04-23 03:46:00
1745380020,31075.0,31140.0,31050.0,31130.0,40,2025-04-23 03:47:00
1745380080,31130.0,31130.0,31075.0,31130.0,10,2025-04-23 03:48:00
1745380140,31130.0,31145.0,31095.0,31095.0,16,2025-04-23 03:49:00
1745380200,31095.0,31265.0,31095.0,31240.0,123,2025-04-23 03:50:00
1745380260,31195.0,31200.0,31195.0,31200.0,31,2025-04-23 03:51:00
1745380320,31200.0,31400.0,31200.0,31290.0,215,2025-04-23 03:52:00
1745380380,31290.0,31290.0,31200.0,31270.0,62,2025-04-23 03:53:00
1745380440,31270.0,31270.0,31255.0,31260.0,12,2025-04-23 03:54:00
1745380500,31260.0,31260.0,31215.0,31245.0,17,2025-04-23 03:55:00
1745380560,31220.0,31225.0,31220.0,31225.0,10,2025-04-23 03:56:00
1745380620,31225.0,31225.0,31150.0,31150.0,114,2025-04-23 03:57:00
1745380680,31150.0,31150.0,31100.0,31125.0,140,2025-04-23 03:58:00
1745380740,31125.0,31125.0,31115.0,31115.0,1,2025-04-23 03:59:00
1745380800,31115.0,31115.0,31105.0,31105.0,27,2025-04-23 04:00:00
1745380860,31080.0,31095.0,31080.0,31095.0,12,2025-04-23 04:01:00
1745380920,31095.0,31095.0,31020.0,31070.0,32,2025-04-23 04:02:00
1745380980,31070.0,31070.0,31070.0,31070.0,0,2025-04-23 04:03:00
1745381040,31020.0,31045.0,30990.0,31030.0,165,2025-04-23 04:04:00
1745381100,31000.0,31000.0,30960.0,30995.0,33,2025-04-23 04:05:00
1745381160,30995.0,30995.0,30945.0,30965.0,84,2025-04-23 04:06:00
1745381220,30995.0,31070.0,30995.0,31070.0,52,2025-04-23 04:07:00
1745381280,31070.0,31080.0,31050.0,31050.0,11,2025-04-23 04:08:00
1745381340,31050.0,31050.0,31030.0,31030.0,10,2025-04-23 04:09:00
1745381400,31030.0,31050.0,31030.0,31050.0,7,2025-04-23 04:10:00
1745381460,31050.0,31070.0,31050.0,31070.0,2,2025-04-23 04:11:00
1745381520,31070.0,31070.0,31025.0,31025.0,3,2025-04-23 04:12:00
1745381580,31030.0,31030.0,31000.0,31000.0,7,2025-04-23 04:13:00
1745381640,31000.0,31070.0,31000.0,31035.0,5,2025-04-23 04:14:00
1745381700,31035.0,31070.0,31035.0,31070.0,1,2025-04-23 04:15:00
1745381760,31070.0,31070.0,31045.0,31045.0,59,2025-04-23 04:16:00
1745381820,31045.0,31045.0,30995.0,30995.0,27,2025-04-23 04:17:00
1745381880,30995.0,30995.0,30970.0,30970.0,12,2025-04-23 04:18:00
1745381940,30970.0,31010.0,30970.0,30980.0,21,2025-04-23 04:19:00
1745382000,30980.0,31005.0,30980.0,31005.0,2,2025-04-23 04:20:00
1745382060,31005.0,31005.0,31005.0,31005.0,0,2025-04-23 04:21:00
1745382120,31005.0,31005.0,31000.0,31000.0,7,2025-04-23 04:22:00
1745382180,31000.0,31010.0,30980.0,31010.0,4,2025-04-23 04:23:00
1745382240,30985.0,30985.0,30985.0,30985.0,2,2025-04-23 04:24:00
1745382300,30985.0,30985.0,30985.0,30985.0,0,2025-04-23 04:25:00
1745382360,30980.0,30980.0,30960.0,30965.0,86,2025-04-23 04:26:00
1745382420,30965.0,30965.0,30940.0,30940.0,7,2025-04-23 04:27:00
1745382480,30940.0,30995.0,30940.0,30995.0,11,2025-04-23 04:28:00
1745382540,30995.0,30995.0,30990.0,30995.0,15,2025-04-23 04:29:00
1745382600,30995.0,31000.0,30995.0,31000.0,6,2025-04-23 04:30:00
1745382660,31000.0,31000.0,30920.0,30920.0,27,2025-04-23 04:31:00
1745382720,30920.0,30950.0,30905.0,30950.0,67,2025-04-23 04:32:00
1745382780,30950.0,30950.0,30920.0,30920.0,1,2025-04-23 04:33:00
1745382840,30920.0,30955.0,30920.0,30955.0,1,2025-04-23 04:34:00
1745382900,30955.0,30955.0,30920.0,30955.0,4,2025-04-23 04:35:00
1745382960,30955.0,30955.0,30920.0,30920.0,10,2025-04-23 04:36:00
1745383020,30920.0,30920.0,30905.0,30905.0,1,2025-04-23 04:37:00
1745383080,30905.0,30905.0,30905.0,30905.0,4,2025-04-23 04:38:00
1745383140,30905.0,30935.0,30905.0,30935.0,4,2025-04-23 04:39:00
1745383200,30935.0,30935.0,30900.0,30900.0,11,2025-04-23 04:40:00
1745383260,30900.0,30900.0,30830.0,30855.0,12,2025-04-23 04:41:00
1745383320,30855.0,30885.0,30855.0,30855.0,5,2025-04-23 04:42:00
1745383380,30855.0,30855.0,30855.0,30855.0,5,2025-04-23 04:43:00
1745383440,30855.0,30870.0,30855.0,30855.0,3,2025-04-23 04:44:00
1745383500,30855.0,30895.0,30855.0,30870.0,4,2025-04-23 04:45:00
1745383560,30870.0,30870.0,30850.0,30850.0,3,2025-04-23 04:46:00
1745383620,30850.0,30850.0,30810.0,30820.0,13,2025-04-23 04:47:00
1745383680,30820.0,30845.0,30820.0,30845.0,8,2025-04-23 04:48:00
1745383740,30825.0,30825.0,30700.0,30710.0,129,2025-04-23 04:49:00
1745383800,30710.0,30750.0,30700.0,30710.0,24,2025-04-23 04:50:00
1745383860,30710.0,30785.0,30710.0,30780.0,11,2025-04-23 04:51:00
1745383920,30780.0,30795.0,30750.0,30795.0,7,2025-04-23 04:52:00
1745383980,30795.0,30825.0,30795.0,30825.0,2,2025-04-23 04:53:00
1745384040,30825.0,30825.0,30770.0,30795.0,6,2025-04-23 04:54:00
1745384100,30795.0,30800.0,30790.0,30800.0,27,2025-04-23 04:55:00
1745384160,30800.0,30800.0,30795.0,30795.0,26,2025-04-23 04:56:00
1745384220,30795.0,30875.0,30795.0,30875.0,9,2025-04-23 04:57:00
1745384280,30875.0,30875.0,30870.0,30870.0,16,2025-04-23 04:58:00
1745384340,30870.0,30920.0,30870.0,30920.0,28,2025-04-23 04:59:00
1745384400,30935.0,30935.0,30875.0,30875.0,6,2025-04-23 05:00:00
1745384460,30875.0,30875.0,30875.0,30875.0,0,2025-04-23 05:01:00
1745384520,30875.0,30875.0,30830.0,30830.0,27,2025-04-23 05:02:00
1745384580,30830.0,30960.0,30830.0,30960.0,97,2025-04-23 05:03:00
1745384640,30960.0,30960.0,30930.0,30930.0,6,2025-04-23 05:04:00
1745384700,30930.0,30990.0,30900.0,30900.0,249,2025-04-23 05:05:00
1745384760,30900.0,30950.0,30900.0,30915.0,6,2025-04-23 05:06:00
1745384820,30915.0,30915.0,30905.0,30905.0,249,2025-04-23 05:07:00
1745384880,30905.0,30915.0,30905.0,30915.0,28,2025-04-23 05:08:00
1745384940,30915.0,30945.0,30915.0,30935.0,27,2025-04-23 05:09:00
1745385000,30935.0,30935.0,30935.0,30935.0,0,2025-04-23 05:10:00
1745385060,30950.0,30950.0,30915.0,30925.0,27,2025-04-23 05:11:00
1745385120,30925.0,30925.0,30925.0,30925.0,0,2025-04-23 05:12:00
1745385180,30925.0,30925.0,30925.0,30925.0,0,2025-04-23 05:13:00
1745385240,30925.0,30925.0,30925.0,30925.0,0,2025-04-23 05:14:00
1745385300,30925.0,30925.0,30925.0,30925.0,0,2025-04-23 05:15:00
1745385360,30925.0,30925.0,30925.0,30925.0,1,2025-04-23 05:16:00
1745385420,30925.0,30925.0,30925.0,30925.0,0,2025-04-23 05:17:00
1745385480,30925.0,30925.0,30910.0,30910.0,1,2025-04-23 05:18:00
1745385540,30910.0,30910.0,30910.0,30910.0,1,2025-04-23 05:19:00
1745385600,30910.0,30910.0,30910.0,30910.0,0,2025-04-23 05:20:00
1745385660,30910.0,30915.0,30910.0,30915.0,2,2025-04-23 05:21:00
1745385720,30915.0,30915.0,30915.0,30915.0,0,2025-04-23 05:22:00
1745385780,30915.0,30915.0,30915.0,30915.0,0,2025-04-23 05:23:00
1745385840,30915.0,30915.0,30905.0,30905.0,3,2025-04-23 05:24:00
1745385900,30905.0,30905.0,30905.0,30905.0,0,2025-04-23 05:25:00
1745385960,30905.0,30905.0,30905.0,30905.0,0,2025-04-23 05:26:00
1745386020,30905.0,30905.0,30865.0,30865.0,1,2025-04-23 05:27:00
1745386080,30865.0,30865.0,30860.0,30860.0,6,2025-04-23 05:28:00
1745386140,30860.0,30860.0,30860.0,30860.0,0,2025-04-23 05:29:00
1745386200,30905.0,30945.0,30905.0,30945.0,3,2025-04-23 05:30:00
1745386260,30945.0,30950.0,30945.0,30950.0,1,2025-04-23 05:31:00
1745386320,30950.0,30970.0,30950.0,30970.0,5,2025-04-23 05:32:00
1745386380,30970.0,30970.0,30970.0,30970.0,0,2025-04-23 05:33:00
1745386440,30970.0,30970.0,30970.0,30970.0,0,2025-04-23 05:34:00
1745386500,30970.0,30970.0,30955.0,30955.0,2,2025-04-23 05:35:00
1745386560,30955.0,30965.0,30945.0,30945.0,4,2025-04-23 05:36:00
1745386620,30965.0,30965.0,30965.0,30965.0,1,2025-04-23 05:37:00
1745386680,30965.0,30965.0,30965.0,30965.0,0,2025-04-23 05:38:00
1745386740,30965.0,30980.0,30965.0,30980.0,5,2025-04-23 05:39:00
1745386800,30980.0,30980.0,30980.0,30980.0,0,2025-04-23 05:40:00
1745386860,30980.0,30980.0,30980.0,30980.0,0,2025-04-23 05:41:00
1745386920,30980.0,30980.0,30980.0,30980.0,0,2025-04-23 05:42:00
1745386980,30980.0,30980.0,30980.0,30980.0,0,2025-04-23 05:43:00
1745387040,30980.0,30980.0,30980.0,30980.0,0,2025-04-23 05:44:00
1745387100,30980.0,30980.0,30980.0,30980.0,0,2025-04-23 05:45:00
1745387160,30980.0,30980.0,30980.0,30980.0,1,2025-04-23 05:46:00
1745387220,30980.0,30980.0,30980.0,30980.0,0,2025-04-23 05:47:00
1745387280,30980.0,30980.0,30980.0,30980.0,0,2025-04-23 05:48:00
1745387340,30980.0,30980.0,30980.0,30980.0,0,2025-04-23 05:49:00
1745387400,30980.0,30995.0,30980.0,30995.0,2,2025-04-23 05:50:00
1745387460,30995.0,31000.0,30995.0,31000.0,14,2025-04-23 05:51:00
1745387520,31000.0,31010.0,31000.0,31010.0,5,2025-04-23 05:52:00
1745387580,31010.0,31025.0,31010.0,31025.0,2,2025-04-23 05:53:00
1745387640,31025.0,31025.0,31025.0,31025.0,0,2025-04-23 05:54:00
1745387700,31025.0,31025.0,31025.0,31025.0,0,2025-04-23 05:55:00
1745387760,31025.0,31025.0,30975.0,31020.0,7,2025-04-23 05:56:00
1745387820,31020.0,31025.0,31020.0,31025.0,1,2025-04-23 05:57:00
1745387880,31025.0,31030.0,31025.0,31030.0,7,2025-04-23 05:58:00
1745387940,31030.0,31050.0,31030.0,31050.0,25,2025-04-23 05:59:00
1745388000,31050.0,31050.0,31005.0,31040.0,6,2025-04-23 06:00:00
1745388060,31040.0,31040.0,31040.0,31040.0,0,2025-04-23 06:01:00
1745388120,31040.0,31040.0,31015.0,31015.0,1,2025-04-23 06:02:00
1745388180,31015.0,31015.0,31015.0,31015.0,0,2025-04-23 06:03:00
1745388240,31015.0,31015.0,31015.0,31015.0,0,2025-04-23 06:04:00
1745388300,31015.0,31015.0,31015.0,31015.0,0,2025-04-23 06:05:00
1745388360,31015.0,31045.0,31015.0,31025.0,3,2025-04-23 06:06:00
1745388420,31025.0,31025.0,31025.0,31025.0,2,2025-04-23 06:07:00
1745388480,31025.0,31025.0,31000.0,31000.0,127,2025-04-23 06:08:00
1745388540,31000.0,31000.0,30960.0,30960.0,6,2025-04-23 06:09:00
1745388600,30960.0,30960.0,30960.0,30960.0,0,2025-04-23 06:10:00
1745388660,30960.0,31010.0,30960.0,30990.0,2,2025-04-23 06:11:00
1745388720,30990.0,30990.0,30990.0,30990.0,0,2025-04-23 06:12:00
1745388780,30990.0,31000.0,30990.0,31000.0,7,2025-04-23 06:13:00
1745388840,30940.0,30940.0,30940.0,30940.0,38,2025-04-23 06:14:00
1745388900,30940.0,30940.0,30940.0,30940.0,0,2025-04-23 06:15:00
1745388960,30940.0,30940.0,30940.0,30940.0,0,2025-04-23 06:16:00
1745389020,30940.0,30940.0,30940.0,30940.0,0,2025-04-23 06:17:00
1745389080,30940.0,30940.0,30940.0,30940.0,0,2025-04-23 06:18:00
1745389140,30940.0,30940.0,30940.0,30940.0,0,2025-04-23 06:19:00
1745389200,30940.0,30975.0,30940.0,30975.0,1,2025-04-23 06:20:00
1745389260,30975.0,30975.0,30975.0,30975.0,0,2025-04-23 06:21:00
1745389320,30975.0,30975.0,30975.0,30975.0,2,2025-04-23 06:22:00
1745389380,30975.0,30975.0,30925.0,30925.0,12,2025-04-23 06:23:00
1745389440,30925.0,30925.0,30925.0,30925.0,0,2025-04-23 06:24:00
1745389500,30925.0,30930.0,30925.0,30930.0,3,2025-04-23 06:25:00
1745389560,30930.0,30930.0,30925.0,30925.0,1,2025-04-23 06:26:00
1745389620,30925.0,30925.0,30925.0,30925.0,0,2025-04-23 06:27:00
1745389680,30955.0,30955.0,30955.0,30955.0,1,2025-04-23 06:28:00
1745389740,30955.0,30955.0,30925.0,30925.0,2,2025-04-23 06:29:00
1745389800,30925.0,30925.0,30915.0,30915.0,1,2025-04-23 06:30:00
1745389860,30915.0,30915.0,30915.0,30915.0,0,2025-04-23 06:31:00
1745389920,30915.0,30915.0,30915.0,30915.0,0,2025-04-23 06:32:00
1745389980,30915.0,30915.0,30915.0,30915.0,0,2025-04-23 06:33:00
1745390040,30915.0,30915.0,30915.0,30915.0,0,2025-04-23 06:34:00
1745390100,30915.0,30915.0,30915.0,30915.0,0,2025-04-23 06:35:00
1745390160,30915.0,30915.0,30915.0,30915.0,0,2025-04-23 06:36:00
1745390220,30925.0,30925.0,30925.0,30925.0,1,2025-04-23 06:37:00
1745390280,30925.0,30925.0,30925.0,30925.0,0,2025-04-23 06:38:00
1745390340,30925.0,30925.0,30925.0,30925.0,0,2025-04-23 06:39:00
1745390400,30925.0,30925.0,30925.0,30925.0,0,2025-04-23 06:40:00
1745390460,30925.0,30925.0,30915.0,30915.0,3,2025-04-23 06:41:00
1745390520,30915.0,30915.0,30915.0,30915.0,0,2025-04-23 06:42:00
1745390580,30915.0,30915.0,30915.0,30915.0,0,2025-04-23 06:43:00
1745390640,30915.0,30975.0,30915.0,30975.0,3,2025-04-23 06:44:00
1745390700,30975.0,30990.0,30975.0,30990.0,4,2025-04-23 06:45:00
1745390760,30990.0,30990.0,30950.0,30950.0,1,2025-04-23 06:46:00
1745390820,30950.0,30950.0,30930.0,30930.0,1,2025-04-23 06:47:00
1745390880,30930.0,30930.0,30930.0,30930.0,0,2025-04-23 06:48:00
1745390940,30930.0,30930.0,30930.0,30930.0,0,2025-04-23 06:49:00
1745391000,30930.0,30930.0,30930.0,30930.0,0,2025-04-23 06:50:00
1745391060,30930.0,30930.0,30930.0,30930.0,1,2025-04-23 06:51:00
1745391120,30930.0,30990.0,30930.0,30940.0,11,2025-04-23 06:52:00
1745391180,30940.0,30940.0,30940.0,30940.0,1,2025-04-23 06:53:00
1745391240,30940.0,30980.0,30940.0,30980.0,1,2025-04-23 06:54:00
1745391300,30980.0,30990.0,30980.0,30990.0,3,2025-04-23 06:55:00
1745391360,30990.0,30990.0,30990.0,30990.0,0,2025-04-23 06:56:00
1745391420,30990.0,30990.0,30990.0,30990.0,0,2025-04-23 06:57:00
1745391480,30990.0,30990.0,30990.0,30990.0,0,2025-04-23 06:58:00
1745391540,30990.0,30990.0,30990.0,30990.0,0,2025-04-23 06:59:00
1745391600,30990.0,30990.0,30955.0,30955.0,8,2025-04-23 07:00:00
1745391660,30955.0,30955.0,30955.0,30955.0,0,2025-04-23 07:01:00
1745391720,30955.0,30955.0,30955.0,30955.0,0,2025-04-23 07:02:00
1745391780,30955.0,30955.0,30955.0,30955.0,0,2025-04-23 07:03:00
1745391840,30955.0,30990.0,30955.0,30990.0,5,2025-04-23 07:04:00
1745391900,30990.0,30990.0,30990.0,30990.0,0,2025-04-23 07:05:00
1745391960,30990.0,30990.0,30990.0,30990.0,8,2025-04-23 07:06:00
1745392020,30990.0,30990.0,30970.0,30970.0,1,2025-04-23 07:07:00
1745392080,30970.0,30970.0,30970.0,30970.0,0,2025-04-23 07:08:00
1745392140,30970.0,30970.0,30970.0,30970.0,0,2025-04-23 07:09:00
1745392200,30970.0,30970.0,30940.0,30945.0,8,2025-04-23 07:10:00
1745392260,30945.0,30945.0,30945.0,30945.0,0,2025-04-23 07:11:00
1745392320,30945.0,30945.0,30945.0,30945.0,0,2025-04-23 07:12:00
1745392380,30945.0,30945.0,30945.0,30945.0,0,2025-04-23 07:13:00
1745392440,30945.0,30945.0,30945.0,30945.0,0,2025-04-23 07:14:00
1745392500,30945.0,30945.0,30945.0,30945.0,10,2025-04-23 07:15:00
1745392560,30935.0,30935.0,30905.0,30905.0,12,2025-04-23 07:16:00
1745392620,30905.0,30905.0,30900.0,30900.0,17,2025-04-23 07:17:00
1745392680,30900.0,30900.0,30860.0,30860.0,1,2025-04-23 07:18:00
1745392740,30860.0,30910.0,30860.0,30910.0,5,2025-04-23 07:19:00
1745392800,30910.0,30920.0,30910.0,30915.0,2,2025-04-23 07:20:00
1745392860,30915.0,30920.0,30915.0,30915.0,2,2025-04-23 07:21:00
1745392920,30915.0,30915.0,30915.0,30915.0,3,2025-04-23 07:22:00
1745392980,30915.0,30915.0,30905.0,30905.0,5,2025-04-23 07:23:00
1745393040,30910.0,30910.0,30910.0,30910.0,3,2025-04-23 07:24:00
1745393100,30910.0,30910.0,30900.0,30900.0,3,2025-04-23 07:25:00
1745393160,30900.0,30900.0,30900.0,30900.0,2,2025-04-23 07:26:00
1745393220,30900.0,30900.0,30900.0,30900.0,3,2025-04-23 07:27:00
1745393280,30900.0,30910.0,30900.0,30910.0,6,2025-04-23 07:28:00
1745393340,30910.0,30920.0,30900.0,30900.0,8,2025-04-23 07:29:00
1745393400,30925.0,30925.0,30905.0,30925.0,5,2025-04-23 07:30:00
1745393460,30925.0,30930.0,30875.0,30915.0,22,2025-04-23 07:31:00
1745393520,30915.0,30915.0,30890.0,30910.0,3,2025-04-23 07:32:00
1745393580,30910.0,30910.0,30865.0,30890.0,4,2025-04-23 07:33:00
1745393640,30890.0,30890.0,30880.0,30880.0,13,2025-04-23 07:34:00
1745393700,30905.0,30905.0,30850.0,30900.0,21,2025-04-23 07:35:00
1745393760,30900.0,30915.0,30900.0,30915.0,3,2025-04-23 07:36:00
1745393820,30915.0,30925.0,30900.0,30900.0,3,2025-04-23 07:37:00
1745393880,30900.0,30910.0,30900.0,30910.0,5,2025-04-23 07:38:00
1745393940,30910.0,30910.0,30895.0,30895.0,3,2025-04-23 07:39:00
1745394000,30895.0,30925.0,30880.0,30900.0,10,2025-04-23 07:40:00
1745394060,30900.0,30915.0,30870.0,30915.0,5,2025-04-23 07:41:00
1745394120,30915.0,30915.0,30855.0,30885.0,9,2025-04-23 07:42:00
1745394180,30895.0,30900.0,30895.0,30900.0,3,2025-04-23 07:43:00
1745394240,30900.0,30900.0,30900.0,30900.0,3,2025-04-23 07:44:00
1745394300,30900.0,30900.0,30885.0,30890.0,4,2025-04-23 07:45:00
1745394360,30875.0,30895.0,30875.0,30895.0,7,2025-04-23 07:46:00
1745394420,30895.0,30900.0,30895.0,30900.0,3,2025-04-23 07:47:00
1745394480,30900.0,30900.0,30860.0,30885.0,9,2025-04-23 07:48:00
1745394540,30900.0,30900.0,30900.0,30900.0,6,2025-04-23 07:49:00
1745394600,30900.0,30910.0,30900.0,30910.0,34,2025-04-23 07:50:00
1745394660,30910.0,30910.0,30910.0,30910.0,5,2025-04-23 07:51:00
1745394720,30910.0,30910.0,30880.0,30910.0,4,2025-04-23 07:52:00
1745394780,30910.0,30910.0,30890.0,30900.0,4,2025-04-23 07:53:00
1745394840,30900.0,30900.0,30895.0,30895.0,3,2025-04-23 07:54:00
1745394900,30895.0,30900.0,30895.0,30900.0,2,2025-04-23 07:55:00
1745394960,30895.0,30895.0,30870.0,30875.0,5,2025-04-23 07:56:00
1745395020,30875.0,30910.0,30875.0,30910.0,10,2025-04-23 07:57:00
1745395080,30910.0,30910.0,30880.0,30895.0,5,2025-04-23 07:58:00
1745395140,30895.0,30900.0,30895.0,30900.0,2,2025-04-23 07:59:00
1745395200,30900.0,30900.0,30870.0,30900.0,4,2025-04-23 08:00:00
1745395260,30900.0,30900.0,30900.0,30900.0,2,2025-04-23 08:01:00
1745395320,30900.0,30900.0,30895.0,30895.0,3,2025-04-23 08:02:00
1745395380,30895.0,30910.0,30895.0,30910.0,7,2025-04-23 08:03:00
1745395440,30910.0,30910.0,30905.0,30910.0,2,2025-04-23 08:04:00
1745395500,30910.0,30910.0,30890.0,30890.0,4,2025-04-23 08:05:00
1745395560,30890.0,30900.0,30890.0,30900.0,3,2025-04-23 08:06:00
1745395620,30900.0,30900.0,30870.0,30900.0,4,2025-04-23 08:07:00
1745395680,30870.0,30900.0,30870.0,30900.0,11,2025-04-23 08:08:00
1745395740,30900.0,30900.0,30885.0,30885.0,2,2025-04-23 08:09:00
1745395800,30885.0,30900.0,30885.0,30900.0,33,2025-04-23 08:10:00
1745395860,30900.0,30910.0,30885.0,30885.0,17,2025-04-23 08:11:00
1745395920,30885.0,30895.0,30870.0,30895.0,3,2025-04-23 08:12:00
1745395980,30900.0,30900.0,30895.0,30900.0,5,2025-04-23 08:13:00
1745396040,30900.0,30900.0,30885.0,30885.0,3,2025-04-23 08:14:00
1745396100,30885.0,30900.0,30865.0,30900.0,4,2025-04-23 08:15:00
1745396160,30900.0,30910.0,30900.0,30905.0,23,2025-04-23 08:16:00
1745396220,30905.0,30910.0,30895.0,30895.0,3,2025-04-23 08:17:00
1745396280,30895.0,30905.0,30870.0,30905.0,6,2025-04-23 08:18:00
1745396340,30905.0,30905.0,30880.0,30905.0,10,2025-04-23 08:19:00
1745396400,30905.0,30905.0,30865.0,30905.0,7,2025-04-23 08:20:00
1745396460,30905.0,30905.0,30905.0,30905.0,6,2025-04-23 08:21:00
1745396520,30905.0,30905.0,30880.0,30905.0,7,2025-04-23 08:22:00
1745396580,30900.0,30910.0,30890.0,30910.0,35,2025-04-23 08:23:00
1745396640,30910.0,30910.0,30905.0,30905.0,6,2025-04-23 08:24:00
1745396700,30905.0,30905.0,30890.0,30890.0,5,2025-04-23 08:25:00
1745396760,30890.0,30915.0,30880.0,30885.0,8,2025-04-23 08:26:00
1745396820,30885.0,30900.0,30850.0,30900.0,17,2025-04-23 08:27:00
1745396880,30900.0,30900.0,30855.0,30855.0,7,2025-04-23 08:28:00
1745396940,30855.0,30895.0,30830.0,30875.0,26,2025-04-23 08:29:00
1745397000,30865.0,30910.0,30845.0,30895.0,33,2025-04-23 08:30:00
1745397060,30885.0,30900.0,30850.0,30865.0,11,2025-04-23 08:31:00
1745397120,30900.0,30900.0,30845.0,30900.0,36,2025-04-23 08:32:00
1745397180,30900.0,30900.0,30860.0,30900.0,9,2025-04-23 08:33:00
1745397240,30900.0,30900.0,30845.0,30900.0,9,2025-04-23 08:34:00
1745397300,30900.0,30930.0,30865.0,30865.0,268,2025-04-23 08:35:00
1745397360,30865.0,30880.0,30835.0,30845.0,15,2025-04-23 08:36:00
1745397420,30865.0,30865.0,30820.0,30820.0,14,2025-04-23 08:37:00
1745397480,30870.0,30880.0,30825.0,30870.0,25,2025-04-23 08:38:00
1745397540,30870.0,30870.0,30815.0,30870.0,22,2025-04-23 08:39:00
1745397600,30870.0,30870.0,30810.0,30815.0,14,2025-04-23 08:40:00
1745397660,30815.0,30850.0,30810.0,30845.0,16,2025-04-23 08:41:00
1745397720,30845.0,30845.0,30805.0,30810.0,16,2025-04-23 08:42:00
1745397780,30810.0,30845.0,30805.0,30805.0,16,2025-04-23 08:43:00
1745397840,30805.0,30850.0,30800.0,30800.0,14,2025-04-23 08:44:00
1745397900,30840.0,30850.0,30805.0,30810.0,14,2025-04-23 08:45:00
1745397960,30810.0,30845.0,30805.0,30840.0,15,2025-04-23 08:46:00
1745398020,30840.0,30840.0,30805.0,30805.0,13,2025-04-23 08:47:00
1745398080,30805.0,30845.0,30805.0,30815.0,13,2025-04-23 08:48:00
1745398140,30815.0,30840.0,30805.0,30840.0,11,2025-04-23 08:49:00
1745398200,30840.0,30845.0,30805.0,30820.0,28,2025-04-23 08:50:00
1745398260,30820.0,30855.0,30810.0,30810.0,13,2025-04-23 08:51:00
1745398320,30810.0,30865.0,30810.0,30815.0,20,2025-04-23 08:52:00
1745398380,30860.0,30860.0,30650.0,30690.0,377,2025-04-23 08:53:00
1745398440,30685.0,30730.0,30650.0,30695.0,66,2025-04-23 08:54:00
1745398500,30695.0,30695.0,30660.0,30660.0,13,2025-04-23 08:55:00
1745398560,30685.0,30695.0,30665.0,30670.0,13,2025-04-23 08:56:00
1745398620,30670.0,30690.0,30650.0,30655.0,17,2025-04-23 08:57:00
1745398680,30655.0,30695.0,30650.0,30660.0,15,2025-04-23 08:58:00
1745398740,30660.0,30690.0,30655.0,30660.0,13,2025-04-23 08:59:00
1745398800,30680.0,30700.0,30655.0,30695.0,74,2025-04-23 09:00:00
1745398860,30695.0,30735.0,30650.0,30735.0,204,2025-04-23 09:01:00
1745398920,30665.0,30670.0,30630.0,30650.0,105,2025-04-23 09:02:00
1745398980,30650.0,30665.0,30635.0,30635.0,13,2025-04-23 09:03:00
1745399040,30650.0,30660.0,30620.0,30660.0,21,2025-04-23 09:04:00
1745399100,30660.0,30660.0,30605.0,30610.0,15,2025-04-23 09:05:00
1745399160,30610.0,30645.0,30605.0,30610.0,13,2025-04-23 09:06:00
1745399220,30610.0,30645.0,30610.0,30610.0,13,2025-04-23 09:07:00
1745399280,30610.0,30645.0,30610.0,30645.0,12,2025-04-23 09:08:00
1745399340,30645.0,30655.0,30615.0,30615.0,57,2025-04-23 09:09:00
1745399400,30645.0,30645.0,30590.0,30590.0,120,2025-04-23 09:10:00
1745399460,30590.0,30600.0,30590.0,30590.0,14,2025-04-23 09:11:00
1745399520,30600.0,30600.0,30555.0,30580.0,38,2025-04-23 09:12:00
1745399580,30580.0,30585.0,30550.0,30555.0,27,2025-04-23 09:13:00
1745399640,30550.0,30550.0,30500.0,30535.0,163,2025-04-23 09:14:00
1745399700,30535.0,30535.0,30500.0,30500.0,14,2025-04-23 09:15:00
1745399760,30500.0,30535.0,30500.0,30515.0,39,2025-04-23 09:16:00
1745399820,30515.0,30550.0,30500.0,30510.0,14,2025-04-23 09:17:00
1745399880,30510.0,30535.0,30510.0,30515.0,20,2025-04-23 09:18:00
1745399940,30515.0,30535.0,30510.0,30535.0,18,2025-04-23 09:19:00
1745400000,30535.0,30550.0,30525.0,30535.0,59,2025-04-23 09:20:00
1745400060,30535.0,30590.0,30535.0,30590.0,20,2025-04-23 09:21:00
1745400120,30590.0,30590.0,30550.0,30585.0,19,2025-04-23 09:22:00
1745400180,30590.0,30590.0,30555.0,30575.0,20,2025-04-23 09:23:00
1745400240,30575.0,30615.0,30570.0,30615.0,30,2025-04-23 09:24:00
1745400300,30615.0,30615.0,30370.0,30440.0,216,2025-04-23 09:25:00
1745400360,30445.0,30500.0,30445.0,30500.0,13,2025-04-23 09:26:00
1745400420,30500.0,30500.0,30455.0,30485.0,22,2025-04-23 09:27:00
1745400480,30485.0,30490.0,30485.0,30485.0,4,2025-04-23 09:28:00
1745400540,30485.0,30500.0,30485.0,30490.0,29,2025-04-23 09:29:00
1745400600,30490.0,30495.0,30490.0,30490.0,11,2025-04-23 09:30:00
1745400660,30490.0,30495.0,30450.0,30450.0,19,2025-04-23 09:31:00
1745400720,30450.0,30495.0,30450.0,30490.0,32,2025-04-23 09:32:00
1745400780,30490.0,30500.0,30490.0,30500.0,3,2025-04-23 09:33:00
1745400840,30490.0,30500.0,30490.0,30495.0,6,2025-04-23 09:34:00
1745400900,30495.0,30495.0,30495.0,30495.0,9,2025-04-23 09:35:00
1745400960,30500.0,30500.0,30465.0,30495.0,16,2025-04-23 09:36:00
1745401020,30500.0,30500.0,30495.0,30495.0,8,2025-04-23 09:37:00
1745401080,30495.0,30495.0,30480.0,30495.0,5,2025-04-23 09:38:00
1745401140,30495.0,30500.0,30470.0,30500.0,31,2025-04-23 09:39:00
1745401200,30500.0,30500.0,30485.0,30500.0,28,2025-04-23 09:40:00
1745401260,30500.0,30500.0,30470.0,30470.0,14,2025-04-23 09:41:00
1745401320,30500.0,30500.0,30465.0,30470.0,16,2025-04-23 09:42:00
1745401380,30485.0,30495.0,30455.0,30495.0,44,2025-04-23 09:43:00
1745401440,30455.0,30500.0,30455.0,30490.0,54,2025-04-23 09:44:00
1745401500,30460.0,30490.0,30405.0,30470.0,84,2025-04-23 09:45:00
1745401560,30430.0,30465.0,30405.0,30415.0,31,2025-04-23 09:46:00
1745401620,30405.0,30450.0,30405.0,30440.0,19,2025-04-23 09:47:00
1745401680,30440.0,30470.0,30405.0,30430.0,46,2025-04-23 09:48:00
1745401740,30425.0,30480.0,30420.0,30475.0,103,2025-04-23 09:49:00
1745401800,30475.0,30475.0,30400.0,30400.0,69,2025-04-23 09:50:00
1745401860,30400.0,30470.0,30400.0,30470.0,9,2025-04-23 09:51:00
1745401920,30470.0,30485.0,30455.0,30475.0,20,2025-04-23 09:52:00
1745401980,30455.0,30495.0,30450.0,30495.0,70,2025-04-23 09:53:00
1745402040,30495.0,30495.0,30480.0,30495.0,16,2025-04-23 09:54:00
1745402100,30495.0,30500.0,30470.0,30470.0,47,2025-04-23 09:55:00
1745402160,30470.0,30500.0,30470.0,30500.0,167,2025-04-23 09:56:00
1745402220,30500.0,30500.0,30470.0,30470.0,29,2025-04-23 09:57:00
1745402280,30500.0,30500.0,30470.0,30500.0,41,2025-04-23 09:58:00
1745402340,30465.0,30500.0,30465.0,30470.0,26,2025-04-23 09:59:00
1745466300,30680.0,30680.0,30470.0,30470.0,185,2025-04-24 03:45:00
1745466360,30470.0,30515.0,30415.0,30485.0,39,2025-04-24 03:46:00
1745466420,30485.0,30545.0,30485.0,30510.0,19,2025-04-24 03:47:00
1745466480,30510.0,30520.0,30465.0,30470.0,45,2025-04-24 03:48:00
1745466540,30440.0,30495.0,30440.0,30490.0,66,2025-04-24 03:49:00
1745466600,30490.0,30495.0,30435.0,30470.0,28,2025-04-24 03:50:00
1745466660,30470.0,30470.0,30470.0,30470.0,3,2025-04-24 03:51:00
1745466720,30485.0,30485.0,30470.0,30470.0,10,2025-04-24 03:52:00
1745466780,30445.0,30475.0,30435.0,30440.0,11,2025-04-24 03:53:00
1745466840,30450.0,30475.0,30445.0,30465.0,40,2025-04-24 03:54:00
1745466900,30460.0,30460.0,30450.0,30450.0,3,2025-04-24 03:55:00
1745466960,30450.0,30450.0,30430.0,30430.0,8,2025-04-24 03:56:00
1745467020,30430.0,30430.0,30400.0,30400.0,16,2025-04-24 03:57:00
1745467080,30430.0,30465.0,30430.0,30465.0,9,2025-04-24 03:58:00
1745467140,30465.0,30465.0,30410.0,30425.0,16,2025-04-24 03:59:00
1745467200,30425.0,30455.0,30410.0,30430.0,53,2025-04-24 04:00:00
1745467260,30430.0,30430.0,30410.0,30415.0,28,2025-04-24 04:01:00
1745467320,30410.0,30425.0,30410.0,30415.0,40,2025-04-24 04:02:00
1745467380,30415.0,30420.0,30375.0,30395.0,71,2025-04-24 04:03:00
1745467440,30395.0,30415.0,30395.0,30405.0,7,2025-04-24 04:04:00
1745467500,30405.0,30430.0,30395.0,30410.0,29,2025-04-24 04:05:00
1745467560,30410.0,30410.0,30355.0,30355.0,80,2025-04-24 04:06:00
1745467620,30395.0,30395.0,30355.0,30380.0,8,2025-04-24 04:07:00
1745467680,30380.0,30385.0,30355.0,30385.0,6,2025-04-24 04:08:00
1745467740,30385.0,30385.0,30320.0,30320.0,43,2025-04-24 04:09:00
1745467800,30320.0,30370.0,30315.0,30370.0,24,2025-04-24 04:10:00
1745467860,30370.0,30370.0,30335.0,30345.0,10,2025-04-24 04:11:00
1745467920,30345.0,30360.0,30340.0,30340.0,2,2025-04-24 04:12:00
1745467980,30340.0,30360.0,30340.0,30355.0,2,2025-04-24 04:13:00
1745468040,30355.0,30355.0,30350.0,30350.0,2,2025-04-24 04:14:00
1745468100,30350.0,30350.0,30340.0,30340.0,2,2025-04-24 04:15:00
1745468160,30340.0,30345.0,30340.0,30345.0,3,2025-04-24 04:16:00
1745468220,30345.0,30370.0,30345.0,30370.0,2,2025-04-24 04:17:00
1745468280,30370.0,30380.0,30360.0,30360.0,7,2025-04-24 04:18:00
1745468340,30360.0,30385.0,30360.0,30360.0,4,2025-04-24 04:19:00
1745468400,30360.0,30360.0,30355.0,30355.0,3,2025-04-24 04:20:00
1745468460,30355.0,30385.0,30355.0,30360.0,3,2025-04-24 04:21:00
1745468520,30360.0,30400.0,30360.0,30400.0,12,2025-04-24 04:22:00
1745468580,30400.0,30400.0,30375.0,30375.0,29,2025-04-24 04:23:00
1745468640,30375.0,30375.0,30370.0,30370.0,2,2025-04-24 04:24:00
1745468700,30370.0,30370.0,30360.0,30360.0,3,2025-04-24 04:25:00
1745468760,30360.0,30360.0,30360.0,30360.0,4,2025-04-24 04:26:00
1745468820,30360.0,30360.0,30355.0,30355.0,3,2025-04-24 04:27:00
1745468880,30355.0,30355.0,30355.0,30355.0,3,2025-04-24 04:28:00
1745468940,30355.0,30360.0,30355.0,30360.0,2,2025-04-24 04:29:00
1745469000,30360.0,30395.0,30360.0,30395.0,6,2025-04-24 04:30:00
1745469060,30395.0,30395.0,30370.0,30370.0,2,2025-04-24 04:31:00
1745469120,30395.0,30400.0,30370.0,30375.0,27,2025-04-24 04:32:00
1745469180,30375.0,30400.0,30370.0,30400.0,14,2025-04-24 04:33:00
1745469240,30400.0,30400.0,30375.0,30400.0,38,2025-04-24 04:34:00
1745469300,30400.0,30400.0,30380.0,30380.0,24,2025-04-24 04:35:00
1745469360,30380.0,30400.0,30380.0,30385.0,7,2025-04-24 04:36:00
1745469420,30385.0,30400.0,30380.0,30380.0,3,2025-04-24 04:37:00
1745469480,30380.0,30420.0,30380.0,30400.0,87,2025-04-24 04:38:00
1745469540,30400.0,30425.0,30400.0,30405.0,16,2025-04-24 04:39:00
1745469600,30405.0,30425.0,30405.0,30410.0,7,2025-04-24 04:40:00
1745469660,30410.0,30420.0,30405.0,30405.0,19,2025-04-24 04:41:00
1745469720,30405.0,30405.0,30380.0,30380.0,3,2025-04-24 04:42:00
1745469780,30380.0,30380.0,30380.0,30380.0,2,2025-04-24 04:43:00
1745469840,30380.0,30400.0,30380.0,30380.0,14,2025-04-24 04:44:00
1745469900,30380.0,30380.0,30315.0,30315.0,190,2025-04-24 04:45:00
1745469960,30315.0,30315.0,30265.0,30265.0,98,2025-04-24 04:46:00
1745470020,30265.0,30275.0,30265.0,30275.0,8,2025-04-24 04:47:00
1745470080,30275.0,30320.0,30275.0,30305.0,154,2025-04-24 04:48:00
1745470140,30285.0,30315.0,30275.0,30305.0,8,2025-04-24 04:49:00
1745470200,30305.0,30305.0,30280.0,30280.0,8,2025-04-24 04:50:00
1745470260,30280.0,30280.0,30265.0,30265.0,13,2025-04-24 04:51:00
1745470320,30265.0,30290.0,30265.0,30270.0,3,2025-04-24 04:52:00
1745470380,30270.0,30325.0,30270.0,30285.0,14,2025-04-24 04:53:00
1745470440,30285.0,30320.0,30285.0,30285.0,15,2025-04-24 04:54:00
1745470500,30285.0,30325.0,30285.0,30285.0,6,2025-04-24 04:55:00
1745470560,30285.0,30285.0,30270.0,30270.0,3,2025-04-24 04:56:00
1745470620,30270.0,30275.0,30265.0,30265.0,5,2025-04-24 04:57:00
1745470680,30265.0,30265.0,30260.0,30260.0,10,2025-04-24 04:58:00
1745470740,30260.0,30260.0,30260.0,30260.0,4,2025-04-24 04:59:00
1745470800,30285.0,30290.0,30260.0,30280.0,10,2025-04-24 05:00:00
1745470860,30280.0,30315.0,30270.0,30275.0,10,2025-04-24 05:01:00
1745470920,30275.0,30315.0,30275.0,30275.0,8,2025-04-24 05:02:00
1745470980,30325.0,30325.0,30275.0,30275.0,8,2025-04-24 05:03:00
1745471040,30275.0,30275.0,30260.0,30270.0,15,2025-04-24 05:04:00
1745471100,30270.0,30280.0,30270.0,30280.0,4,2025-04-24 05:05:00
1745471160,30280.0,30320.0,30280.0,30290.0,7,2025-04-24 05:06:00
1745471220,30290.0,30290.0,30275.0,30275.0,5,2025-04-24 05:07:00
1745471280,30275.0,30350.0,30275.0,30305.0,18,2025-04-24 05:08:00
1745471340,30305.0,30310.0,30305.0,30305.0,3,2025-04-24 05:09:00
1745471400,30305.0,30305.0,30295.0,30305.0,4,2025-04-24 05:10:00
1745471460,30305.0,30335.0,30300.0,30335.0,5,2025-04-24 05:11:00
1745471520,30335.0,30335.0,30320.0,30320.0,3,2025-04-24 05:12:00
1745471580,30320.0,30320.0,30300.0,30300.0,28,2025-04-24 05:13:00
1745471640,30285.0,30285.0,30280.0,30285.0,8,2025-04-24 05:14:00
1745471700,30285.0,30315.0,30280.0,30280.0,5,2025-04-24 05:15:00
1745471760,30280.0,30280.0,30280.0,30280.0,3,2025-04-24 05:16:00
1745471820,30280.0,30325.0,30280.0,30325.0,15,2025-04-24 05:17:00
1745471880,30325.0,30325.0,30280.0,30280.0,6,2025-04-24 05:18:00
1745471940,30280.0,30280.0,30280.0,30280.0,3,2025-04-24 05:19:00
1745472000,30295.0,30335.0,30285.0,30335.0,12,2025-04-24 05:20:00
1745472060,30335.0,30335.0,30240.0,30240.0,85,2025-04-24 05:21:00
1745472120,30240.0,30240.0,30210.0,30215.0,21,2025-04-24 05:22:00
1745472180,30210.0,30210.0,30210.0,30210.0,10,2025-04-24 05:23:00
1745472240,30210.0,30225.0,30210.0,30225.0,4,2025-04-24 05:24:00
1745472300,30225.0,30255.0,30225.0,30225.0,6,2025-04-24 05:25:00
1745472360,30225.0,30225.0,30225.0,30225.0,7,2025-04-24 05:26:00
1745472420,30225.0,30270.0,30225.0,30235.0,13,2025-04-24 05:27:00
1745472480,30235.0,30235.0,30225.0,30225.0,5,2025-04-24 05:28:00
1745472540,30225.0,30265.0,30225.0,30225.0,7,2025-04-24 05:29:00
1745472600,30225.0,30225.0,30225.0,30225.0,4,2025-04-24 05:30:00
1745472660,30225.0,30225.0,30185.0,30185.0,63,2025-04-24 05:31:00
1745472720,30185.0,30210.0,30175.0,30175.0,160,2025-04-24 05:32:00
1745472780,30170.0,30170.0,30165.0,30165.0,6,2025-04-24 05:33:00
1745472840,30165.0,30165.0,30165.0,30165.0,5,2025-04-24 05:34:00
1745472900,30165.0,30165.0,30165.0,30165.0,11,2025-04-24 05:35:00
1745472960,30165.0,30170.0,30165.0,30170.0,1,2025-04-24 05:36:00
1745473020,30170.0,30170.0,30170.0,30170.0,5,2025-04-24 05:37:00
1745473080,30170.0,30195.0,30170.0,30170.0,9,2025-04-24 05:38:00
1745473140,30170.0,30190.0,30170.0,30170.0,2,2025-04-24 05:39:00
1745473200,30170.0,30190.0,30165.0,30190.0,5,2025-04-24 05:40:00
1745473260,30195.0,30195.0,30165.0,30165.0,4,2025-04-24 05:41:00
1745473320,30165.0,30195.0,30160.0,30160.0,4,2025-04-24 05:42:00
1745473380,30160.0,30160.0,30160.0,30160.0,2,2025-04-24 05:43:00
1745473440,30160.0,30160.0,30150.0,30150.0,4,2025-04-24 05:44:00
1745473500,30150.0,30150.0,30150.0,30150.0,8,2025-04-24 05:45:00
1745473560,30150.0,30150.0,30120.0,30120.0,13,2025-04-24 05:46:00
1745473620,30120.0,30120.0,30120.0,30120.0,2,2025-04-24 05:47:00
1745473680,30120.0,30125.0,30120.0,30120.0,4,2025-04-24 05:48:00
1745473740,30120.0,30145.0,30120.0,30125.0,11,2025-04-24 05:49:00
1745473800,30125.0,30125.0,30125.0,30125.0,2,2025-04-24 05:50:00
1745473860,30125.0,30125.0,30125.0,30125.0,2,2025-04-24 05:51:00
1745473920,30125.0,30125.0,30125.0,30125.0,2,2025-04-24 05:52:00
1745473980,30125.0,30125.0,30125.0,30125.0,6,2025-04-24 05:53:00
1745474040,30125.0,30125.0,30125.0,30125.0,2,2025-04-24 05:54:00
1745474100,30125.0,30160.0,30125.0,30160.0,2,2025-04-24 05:55:00
1745474160,30160.0,30165.0,30125.0,30125.0,4,2025-04-24 05:56:00
1745474220,30125.0,30165.0,30125.0,30165.0,5,2025-04-24 05:57:00
1745474280,30165.0,30165.0,30125.0,30125.0,2,2025-04-24 05:58:00
1745474340,30125.0,30125.0,30125.0,30125.0,1,2025-04-24 05:59:00
1745474400,30125.0,30125.0,30125.0,30125.0,2,2025-04-24 06:00:00
1745474460,30125.0,30130.0,30125.0,30130.0,2,2025-04-24 06:01:00
1745474520,30130.0,30135.0,30130.0,30135.0,2,2025-04-24 06:02:00
1745474580,30135.0,30135.0,30130.0,30130.0,7,2025-04-24 06:03:00
1745474640,30130.0,30130.0,30125.0,30125.0,4,2025-04-24 06:04:00
1745474700,30125.0,30125.0,30115.0,30125.0,21,2025-04-24 06:05:00
1745474760,30125.0,30125.0,30115.0,30115.0,2,2025-04-24 06:06:00
1745474820,30115.0,30115.0,30105.0,30105.0,9,2025-04-24 06:07:00
1745474880,30105.0,30120.0,30105.0,30120.0,2,2025-04-24 06:08:00
1745474940,30120.0,30120.0,30120.0,30120.0,2,2025-04-24 06:09:00
1745475000,30120.0,30135.0,30120.0,30135.0,2,2025-04-24 06:10:00
1745475060,30135.0,30135.0,30135.0,30135.0,2,2025-04-24 06:11:00
1745475120,30135.0,30135.0,30135.0,30135.0,1,2025-04-24 06:12:00
1745475180,30135.0,30145.0,30135.0,30135.0,3,2025-04-24 06:13:00
1745475240,30135.0,30135.0,30135.0,30135.0,2,2025-04-24 06:14:00
1745475300,30135.0,30135.0,30135.0,30135.0,9,2025-04-24 06:15:00
1745475360,30135.0,30135.0,30135.0,30135.0,2,2025-04-24 06:16:00
1745475420,30135.0,30165.0,30135.0,30165.0,8,2025-04-24 06:17:00
1745475480,30165.0,30165.0,30135.0,30165.0,2,2025-04-24 06:18:00
1745475540,30165.0,30165.0,30135.0,30135.0,2,2025-04-24 06:19:00
1745475600,30135.0,30135.0,30135.0,30135.0,3,2025-04-24 06:20:00
1745475660,30135.0,30135.0,30135.0,30135.0,2,2025-04-24 06:21:00
1745475720,30135.0,30135.0,30135.0,30135.0,1,2025-04-24 06:22:00
1745475780,30165.0,30165.0,30135.0,30135.0,3,2025-04-24 06:23:00
1745475840,30135.0,30135.0,30135.0,30135.0,2,2025-04-24 06:24:00
1745475900,30135.0,30135.0,30135.0,30135.0,1,2025-04-24 06:25:00
1745475960,30135.0,30135.0,30135.0,30135.0,2,2025-04-24 06:26:00
1745476020,30135.0,30140.0,30135.0,30135.0,3,2025-04-24 06:27:00
1745476080,30135.0,30135.0,30135.0,30135.0,1,2025-04-24 06:28:00
1745476140,30135.0,30140.0,30135.0,30135.0,8,2025-04-24 06:29:00
1745476200,30135.0,30135.0,30135.0,30135.0,2,2025-04-24 06:30:00
1745476260,30135.0,30135.0,30135.0,30135.0,2,2025-04-24 06:31:00
1745476320,30135.0,30135.0,30135.0,30135.0,1,2025-04-24 06:32:00
1745476380,30135.0,30135.0,30135.0,30135.0,2,2025-04-24 06:33:00
1745476440,30135.0,30135.0,30135.0,30135.0,4,2025-04-24 06:34:00
1745476500,30135.0,30140.0,30135.0,30140.0,1,2025-04-24 06:35:00
1745476560,30140.0,30165.0,30135.0,30165.0,6,2025-04-24 06:36:00
1745476620,30165.0,30200.0,30165.0,30165.0,36,2025-04-24 06:37:00
1745476680,30165.0,30165.0,30150.0,30150.0,1,2025-04-24 06:38:00
1745476740,30150.0,30150.0,30145.0,30145.0,2,2025-04-24 06:39:00
1745476800,30145.0,30145.0,30140.0,30140.0,2,2025-04-24 06:40:00
1745476860,30140.0,30170.0,30140.0,30170.0,2,2025-04-24 06:41:00
1745476920,30170.0,30170.0,30135.0,30170.0,3,2025-04-24 06:42:00
1745476980,30170.0,30170.0,30135.0,30135.0,2,2025-04-24 06:43:00
1745477040,30135.0,30135.0,30135.0,30135.0,2,2025-04-24 06:44:00
1745477100,30135.0,30140.0,30135.0,30140.0,1,2025-04-24 06:45:00
1745477160,30140.0,30180.0,30135.0,30175.0,6,2025-04-24 06:46:00
1745477220,30175.0,30175.0,30145.0,30145.0,2,2025-04-24 06:47:00
1745477280,30145.0,30150.0,30145.0,30150.0,1,2025-04-24 06:48:00
1745477340,30150.0,30150.0,30150.0,30150.0,2,2025-04-24 06:49:00
1745477400,30150.0,30190.0,30145.0,30145.0,5,2025-04-24 06:50:00
1745477460,30145.0,30145.0,30145.0,30145.0,2,2025-04-24 06:51:00
1745477520,30145.0,30190.0,30145.0,30190.0,3,2025-04-24 06:52:00
1745477580,30190.0,30190.0,30155.0,30155.0,2,2025-04-24 06:53:00
1745477640,30155.0,30165.0,30150.0,30165.0,2,2025-04-24 06:54:00
1745477700,30165.0,30165.0,30150.0,30150.0,1,2025-04-24 06:55:00
1745477760,30150.0,30150.0,30150.0,30150.0,2,2025-04-24 06:56:00
1745477820,30150.0,30150.0,30150.0,30150.0,2,2025-04-24 06:57:00
1745477880,30150.0,30150.0,30150.0,30150.0,1,2025-04-24 06:58:00
1745477940,30150.0,30150.0,30145.0,30145.0,2,2025-04-24 06:59:00
1745478000,30145.0,30145.0,30145.0,30145.0,2,2025-04-24 07:00:00
1745478060,30145.0,30180.0,30145.0,30165.0,17,2025-04-24 07:01:00
1745478120,30190.0,30190.0,30185.0,30190.0,5,2025-04-24 07:02:00
1745478180,30190.0,30190.0,30155.0,30155.0,3,2025-04-24 07:03:00
1745478240,30155.0,30160.0,30155.0,30160.0,1,2025-04-24 07:04:00
1745478300,30160.0,30160.0,30150.0,30150.0,2,2025-04-24 07:05:00
1745478360,30150.0,30150.0,30150.0,30150.0,2,2025-04-24 07:06:00
1745478420,30150.0,30150.0,30150.0,30150.0,2,2025-04-24 07:07:00
1745478480,30150.0,30180.0,30150.0,30180.0,21,2025-04-24 07:08:00
1745478540,30180.0,30205.0,30180.0,30200.0,378,2025-04-24 07:09:00
1745478600,30200.0,30200.0,30175.0,30190.0,5,2025-04-24 07:10:00
1745478660,30190.0,30190.0,30175.0,30175.0,2,2025-04-24 07:11:00
1745478720,30195.0,30200.0,30185.0,30200.0,7,2025-04-24 07:12:00
1745478780,30200.0,30245.0,30200.0,30245.0,23,2025-04-24 07:13:00
1745478840,30245.0,30245.0,30200.0,30200.0,5,2025-04-24 07:14:00
1745478900,30200.0,30220.0,30200.0,30200.0,103,2025-04-24 07:15:00
1745478960,30235.0,30235.0,30195.0,30195.0,6,2025-04-24 07:16:00
1745479020,30195.0,30200.0,30195.0,30195.0,25,2025-04-24 07:17:00
1745479080,30195.0,30200.0,30195.0,30200.0,4,2025-04-24 07:18:00
1745479140,30200.0,30200.0,30195.0,30195.0,3,2025-04-24 07:19:00
1745479200,30195.0,30200.0,30195.0,30200.0,15,2025-04-24 07:20:00
1745479260,30200.0,30225.0,30200.0,30200.0,5,2025-04-24 07:21:00
1745479320,30200.0,30210.0,30200.0,30200.0,6,2025-04-24 07:22:00
1745479380,30200.0,30200.0,30200.0,30200.0,4,2025-04-24 07:23:00
1745479440,30200.0,30205.0,30200.0,30205.0,4,2025-04-24 07:24:00
1745479500,30205.0,30210.0,30205.0,30205.0,4,2025-04-24 07:25:00
1745479560,30205.0,30205.0,30200.0,30200.0,3,2025-04-24 07:26:00
1745479620,30200.0,30205.0,30200.0,30205.0,4,2025-04-24 07:27:00
1745479680,30205.0,30205.0,30200.0,30200.0,15,2025-04-24 07:28:00
1745479740,30200.0,30200.0,30200.0,30200.0,5,2025-04-24 07:29:00
1745479800,30200.0,30205.0,30200.0,30200.0,5,2025-04-24 07:30:00
1745479860,30200.0,30205.0,30200.0,30205.0,4,2025-04-24 07:31:00
1745479920,30205.0,30205.0,30200.0,30200.0,6,2025-04-24 07:32:00
1745479980,30200.0,30205.0,30200.0,30200.0,5,2025-04-24 07:33:00
1745480040,30200.0,30200.0,30200.0,30200.0,3,2025-04-24 07:34:00
1745480100,30200.0,30205.0,30200.0,30200.0,5,2025-04-24 07:35:00
1745480160,30200.0,30200.0,30200.0,30200.0,3,2025-04-24 07:36:00
1745480220,30200.0,30200.0,30200.0,30200.0,3,2025-04-24 07:37:00
1745480280,30200.0,30200.0,30200.0,30200.0,5,2025-04-24 07:38:00
1745480340,30200.0,30200.0,30165.0,30165.0,170,2025-04-24 07:39:00
1745480400,30165.0,30165.0,30165.0,30165.0,2,2025-04-24 07:40:00
1745480460,30165.0,30165.0,30165.0,30165.0,1,2025-04-24 07:41:00
1745480520,30165.0,30165.0,30155.0,30155.0,2,2025-04-24 07:42:00
1745480580,30155.0,30190.0,30155.0,30155.0,3,2025-04-24 07:43:00
1745480640,30155.0,30155.0,30155.0,30155.0,1,2025-04-24 07:44:00
1745480700,30155.0,30155.0,30155.0,30155.0,2,2025-04-24 07:45:00
1745480760,30155.0,30155.0,30150.0,30150.0,7,2025-04-24 07:46:00
1745480820,30150.0,30150.0,30150.0,30150.0,6,2025-04-24 07:47:00
1745480880,30150.0,30150.0,30135.0,30135.0,16,2025-04-24 07:48:00
1745480940,30135.0,30200.0,30135.0,30150.0,218,2025-04-24 07:49:00
1745481000,30150.0,30155.0,30150.0,30155.0,1,2025-04-24 07:50:00
1745481060,30155.0,30195.0,30150.0,30195.0,7,2025-04-24 07:51:00
1745481120,30195.0,30195.0,30150.0,30150.0,3,2025-04-24 07:52:00
1745481180,30150.0,30150.0,30150.0,30150.0,2,2025-04-24 07:53:00
1745481240,30150.0,30195.0,30150.0,30155.0,5,2025-04-24 07:54:00
1745481300,30155.0,30190.0,30150.0,30175.0,3,2025-04-24 07:55:00
1745481360,30175.0,30175.0,30150.0,30150.0,2,2025-04-24 07:56:00
1745481420,30150.0,30150.0,30150.0,30150.0,1,2025-04-24 07:57:00
1745481480,30150.0,30150.0,30145.0,30145.0,2,2025-04-24 07:58:00
1745481540,30190.0,30190.0,30140.0,30145.0,3,2025-04-24 07:59:00
1745481600,30145.0,30145.0,30140.0,30140.0,1,2025-04-24 08:00:00
1745481660,30140.0,30140.0,30140.0,30140.0,2,2025-04-24 08:01:00
1745481720,30140.0,30195.0,30140.0,30195.0,32,2025-04-24 08:02:00
1745481780,30195.0,30195.0,30170.0,30175.0,2,2025-04-24 08:03:00
1745481840,30175.0,30175.0,30160.0,30160.0,2,2025-04-24 08:04:00
1745481900,30160.0,30160.0,30160.0,30160.0,4,2025-04-24 08:05:00
1745481960,30160.0,30160.0,30160.0,30160.0,2,2025-04-24 08:06:00
1745482020,30160.0,30160.0,30145.0,30145.0,1,2025-04-24 08:07:00
1745482080,30145.0,30145.0,30140.0,30140.0,2,2025-04-24 08:08:00
1745482140,30140.0,30140.0,30140.0,30140.0,2,2025-04-24 08:09:00
1745482200,30140.0,30140.0,30140.0,30140.0,1,2025-04-24 08:10:00
1745482260,30140.0,30145.0,30140.0,30140.0,2,2025-04-24 08:11:00
1745482320,30140.0,30140.0,30135.0,30135.0,6,2025-04-24 08:12:00
1745482380,30135.0,30135.0,30135.0,30135.0,1,2025-04-24 08:13:00
1745482440,30135.0,30150.0,30135.0,30150.0,2,2025-04-24 08:14:00
1745482500,30150.0,30160.0,30135.0,30135.0,4,2025-04-24 08:15:00
1745482560,30135.0,30135.0,30135.0,30135.0,2,2025-04-24 08:16:00
1745482620,30135.0,30160.0,30135.0,30150.0,5,2025-04-24 08:17:00
1745482680,30150.0,30165.0,30130.0,30130.0,3,2025-04-24 08:18:00
1745482740,30130.0,30130.0,30125.0,30125.0,2,2025-04-24 08:19:00
1745482800,30125.0,30125.0,30125.0,30125.0,1,2025-04-24 08:20:00
1745482860,30125.0,30170.0,30125.0,30135.0,15,2025-04-24 08:21:00
1745482920,30135.0,30135.0,30130.0,30130.0,3,2025-04-24 08:22:00
1745482980,30130.0,30135.0,30130.0,30135.0,1,2025-04-24 08:23:00
1745483040,30135.0,30165.0,30130.0,30130.0,4,2025-04-24 08:24:00
1745483100,30130.0,30145.0,30130.0,30145.0,25,2025-04-24 08:25:00
1745483160,30145.0,30145.0,30130.0,30130.0,2,2025-04-24 08:26:00
1745483220,30130.0,30165.0,30125.0,30125.0,2,2025-04-24 08:27:00
1745483280,30125.0,30140.0,30095.0,30095.0,128,2025-04-24 08:28:00
1745483340,30090.0,30100.0,30065.0,30070.0,68,2025-04-24 08:29:00
1745483400,30070.0,30080.0,30070.0,30080.0,2,2025-04-24 08:30:00
1745483460,30080.0,30100.0,30080.0,30080.0,9,2025-04-24 08:31:00
1745483520,30080.0,30160.0,30080.0,30125.0,77,2025-04-24 08:32:00
1745483580,30125.0,30125.0,30125.0,30125.0,1,2025-04-24 08:33:00
1745483640,30125.0,30125.0,30125.0,30125.0,2,2025-04-24 08:34:00
1745483700,30125.0,30125.0,30115.0,30115.0,4,2025-04-24 08:35:00
1745483760,30115.0,30140.0,30110.0,30140.0,2,2025-04-24 08:36:00
1745483820,30140.0,30140.0,30115.0,30135.0,4,2025-04-24 08:37:00
1745483880,30135.0,30140.0,30110.0,30115.0,4,2025-04-24 08:38:00
1745483940,30115.0,30150.0,30115.0,30120.0,5,2025-04-24 08:39:00
1745484000,30120.0,30120.0,30120.0,30120.0,1,2025-04-24 08:40:00
1745484060,30120.0,30120.0,30115.0,30115.0,4,2025-04-24 08:41:00
1745484120,30115.0,30145.0,30115.0,30115.0,4,2025-04-24 08:42:00
1745484180,30115.0,30115.0,30115.0,30115.0,1,2025-04-24 08:43:00
1745484240,30115.0,30115.0,30115.0,30115.0,3,2025-04-24 08:44:00
1745484300,30115.0,30120.0,30115.0,30115.0,8,2025-04-24 08:45:00
1745484360,30115.0,30115.0,30110.0,30110.0,2,2025-04-24 08:46:00
1745484420,30110.0,30115.0,30110.0,30115.0,8,2025-04-24 08:47:00
1745484480,30115.0,30115.0,30110.0,30110.0,5,2025-04-24 08:48:00
1745484540,30110.0,30110.0,30110.0,30110.0,6,2025-04-24 08:49:00
1745484600,30110.0,30110.0,30110.0,30110.0,4,2025-04-24 08:50:00
1745484660,30110.0,30130.0,30110.0,30110.0,5,2025-04-24 08:51:00
1745484720,30110.0,30140.0,30100.0,30140.0,6,2025-04-24 08:52:00
1745484780,30140.0,30140.0,30105.0,30105.0,6,2025-04-24 08:53:00
1745484840,30105.0,30105.0,30105.0,30105.0,8,2025-04-24 08:54:00
1745484900,30105.0,30105.0,30090.0,30090.0,5,2025-04-24 08:55:00
1745484960,30090.0,30095.0,30090.0,30090.0,3,2025-04-24 08:56:00
1745485020,30090.0,30090.0,30070.0,30085.0,20,2025-04-24 08:57:00
1745485080,30085.0,30085.0,30070.0,30070.0,6,2025-04-24 08:58:00
1745485140,30070.0,30075.0,30070.0,30075.0,2,2025-04-24 08:59:00
1745485200,30075.0,30085.0,30055.0,30055.0,112,2025-04-24 09:00:00
1745485260,30055.0,30130.0,30050.0,30105.0,572,2025-04-24 09:01:00
1745485320,30105.0,30105.0,30105.0,30105.0,5,2025-04-24 09:02:00
1745485380,30105.0,30105.0,30065.0,30065.0,14,2025-04-24 09:03:00
1745485440,30080.0,30085.0,30070.0,30070.0,4,2025-04-24 09:04:00
1745485500,30100.0,30105.0,30085.0,30095.0,20,2025-04-24 09:05:00
1745485560,30095.0,30095.0,30095.0,30095.0,2,2025-04-24 09:06:00
1745485620,30095.0,30110.0,30095.0,30095.0,4,2025-04-24 09:07:00
1745485680,30095.0,30095.0,30095.0,30095.0,5,2025-04-24 09:08:00
1745485740,30095.0,30095.0,30095.0,30095.0,9,2025-04-24 09:09:00
1745485800,30095.0,30095.0,30070.0,30070.0,19,2025-04-24 09:10:00
1745485860,30070.0,30070.0,30065.0,30065.0,4,2025-04-24 09:11:00
1745485920,30065.0,30065.0,30065.0,30065.0,13,2025-04-24 09:12:00
1745485980,30065.0,30080.0,30065.0,30080.0,4,2025-04-24 09:13:00
1745486040,30080.0,30080.0,30080.0,30080.0,7,2025-04-24 09:14:00
1745486100,30080.0,30095.0,30065.0,30095.0,8,2025-04-24 09:15:00
1745486160,30095.0,30100.0,30070.0,30100.0,6,2025-04-24 09:16:00
1745486220,30100.0,30100.0,30075.0,30090.0,216,2025-04-24 09:17:00
1745486280,30090.0,30090.0,30090.0,30090.0,5,2025-04-24 09:18:00
1745486340,30090.0,30100.0,30090.0,30090.0,5,2025-04-24 09:19:00
1745486400,30090.0,30100.0,30090.0,30095.0,16,2025-04-24 09:20:00
1745486460,30095.0,30095.0,30085.0,30095.0,9,2025-04-24 09:21:00
1745486520,30095.0,30095.0,30070.0,30085.0,7,2025-04-24 09:22:00
1745486580,30085.0,30085.0,30070.0,30070.0,4,2025-04-24 09:23:00
1745486640,30070.0,30070.0,30065.0,30065.0,3,2025-04-24 09:24:00
1745486700,30065.0,30065.0,30065.0,30065.0,6,2025-04-24 09:25:00
1745486760,30065.0,30080.0,30060.0,30080.0,12,2025-04-24 09:26:00
1745486820,30080.0,30085.0,30080.0,30085.0,18,2025-04-24 09:27:00
1745486880,30085.0,30090.0,30080.0,30090.0,3,2025-04-24 09:28:00
1745486940,30090.0,30090.0,30080.0,30090.0,2,2025-04-24 09:29:00
1745487000,30090.0,30090.0,30080.0,30080.0,42,2025-04-24 09:30:00
1745487060,30080.0,30080.0,30050.0,30080.0,5,2025-04-24 09:31:00
1745487120,30080.0,30080.0,30050.0,30080.0,3,2025-04-24 09:32:00
1745487180,30080.0,30080.0,30050.0,30050.0,9,2025-04-24 09:33:00
1745487240,30050.0,30060.0,30050.0,30060.0,2,2025-04-24 09:34:00
1745487300,30060.0,30060.0,30050.0,30050.0,4,2025-04-24 09:35:00
1745487360,30050.0,30070.0,30050.0,30050.0,3,2025-04-24 09:36:00
1745487420,30050.0,30070.0,30050.0,30050.0,4,2025-04-24 09:37:00
1745487480,30050.0,30060.0,30050.0,30050.0,4,2025-04-24 09:38:00
1745487540,30050.0,30080.0,30050.0,30080.0,84,2025-04-24 09:39:00
1745487600,30080.0,30095.0,30055.0,30090.0,45,2025-04-24 09:40:00
1745487660,30090.0,30090.0,30050.0,30050.0,23,2025-04-24 09:41:00
1745487720,30050.0,30075.0,30050.0,30075.0,9,2025-04-24 09:42:00
1745487780,30075.0,30085.0,30045.0,30075.0,131,2025-04-24 09:43:00
1745487840,30075.0,30075.0,30040.0,30070.0,6,2025-04-24 09:44:00
1745487900,30070.0,30070.0,30015.0,30065.0,174,2025-04-24 09:45:00
1745487960,30065.0,30065.0,30040.0,30065.0,23,2025-04-24 09:46:00
1745488020,30065.0,30080.0,30050.0,30060.0,168,2025-04-24 09:47:00
1745488080,30060.0,30075.0,30025.0,30025.0,51,2025-04-24 09:48:00
1745488140,30060.0,30065.0,30020.0,30020.0,11,2025-04-24 09:49:00
1745488200,30020.0,30045.0,30015.0,30020.0,114,2025-04-24 09:50:00
1745488260,30020.0,30055.0,30020.0,30055.0,4,2025-04-24 09:51:00
1745488320,30055.0,30055.0,30015.0,30055.0,57,2025-04-24 09:52:00
1745488380,30055.0,30075.0,30055.0,30075.0,21,2025-04-24 09:53:00
1745488440,30075.0,30075.0,30065.0,30070.0,18,2025-04-24 09:54:00
1745488500,30075.0,30075.0,30050.0,30065.0,108,2025-04-24 09:55:00
1745488560,30065.0,30075.0,30050.0,30070.0,51,2025-04-24 09:56:00
1745488620,30070.0,30075.0,30065.0,30065.0,52,2025-04-24 09:57:00
1745488680,30050.0,30050.0,30010.0,30050.0,42,2025-04-24 09:58:00
1745488740,30050.0,30065.0,30020.0,30020.0,8,2025-04-24 09:59:00
1745552700,30060.0,30250.0,30060.0,30180.0,76,2025-04-25 03:45:00
1745552760,30225.0,30295.0,30190.0,30210.0,75,2025-04-25 03:46:00
1745552820,30210.0,30235.0,30155.0,30235.0,41,2025-04-25 03:47:00
1745552880,30205.0,30205.0,30120.0,30120.0,68,2025-04-25 03:48:00
1745552940,30160.0,30160.0,30100.0,30135.0,21,2025-04-25 03:49:00
1745553000,30135.0,30135.0,30100.0,30100.0,5,2025-04-25 03:50:00
1745553060,30095.0,30155.0,30095.0,30125.0,29,2025-04-25 03:51:00
1745553120,30190.0,30210.0,30160.0,30160.0,65,2025-04-25 03:52:00
1745553180,30160.0,30195.0,30160.0,30190.0,8,2025-04-25 03:53:00
1745553240,30190.0,30195.0,30160.0,30160.0,11,2025-04-25 03:54:00
1745553300,30160.0,30160.0,30120.0,30120.0,20,2025-04-25 03:55:00
1745553360,30120.0,30120.0,30080.0,30080.0,8,2025-04-25 03:56:00
1745553420,30080.0,30140.0,30080.0,30140.0,10,2025-04-25 03:57:00
1745553480,30140.0,30140.0,30100.0,30100.0,5,2025-04-25 03:58:00
1745553540,30100.0,30100.0,30060.0,30085.0,34,2025-04-25 03:59:00
1745553600,30085.0,30085.0,30000.0,30015.0,39,2025-04-25 04:00:00
1745553660,30015.0,30015.0,29955.0,29955.0,8,2025-04-25 04:01:00
1745553720,29955.0,30015.0,29955.0,29985.0,6,2025-04-25 04:02:00
1745553780,30000.0,30000.0,29970.0,29970.0,5,2025-04-25 04:03:00
1745553840,29980.0,29980.0,29930.0,29950.0,29,2025-04-25 04:04:00
1745553900,29910.0,29945.0,29860.0,29865.0,39,2025-04-25 04:05:00
1745553960,29860.0,29900.0,29860.0,29860.0,15,2025-04-25 04:06:00
1745554020,29850.0,29850.0,29800.0,29835.0,43,2025-04-25 04:07:00
1745554080,29835.0,29855.0,29810.0,29820.0,15,2025-04-25 04:08:00
1745554140,29820.0,29860.0,29675.0,29715.0,257,2025-04-25 04:09:00
1745554200,29715.0,29725.0,29675.0,29675.0,38,2025-04-25 04:10:00
1745554260,29675.0,29705.0,29675.0,29690.0,18,2025-04-25 04:11:00
1745554320,29660.0,29660.0,29570.0,29595.0,222,2025-04-25 04:12:00
1745554380,29630.0,29640.0,29605.0,29605.0,20,2025-04-25 04:13:00
1745554440,29605.0,29650.0,29605.0,29650.0,23,2025-04-25 04:14:00
1745554500,29650.0,29680.0,29650.0,29680.0,1,2025-04-25 04:15:00
1745554560,29680.0,29680.0,29630.0,29660.0,182,2025-04-25 04:16:00
1745554620,29660.0,29660.0,29635.0,29650.0,89,2025-04-25 04:17:00
1745554680,29650.0,29685.0,29650.0,29650.0,10,2025-04-25 04:18:00
1745554740,29650.0,29650.0,29650.0,29650.0,5,2025-04-25 04:19:00
1745554800,29650.0,29650.0,29650.0,29650.0,22,2025-04-25 04:20:00
1745554860,29700.0,29725.0,29670.0,29670.0,25,2025-04-25 04:21:00
1745554920,29670.0,29670.0,29670.0,29670.0,10,2025-04-25 04:22:00
1745554980,29670.0,29715.0,29670.0,29715.0,3,2025-04-25 04:23:00
1745555040,29715.0,29735.0,29685.0,29730.0,10,2025-04-25 04:24:00
1745555100,29730.0,29730.0,29600.0,29625.0,60,2025-04-25 04:25:00
1745555160,29625.0,29660.0,29625.0,29660.0,10,2025-04-25 04:26:00
1745555220,29660.0,29660.0,29505.0,29510.0,77,2025-04-25 04:27:00
1745555280,29510.0,29555.0,29510.0,29555.0,11,2025-04-25 04:28:00
1745555340,29535.0,29535.0,29510.0,29530.0,12,2025-04-25 04:29:00
1745555400,29530.0,29565.0,29530.0,29565.0,3,2025-04-25 04:30:00
1745555460,29570.0,29570.0,29565.0,29565.0,6,2025-04-25 04:31:00
1745555520,29585.0,29585.0,29490.0,29490.0,34,2025-04-25 04:32:00
1745555580,29490.0,29530.0,29460.0,29460.0,154,2025-04-25 04:33:00
1745555640,29460.0,29515.0,29460.0,29465.0,19,2025-04-25 04:34:00
1745555700,29465.0,29495.0,29450.0,29450.0,47,2025-04-25 04:35:00
1745555760,29450.0,29475.0,29450.0,29475.0,12,2025-04-25 04:36:00
1745555820,29475.0,29530.0,29450.0,29520.0,28,2025-04-25 04:37:00
1745555880,29520.0,29520.0,29470.0,29475.0,44,2025-04-25 04:38:00
1745555940,29455.0,29455.0,29450.0,29455.0,19,2025-04-25 04:39:00
1745556000,29455.0,29530.0,29455.0,29530.0,6,2025-04-25 04:40:00
1745556060,29530.0,29610.0,29530.0,29580.0,29,2025-04-25 04:41:00
1745556120,29580.0,29635.0,29580.0,29600.0,4,2025-04-25 04:42:00
1745556180,29600.0,29635.0,29600.0,29605.0,9,2025-04-25 04:43:00
1745556240,29605.0,29605.0,29605.0,29605.0,0,2025-04-25 04:44:00
1745556300,29675.0,29675.0,29630.0,29635.0,14,2025-04-25 04:45:00
1745556360,29635.0,29660.0,29605.0,29660.0,74,2025-04-25 04:46:00
1745556420,29665.0,29700.0,29665.0,29700.0,21,2025-04-25 04:47:00
1745556480,29700.0,29730.0,29700.0,29730.0,6,2025-04-25 04:48:00
1745556540,29730.0,29730.0,29690.0,29690.0,12,2025-04-25 04:49:00
1745556600,29690.0,29695.0,29625.0,29660.0,74,2025-04-25 04:50:00
1745556660,29660.0,29660.0,29660.0,29660.0,2,2025-04-25 04:51:00
1745556720,29660.0,29690.0,29660.0,29675.0,19,2025-04-25 04:52:00
1745556780,29675.0,29675.0,29660.0,29660.0,3,2025-04-25 04:53:00
1745556840,29660.0,29660.0,29605.0,29610.0,62,2025-04-25 04:54:00
1745556900,29610.0,29610.0,29550.0,29550.0,118,2025-04-25 04:55:00
1745556960,29550.0,29575.0,29550.0,29570.0,4,2025-04-25 04:56:00
1745557020,29570.0,29570.0,29490.0,29500.0,36,2025-04-25 04:57:00
1745557080,29500.0,29565.0,29500.0,29510.0,89,2025-04-25 04:58:00
1745557140,29510.0,29510.0,29500.0,29500.0,4,2025-04-25 04:59:00
1745557200,29500.0,29500.0,29430.0,29455.0,29,2025-04-25 05:00:00
1745557260,29455.0,29455.0,29435.0,29440.0,13,2025-04-25 05:01:00
1745557320,29440.0,29520.0,29440.0,29480.0,56,2025-04-25 05:02:00
1745557380,29480.0,29485.0,29435.0,29485.0,10,2025-04-25 05:03:00
1745557440,29485.0,29485.0,29485.0,29485.0,0,2025-04-25 05:04:00
1745557500,29485.0,29495.0,29485.0,29485.0,22,2025-04-25 05:05:00
1745557560,29485.0,29485.0,29465.0,29465.0,9,2025-04-25 05:06:00
1745557620,29465.0,29520.0,29465.0,29505.0,22,2025-04-25 05:07:00
1745557680,29505.0,29520.0,29505.0,29520.0,1,2025-04-25 05:08:00
1745557740,29525.0,29525.0,29510.0,29510.0,18,2025-04-25 05:09:00
1745557800,29510.0,29520.0,29485.0,29485.0,16,2025-04-25 05:10:00
1745557860,29485.0,29500.0,29470.0,29470.0,2,2025-04-25 05:11:00
1745557920,29470.0,29530.0,29470.0,29530.0,19,2025-04-25 05:12:00
1745557980,29530.0,29545.0,29515.0,29515.0,7,2025-04-25 05:13:00
1745558040,29530.0,29565.0,29530.0,29565.0,16,2025-04-25 05:14:00
1745558100,29565.0,29570.0,29565.0,29570.0,1,2025-04-25 05:15:00
1745558160,29590.0,29590.0,29555.0,29555.0,4,2025-04-25 05:16:00
1745558220,29555.0,29605.0,29555.0,29595.0,19,2025-04-25 05:17:00
1745558280,29595.0,29605.0,29595.0,29605.0,16,2025-04-25 05:18:00
1745558340,29605.0,29635.0,29605.0,29635.0,1,2025-04-25 05:19:00
1745558400,29635.0,29635.0,29595.0,29595.0,31,2025-04-25 05:20:00
1745558460,29595.0,29595.0,29595.0,29595.0,0,2025-04-25 05:21:00
1745558520,29595.0,29595.0,29555.0,29555.0,11,2025-04-25 05:22:00
1745558580,29590.0,29590.0,29590.0,29590.0,4,2025-04-25 05:23:00
1745558640,29590.0,29590.0,29590.0,29590.0,0,2025-04-25 05:24:00
1745558700,29590.0,29590.0,29590.0,29590.0,0,2025-04-25 05:25:00
1745558760,29590.0,29590.0,29590.0,29590.0,4,2025-04-25 05:26:00
1745558820,29590.0,29590.0,29590.0,29590.0,0,2025-04-25 05:27:00
1745558880,29590.0,29590.0,29550.0,29550.0,8,2025-04-25 05:28:00
1745558940,29550.0,29595.0,29550.0,29595.0,4,2025-04-25 05:29:00
1745559000,29595.0,29595.0,29595.0,29595.0,1,2025-04-25 05:30:00
1745559060,29595.0,29595.0,29595.0,29595.0,0,2025-04-25 05:31:00
1745559120,29595.0,29595.0,29565.0,29590.0,13,2025-04-25 05:32:00
1745559180,29550.0,29550.0,29505.0,29505.0,45,2025-04-25 05:33:00
1745559240,29505.0,29535.0,29505.0,29535.0,1,2025-04-25 05:34:00
1745559300,29535.0,29535.0,29500.0,29530.0,16,2025-04-25 05:35:00
1745559360,29530.0,29570.0,29530.0,29570.0,25,2025-04-25 05:36:00
1745559420,29570.0,29595.0,29570.0,29580.0,15,2025-04-25 05:37:00
1745559480,29580.0,29625.0,29580.0,29625.0,9,2025-04-25 05:38:00
1745559540,29625.0,29625.0,29625.0,29625.0,0,2025-04-25 05:39:00
1745559600,29625.0,29625.0,29625.0,29625.0,0,2025-04-25 05:40:00
1745559660,29625.0,29625.0,29625.0,29625.0,0,2025-04-25 05:41:00
1745559720,29625.0,29625.0,29585.0,29585.0,1,2025-04-25 05:42:00
1745559780,29585.0,29620.0,29565.0,29565.0,13,2025-04-25 05:43:00
1745559840,29565.0,29615.0,29565.0,29615.0,3,2025-04-25 05:44:00
1745559900,29615.0,29615.0,29580.0,29580.0,4,2025-04-25 05:45:00
1745559960,29580.0,29580.0,29580.0,29580.0,0,2025-04-25 05:46:00
1745560020,29580.0,29580.0,29580.0,29580.0,0,2025-04-25 05:47:00
1745560080,29580.0,29580.0,29580.0,29580.0,2,2025-04-25 05:48:00
1745560140,29580.0,29580.0,29560.0,29560.0,7,2025-04-25 05:49:00
1745560200,29590.0,29590.0,29560.0,29590.0,5,2025-04-25 05:50:00
1745560260,29590.0,29590.0,29540.0,29575.0,4,2025-04-25 05:51:00
1745560320,29575.0,29580.0,29575.0,29580.0,1,2025-04-25 05:52:00
1745560380,29580.0,29580.0,29580.0,29580.0,0,2025-04-25 05:53:00
1745560440,29580.0,29580.0,29580.0,29580.0,1,2025-04-25 05:54:00
1745560500,29580.0,29595.0,29540.0,29595.0,19,2025-04-25 05:55:00
1745560560,29595.0,29595.0,29595.0,29595.0,0,2025-04-25 05:56:00
1745560620,29595.0,29595.0,29595.0,29595.0,0,2025-04-25 05:57:00
1745560680,29595.0,29595.0,29595.0,29595.0,0,2025-04-25 05:58:00
1745560740,29595.0,29595.0,29575.0,29575.0,2,2025-04-25 05:59:00
1745560800,29575.0,29575.0,29570.0,29570.0,1,2025-04-25 06:00:00
1745560860,29570.0,29650.0,29570.0,29650.0,23,2025-04-25 06:01:00
1745560920,29650.0,29655.0,29650.0,29655.0,15,2025-04-25 06:02:00
1745560980,29655.0,29655.0,29655.0,29655.0,0,2025-04-25 06:03:00
1745561040,29655.0,29655.0,29605.0,29605.0,3,2025-04-25 06:04:00
1745561100,29605.0,29605.0,29605.0,29605.0,0,2025-04-25 06:05:00
1745561160,29605.0,29605.0,29580.0,29580.0,1,2025-04-25 06:06:00
1745561220,29580.0,29580.0,29580.0,29580.0,0,2025-04-25 06:07:00
1745561280,29580.0,29655.0,29580.0,29655.0,5,2025-04-25 06:08:00
1745561340,29655.0,29655.0,29655.0,29655.0,1,2025-04-25 06:09:00
1745561400,29655.0,29655.0,29655.0,29655.0,0,2025-04-25 06:10:00
1745561460,29655.0,29655.0,29655.0,29655.0,0,2025-04-25 06:11:00
1745561520,29655.0,29660.0,29525.0,29595.0,60,2025-04-25 06:12:00
1745561580,29640.0,29640.0,29640.0,29640.0,5,2025-04-25 06:13:00
1745561640,29640.0,29640.0,29640.0,29640.0,0,2025-04-25 06:14:00
1745561700,29640.0,29640.0,29640.0,29640.0,0,2025-04-25 06:15:00
1745561760,29640.0,29640.0,29640.0,29640.0,0,2025-04-25 06:16:00
1745561820,29610.0,29610.0,29565.0,29565.0,5,2025-04-25 06:17:00
1745561880,29565.0,29565.0,29565.0,29565.0,0,2025-04-25 06:18:00
1745561940,29565.0,29565.0,29565.0,29565.0,0,2025-04-25 06:19:00
1745562000,29565.0,29575.0,29565.0,29575.0,1,2025-04-25 06:20:00
1745562060,29575.0,29590.0,29575.0,29590.0,5,2025-04-25 06:21:00
1745562120,29590.0,29625.0,29555.0,29625.0,8,2025-04-25 06:22:00
1745562180,29625.0,29625.0,29565.0,29565.0,11,2025-04-25 06:23:00
1745562240,29565.0,29595.0,29565.0,29595.0,15,2025-04-25 06:24:00
1745562300,29595.0,29595.0,29530.0,29595.0,24,2025-04-25 06:25:00
1745562360,29595.0,29635.0,29590.0,29610.0,5,2025-04-25 06:26:00
1745562420,29610.0,29635.0,29610.0,29635.0,1,2025-04-25 06:27:00
1745562480,29635.0,29635.0,29635.0,29635.0,0,2025-04-25 06:28:00
1745562540,29635.0,29650.0,29635.0,29650.0,25,2025-04-25 06:29:00
1745562600,29650.0,29650.0,29650.0,29650.0,0,2025-04-25 06:30:00
1745562660,29650.0,29700.0,29640.0,29640.0,105,2025-04-25 06:31:00
1745562720,29640.0,29680.0,29640.0,29680.0,2,2025-04-25 06:32:00
1745562780,29680.0,29680.0,29680.0,29680.0,0,2025-04-25 06:33:00
1745562840,29680.0,29680.0,29680.0,29680.0,0,2025-04-25 06:34:00
1745562900,29680.0,29680.0,29680.0,29680.0,0,2025-04-25 06:35:00
1745562960,29680.0,29680.0,29655.0,29655.0,3,2025-04-25 06:36:00
1745563020,29670.0,29670.0,29670.0,29670.0,1,2025-04-25 06:37:00
1745563080,29670.0,29670.0,29670.0,29670.0,0,2025-04-25 06:38:00
1745563140,29670.0,29680.0,29670.0,29675.0,34,2025-04-25 06:39:00
1745563200,29675.0,29710.0,29675.0,29710.0,10,2025-04-25 06:40:00
1745563260,29710.0,29725.0,29705.0,29725.0,18,2025-04-25 06:41:00
1745563320,29765.0,29775.0,29765.0,29775.0,17,2025-04-25 06:42:00
1745563380,29775.0,29775.0,29750.0,29750.0,14,2025-04-25 06:43:00
1745563440,29750.0,29770.0,29750.0,29770.0,1,2025-04-25 06:44:00
1745563500,29770.0,29770.0,29770.0,29770.0,2,2025-04-25 06:45:00
1745563560,29770.0,29770.0,29740.0,29740.0,3,2025-04-25 06:46:00
1745563620,29735.0,29735.0,29735.0,29735.0,1,2025-04-25 06:47:00
1745563680,29735.0,29770.0,29735.0,29770.0,11,2025-04-25 06:48:00
1745563740,29770.0,29795.0,29770.0,29795.0,45,2025-04-25 06:49:00
1745563800,29795.0,29800.0,29795.0,29800.0,5,2025-04-25 06:50:00
1745563860,29800.0,29800.0,29800.0,29800.0,0,2025-04-25 06:51:00
1745563920,29800.0,29800.0,29800.0,29800.0,0,2025-04-25 06:52:00
1745563980,29800.0,29800.0,29800.0,29800.0,0,2025-04-25 06:53:00
1745564040,29800.0,29800.0,29725.0,29730.0,41,2025-04-25 06:54:00
1745564100,29730.0,29740.0,29730.0,29735.0,7,2025-04-25 06:55:00
1745564160,29735.0,29735.0,29735.0,29735.0,15,2025-04-25 06:56:00
1745564220,29735.0,29735.0,29735.0,29735.0,5,2025-04-25 06:57:00
1745564280,29735.0,29735.0,29720.0,29720.0,28,2025-04-25 06:58:00
1745564340,29720.0,29720.0,29720.0,29720.0,0,2025-04-25 06:59:00
1745564400,29720.0,29720.0,29720.0,29720.0,0,2025-04-25 07:00:00
1745564460,29720.0,29750.0,29720.0,29750.0,2,2025-04-25 07:01:00
1745564520,29750.0,29750.0,29750.0,29750.0,0,2025-04-25 07:02:00
1745564580,29750.0,29750.0,29735.0,29735.0,2,2025-04-25 07:03:00
1745564640,29735.0,29735.0,29720.0,29720.0,10,2025-04-25 07:04:00
1745564700,29730.0,29730.0,29730.0,29730.0,3,2025-04-25 07:05:00
1745564760,29730.0,29730.0,29730.0,29730.0,0,2025-04-25 07:06:00
1745564820,29740.0,29740.0,29740.0,29740.0,1,2025-04-25 07:07:00
1745564880,29740.0,29740.0,29740.0,29740.0,3,2025-04-25 07:08:00
1745564940,29740.0,29740.0,29740.0,29740.0,0,2025-04-25 07:09:00
1745565000,29740.0,29740.0,29740.0,29740.0,0,2025-04-25 07:10:00
1745565060,29740.0,29740.0,29740.0,29740.0,4,2025-04-25 07:11:00
1745565120,29740.0,29750.0,29705.0,29750.0,4,2025-04-25 07:12:00
1745565180,29750.0,29750.0,29700.0,29725.0,5,2025-04-25 07:13:00
1745565240,29725.0,29725.0,29725.0,29725.0,0,2025-04-25 07:14:00
1745565300,29725.0,29725.0,29710.0,29710.0,1,2025-04-25 07:15:00
1745565360,29705.0,29715.0,29705.0,29715.0,6,2025-04-25 07:16:00
1745565420,29715.0,29745.0,29705.0,29705.0,3,2025-04-25 07:17:00
1745565480,29705.0,29705.0,29705.0,29705.0,0,2025-04-25 07:18:00
1745565540,29705.0,29705.0,29705.0,29705.0,0,2025-04-25 07:19:00
1745565600,29705.0,29705.0,29705.0,29705.0,0,2025-04-25 07:20:00
1745565660,29710.0,29710.0,29710.0,29710.0,3,2025-04-25 07:21:00
1745565720,29710.0,29710.0,29710.0,29710.0,0,2025-04-25 07:22:00
1745565780,29710.0,29710.0,29710.0,29710.0,0,2025-04-25 07:23:00
1745565840,29710.0,29710.0,29700.0,29700.0,20,2025-04-25 07:24:00
1745565900,29700.0,29700.0,29700.0,29700.0,0,2025-04-25 07:25:00
1745565960,29700.0,29725.0,29700.0,29725.0,17,2025-04-25 07:26:00
1745566020,29725.0,29735.0,29725.0,29735.0,5,2025-04-25 07:27:00
1745566080,29735.0,29735.0,29735.0,29735.0,0,2025-04-25 07:28:00
1745566140,29735.0,29770.0,29735.0,29765.0,7,2025-04-25 07:29:00
1745566200,29765.0,29765.0,29765.0,29765.0,0,2025-04-25 07:30:00
1745566260,29765.0,29765.0,29750.0,29750.0,14,2025-04-25 07:31:00
1745566320,29750.0,29750.0,29705.0,29705.0,14,2025-04-25 07:32:00
1745566380,29705.0,29705.0,29705.0,29705.0,0,2025-04-25 07:33:00
1745566440,29705.0,29705.0,29705.0,29705.0,1,2025-04-25 07:34:00
1745566500,29735.0,29735.0,29735.0,29735.0,1,2025-04-25 07:35:00
1745566560,29735.0,29735.0,29735.0,29735.0,0,2025-04-25 07:36:00
1745566620,29715.0,29750.0,29710.0,29710.0,16,2025-04-25 07:37:00
1745566680,29710.0,29710.0,29705.0,29705.0,4,2025-04-25 07:38:00
1745566740,29705.0,29705.0,29705.0,29705.0,1,2025-04-25 07:39:00
1745566800,29705.0,29705.0,29705.0,29705.0,0,2025-04-25 07:40:00
1745566860,29705.0,29705.0,29705.0,29705.0,0,2025-04-25 07:41:00
1745566920,29705.0,29730.0,29705.0,29730.0,1,2025-04-25 07:42:00
1745566980,29730.0,29730.0,29710.0,29710.0,2,2025-04-25 07:43:00
1745567040,29710.0,29710.0,29705.0,29705.0,7,2025-04-25 07:44:00
1745567100,29705.0,29705.0,29705.0,29705.0,0,2025-04-25 07:45:00
1745567160,29705.0,29705.0,29705.0,29705.0,0,2025-04-25 07:46:00
1745567220,29705.0,29740.0,29705.0,29705.0,2,2025-04-25 07:47:00
1745567280,29705.0,29705.0,29695.0,29700.0,61,2025-04-25 07:48:00
1745567340,29730.0,29755.0,29730.0,29755.0,8,2025-04-25 07:49:00
1745567400,29755.0,29785.0,29750.0,29750.0,43,2025-04-25 07:50:00
1745567460,29750.0,29765.0,29730.0,29765.0,3,2025-04-25 07:51:00
1745567520,29765.0,29780.0,29765.0,29780.0,3,2025-04-25 07:52:00
1745567580,29780.0,29780.0,29780.0,29780.0,1,2025-04-25 07:53:00
1745567640,29780.0,29785.0,29780.0,29785.0,1,2025-04-25 07:54:00
1745567700,29785.0,29785.0,29780.0,29780.0,1,2025-04-25 07:55:00
1745567760,29780.0,29785.0,29740.0,29745.0,3,2025-04-25 07:56:00
1745567820,29770.0,29780.0,29770.0,29780.0,3,2025-04-25 07:57:00
1745567880,29780.0,29780.0,29775.0,29775.0,1,2025-04-25 07:58:00
1745567940,29775.0,29780.0,29775.0,29780.0,2,2025-04-25 07:59:00
1745568000,29780.0,29780.0,29780.0,29780.0,1,2025-04-25 08:00:00
1745568060,29780.0,29785.0,29755.0,29785.0,2,2025-04-25 08:01:00
1745568120,29785.0,29785.0,29780.0,29785.0,10,2025-04-25 08:02:00
1745568180,29785.0,29785.0,29785.0,29785.0,4,2025-04-25 08:03:00
1745568240,29785.0,29785.0,29785.0,29785.0,0,2025-04-25 08:04:00
1745568300,29785.0,29790.0,29785.0,29790.0,3,2025-04-25 08:05:00
1745568360,29790.0,29815.0,29790.0,29790.0,29,2025-04-25 08:06:00
1745568420,29790.0,29790.0,29790.0,29790.0,0,2025-04-25 08:07:00
1745568480,29790.0,29800.0,29785.0,29800.0,8,2025-04-25 08:08:00
1745568540,29800.0,29800.0,29800.0,29800.0,0,2025-04-25 08:09:00
1745568600,29800.0,29800.0,29800.0,29800.0,1,2025-04-25 08:10:00
1745568660,29800.0,29800.0,29800.0,29800.0,2,2025-04-25 08:11:00
1745568720,29800.0,29800.0,29800.0,29800.0,0,2025-04-25 08:12:00
1745568780,29785.0,29800.0,29785.0,29800.0,4,2025-04-25 08:13:00
1745568840,29800.0,29800.0,29760.0,29785.0,3,2025-04-25 08:14:00
1745568900,29785.0,29785.0,29785.0,29785.0,0,2025-04-25 08:15:00
1745568960,29785.0,29795.0,29785.0,29795.0,1,2025-04-25 08:16:00
1745569020,29795.0,29795.0,29795.0,29795.0,1,2025-04-25 08:17:00
1745569080,29795.0,29795.0,29795.0,29795.0,0,2025-04-25 08:18:00
1745569140,29795.0,29795.0,29795.0,29795.0,2,2025-04-25 08:19:00
1745569200,29795.0,29795.0,29790.0,29790.0,1,2025-04-25 08:20:00
1745569260,29790.0,29795.0,29790.0,29795.0,17,2025-04-25 08:21:00
1745569320,29795.0,29795.0,29780.0,29780.0,3,2025-04-25 08:22:00
1745569380,29780.0,29795.0,29780.0,29795.0,1,2025-04-25 08:23:00
1745569440,29795.0,29795.0,29795.0,29795.0,0,2025-04-25 08:24:00
1745569500,29795.0,29795.0,29795.0,29795.0,2,2025-04-25 08:25:00
1745569560,29795.0,29810.0,29795.0,29800.0,5,2025-04-25 08:26:00
1745569620,29800.0,29800.0,29800.0,29800.0,0,2025-04-25 08:27:00
1745569680,29800.0,29820.0,29780.0,29780.0,19,2025-04-25 08:28:00
1745569740,29780.0,29795.0,29780.0,29795.0,5,2025-04-25 08:29:00
1745569800,29795.0,29795.0,29760.0,29760.0,4,2025-04-25 08:30:00
1745569860,29760.0,29800.0,29760.0,29760.0,2,2025-04-25 08:31:00
1745569920,29760.0,29790.0,29760.0,29790.0,2,2025-04-25 08:32:00
1745569980,29790.0,29790.0,29790.0,29790.0,4,2025-04-25 08:33:00
1745570040,29790.0,29790.0,29780.0,29780.0,1,2025-04-25 08:34:00
1745570100,29780.0,29780.0,29780.0,29780.0,1,2025-04-25 08:35:00
1745570160,29755.0,29755.0,29755.0,29755.0,2,2025-04-25 08:36:00
1745570220,29755.0,29780.0,29750.0,29750.0,3,2025-04-25 08:37:00
1745570280,29750.0,29750.0,29705.0,29720.0,7,2025-04-25 08:38:00
1745570340,29720.0,29720.0,29720.0,29720.0,2,2025-04-25 08:39:00
1745570400,29720.0,29730.0,29700.0,29700.0,2,2025-04-25 08:40:00
1745570460,29700.0,29750.0,29700.0,29750.0,1,2025-04-25 08:41:00
1745570520,29750.0,29750.0,29750.0,29750.0,0,2025-04-25 08:42:00
1745570580,29750.0,29750.0,29720.0,29720.0,9,2025-04-25 08:43:00
1745570640,29720.0,29745.0,29720.0,29745.0,1,2025-04-25 08:44:00
1745570700,29780.0,29780.0,29780.0,29780.0,1,2025-04-25 08:45:00
1745570760,29780.0,29780.0,29775.0,29775.0,2,2025-04-25 08:46:00
1745570820,29775.0,29775.0,29775.0,29775.0,0,2025-04-25 08:47:00
1745570880,29750.0,29750.0,29750.0,29750.0,1,2025-04-25 08:48:00
1745570940,29750.0,29750.0,29725.0,29750.0,21,2025-04-25 08:49:00
1745571000,29750.0,29750.0,29750.0,29750.0,4,2025-04-25 08:50:00
1745571060,29745.0,29745.0,29720.0,29720.0,3,2025-04-25 08:51:00
1745571120,29720.0,29790.0,29720.0,29785.0,119,2025-04-25 08:52:00
1745571180,29785.0,29795.0,29785.0,29795.0,10,2025-04-25 08:53:00
1745571240,29795.0,29795.0,29785.0,29785.0,1,2025-04-25 08:54:00
1745571300,29785.0,29795.0,29785.0,29795.0,1,2025-04-25 08:55:00
1745571360,29795.0,29795.0,29795.0,29795.0,2,2025-04-25 08:56:00
1745571420,29795.0,29795.0,29795.0,29795.0,1,2025-04-25 08:57:00
1745571480,29795.0,29830.0,29780.0,29830.0,60,2025-04-25 08:58:00
1745571540,29830.0,29830.0,29785.0,29785.0,2,2025-04-25 08:59:00
1745571600,29785.0,29785.0,29785.0,29785.0,0,2025-04-25 09:00:00
1745571660,29785.0,29785.0,29785.0,29785.0,1,2025-04-25 09:01:00
1745571720,29800.0,29800.0,29780.0,29780.0,3,2025-04-25 09:02:00
1745571780,29780.0,29790.0,29765.0,29790.0,2,2025-04-25 09:03:00
1745571840,29790.0,29790.0,29760.0,29760.0,1,2025-04-25 09:04:00
1745571900,29790.0,29790.0,29790.0,29790.0,1,2025-04-25 09:05:00
1745571960,29790.0,29790.0,29755.0,29755.0,2,2025-04-25 09:06:00
1745572020,29750.0,29770.0,29730.0,29770.0,24,2025-04-25 09:07:00
1745572080,29770.0,29780.0,29745.0,29780.0,7,2025-04-25 09:08:00
1745572140,29780.0,29790.0,29760.0,29760.0,4,2025-04-25 09:09:00
1745572200,29760.0,29785.0,29760.0,29785.0,1,2025-04-25 09:10:00
1745572260,29785.0,29785.0,29735.0,29735.0,14,2025-04-25 09:11:00
1745572320,29735.0,29830.0,29735.0,29830.0,103,2025-04-25 09:12:00
1745572380,29830.0,29830.0,29805.0,29805.0,6,2025-04-25 09:13:00
1745572440,29805.0,29805.0,29805.0,29805.0,0,2025-04-25 09:14:00
1745572500,29805.0,29805.0,29750.0,29780.0,36,2025-04-25 09:15:00
1745572560,29780.0,29790.0,29780.0,29790.0,14,2025-04-25 09:16:00
1745572620,29790.0,29790.0,29790.0,29790.0,0,2025-04-25 09:17:00
1745572680,29795.0,29795.0,29795.0,29795.0,3,2025-04-25 09:18:00
1745572740,29795.0,29810.0,29795.0,29810.0,1,2025-04-25 09:19:00
1745572800,29810.0,29810.0,29805.0,29805.0,1,2025-04-25 09:20:00
1745572860,29805.0,29825.0,29805.0,29825.0,3,2025-04-25 09:21:00
1745572920,29825.0,29825.0,29825.0,29825.0,3,2025-04-25 09:22:00
1745572980,29825.0,29825.0,29825.0,29825.0,0,2025-04-25 09:23:00
1745573040,29825.0,29870.0,29825.0,29825.0,41,2025-04-25 09:24:00
1745573100,29825.0,29860.0,29825.0,29825.0,13,2025-04-25 09:25:00
1745573160,29825.0,29825.0,29825.0,29825.0,0,2025-04-25 09:26:00
1745573220,29825.0,29865.0,29825.0,29865.0,6,2025-04-25 09:27:00
1745573280,29865.0,29875.0,29840.0,29875.0,4,2025-04-25 09:28:00
1745573340,29875.0,29875.0,29875.0,29875.0,0,2025-04-25 09:29:00
1745573400,29875.0,29890.0,29850.0,29880.0,9,2025-04-25 09:30:00
1745573460,29880.0,29885.0,29880.0,29885.0,25,2025-04-25 09:31:00
1745573520,29855.0,29855.0,29835.0,29850.0,7,2025-04-25 09:32:00
1745573580,29850.0,29880.0,29835.0,29880.0,9,2025-04-25 09:33:00
1745573640,29880.0,29880.0,29880.0,29880.0,0,2025-04-25 09:34:00
1745573700,29875.0,29875.0,29815.0,29815.0,19,2025-04-25 09:35:00
1745573760,29815.0,29815.0,29800.0,29800.0,28,2025-04-25 09:36:00
1745573820,29800.0,29840.0,29795.0,29840.0,2,2025-04-25 09:37:00
1745573880,29840.0,29840.0,29785.0,29785.0,1,2025-04-25 09:38:00
1745573940,29785.0,29825.0,29785.0,29790.0,4,2025-04-25 09:39:00
1745574000,29790.0,29810.0,29780.0,29790.0,156,2025-04-25 09:40:00
1745574060,29790.0,29790.0,29765.0,29765.0,19,2025-04-25 09:41:00
1745574120,29765.0,29765.0,29735.0,29735.0,4,2025-04-25 09:42:00
1745574180,29725.0,29725.0,29720.0,29720.0,6,2025-04-25 09:43:00
1745574240,29720.0,29720.0,29720.0,29720.0,0,2025-04-25 09:44:00
1745574300,29710.0,29710.0,29600.0,29600.0,239,2025-04-25 09:45:00
1745574360,29600.0,29655.0,29600.0,29630.0,18,2025-04-25 09:46:00
1745574420,29660.0,29660.0,29630.0,29660.0,8,2025-04-25 09:47:00
1745574480,29660.0,29660.0,29630.0,29630.0,1,2025-04-25 09:48:00
1745574540,29665.0,29665.0,29570.0,29615.0,37,2025-04-25 09:49:00
1745574600,29615.0,29620.0,29560.0,29575.0,17,2025-04-25 09:50:00
1745574660,29575.0,29660.0,29575.0,29660.0,33,2025-04-25 09:51:00
1745574720,29660.0,29675.0,29630.0,29655.0,29,2025-04-25 09:52:00
1745574780,29670.0,29700.0,29670.0,29700.0,13,2025-04-25 09:53:00
1745574840,29700.0,29720.0,29645.0,29720.0,100,2025-04-25 09:54:00
1745574900,29720.0,29720.0,29680.0,29680.0,9,2025-04-25 09:55:00
1745574960,29680.0,29695.0,29615.0,29650.0,32,2025-04-25 09:56:00
1745575020,29695.0,29725.0,29670.0,29675.0,20,2025-04-25 09:57:00
1745575080,29725.0,29725.0,29640.0,29640.0,16,2025-04-25 09:58:00
1745575140,29750.0,29750.0,29740.0,29750.0,20,2025-04-25 09:59:00
1745811900,29450.0,29735.0,29450.0,29730.0,36,2025-04-28 03:45:00
1745811960,29730.0,29740.0,29655.0,29670.0,25,2025-04-28 03:46:00
1745812020,29670.0,29790.0,29670.0,29790.0,16,2025-04-28 03:47:00
1745812080,29790.0,29790.0,29755.0,29780.0,3,2025-04-28 03:48:00
1745812140,29780.0,29945.0,29745.0,29745.0,82,2025-04-28 03:49:00
1745812200,29710.0,29760.0,29710.0,29760.0,7,2025-04-28 03:50:00
1745812260,29760.0,29770.0,29710.0,29710.0,25,2025-04-28 03:51:00
1745812320,29710.0,29710.0,29710.0,29710.0,10,2025-04-28 03:52:00
1745812380,29710.0,29795.0,29710.0,29795.0,5,2025-04-28 03:53:00
1745812440,29795.0,29795.0,29725.0,29770.0,12,2025-04-28 03:54:00
1745812500,29770.0,29770.0,29770.0,29770.0,0,2025-04-28 03:55:00
1745812560,29770.0,29770.0,29740.0,29740.0,10,2025-04-28 03:56:00
1745812620,29740.0,29755.0,29740.0,29755.0,4,2025-04-28 03:57:00
1745812680,29755.0,29790.0,29755.0,29790.0,13,2025-04-28 03:58:00
1745812740,29790.0,29790.0,29775.0,29775.0,21,2025-04-28 03:59:00
1745812800,29775.0,29800.0,29775.0,29785.0,3,2025-04-28 04:00:00
1745812860,29760.0,29765.0,29750.0,29750.0,24,2025-04-28 04:01:00
1745812920,29750.0,29760.0,29695.0,29700.0,46,2025-04-28 04:02:00
1745812980,29670.0,29730.0,29670.0,29710.0,293,2025-04-28 04:03:00
1745813040,29740.0,29740.0,29700.0,29705.0,9,2025-04-28 04:04:00
1745813100,29740.0,29740.0,29740.0,29740.0,1,2025-04-28 04:05:00
1745813160,29740.0,29740.0,29740.0,29740.0,2,2025-04-28 04:06:00
1745813220,29740.0,29740.0,29740.0,29740.0,0,2025-04-28 04:07:00
1745813280,29740.0,29760.0,29740.0,29760.0,1,2025-04-28 04:08:00
1745813340,29785.0,29785.0,29750.0,29750.0,21,2025-04-28 04:09:00
1745813400,29750.0,29750.0,29750.0,29750.0,5,2025-04-28 04:10:00
1745813460,29750.0,29750.0,29750.0,29750.0,5,2025-04-28 04:11:00
1745813520,29750.0,29750.0,29750.0,29750.0,0,2025-04-28 04:12:00
1745813580,29750.0,29785.0,29750.0,29785.0,2,2025-04-28 04:13:00
1745813640,29785.0,29785.0,29760.0,29770.0,4,2025-04-28 04:14:00
1745813700,29770.0,29770.0,29770.0,29770.0,0,2025-04-28 04:15:00
1745813760,29770.0,29800.0,29770.0,29800.0,3,2025-04-28 04:16:00
1745813820,29800.0,29800.0,29755.0,29785.0,16,2025-04-28 04:17:00
1745813880,29785.0,29785.0,29785.0,29785.0,0,2025-04-28 04:18:00
1745813940,29745.0,29800.0,29745.0,29760.0,492,2025-04-28 04:19:00
1745814000,29760.0,29795.0,29760.0,29795.0,1,2025-04-28 04:20:00
1745814060,29795.0,29800.0,29795.0,29800.0,7,2025-04-28 04:21:00
1745814120,29800.0,29845.0,29800.0,29845.0,13,2025-04-28 04:22:00
1745814180,29845.0,29845.0,29845.0,29845.0,0,2025-04-28 04:23:00
1745814240,29845.0,29845.0,29835.0,29835.0,2,2025-04-28 04:24:00
1745814300,29835.0,29835.0,29835.0,29835.0,2,2025-04-28 04:25:00
1745814360,29835.0,29835.0,29825.0,29825.0,4,2025-04-28 04:26:00
1745814420,29825.0,29825.0,29735.0,29735.0,58,2025-04-28 04:27:00
1745814480,29735.0,29735.0,29735.0,29735.0,0,2025-04-28 04:28:00
1745814540,29735.0,29790.0,29735.0,29790.0,10,2025-04-28 04:29:00
1745814600,29785.0,29785.0,29750.0,29750.0,2,2025-04-28 04:30:00
1745814660,29750.0,29780.0,29750.0,29780.0,15,2025-04-28 04:31:00
1745814720,29780.0,29795.0,29780.0,29795.0,6,2025-04-28 04:32:00
1745814780,29795.0,29795.0,29795.0,29795.0,1,2025-04-28 04:33:00
1745814840,29795.0,29795.0,29795.0,29795.0,0,2025-04-28 04:34:00
1745814900,29795.0,29795.0,29755.0,29755.0,2,2025-04-28 04:35:00
1745814960,29755.0,29800.0,29755.0,29800.0,3,2025-04-28 04:36:00
1745815020,29800.0,29800.0,29775.0,29775.0,4,2025-04-28 04:37:00
1745815080,29775.0,29775.0,29775.0,29775.0,0,2025-04-28 04:38:00
1745815140,29775.0,29800.0,29775.0,29800.0,1,2025-04-28 04:39:00
1745815200,29800.0,29800.0,29785.0,29785.0,41,2025-04-28 04:40:00
1745815260,29785.0,29785.0,29785.0,29785.0,0,2025-04-28 04:41:00
1745815320,29785.0,29785.0,29785.0,29785.0,0,2025-04-28 04:42:00
1745815380,29785.0,29790.0,29785.0,29790.0,3,2025-04-28 04:43:00
1745815440,29790.0,29790.0,29785.0,29785.0,23,2025-04-28 04:44:00
1745815500,29800.0,29800.0,29755.0,29755.0,30,2025-04-28 04:45:00
1745815560,29755.0,29800.0,29755.0,29800.0,19,2025-04-28 04:46:00
1745815620,29800.0,29940.0,29800.0,29830.0,116,2025-04-28 04:47:00
1745815680,29830.0,29905.0,29830.0,29890.0,23,2025-04-28 04:48:00
1745815740,29865.0,29895.0,29840.0,29850.0,15,2025-04-28 04:49:00
1745815800,29850.0,29885.0,29840.0,29840.0,9,2025-04-28 04:50:00
1745815860,29840.0,29895.0,29825.0,29880.0,51,2025-04-28 04:51:00
1745815920,29880.0,29880.0,29835.0,29840.0,21,2025-04-28 04:52:00
1745815980,29840.0,29890.0,29830.0,29830.0,17,2025-04-28 04:53:00
1745816040,29830.0,29850.0,29815.0,29820.0,10,2025-04-28 04:54:00
1745816100,29820.0,29865.0,29820.0,29830.0,9,2025-04-28 04:55:00
1745816160,29830.0,29865.0,29825.0,29825.0,7,2025-04-28 04:56:00
1745816220,29825.0,29825.0,29795.0,29795.0,56,2025-04-28 04:57:00
1745816280,29795.0,29795.0,29795.0,29795.0,5,2025-04-28 04:58:00
1745816340,29795.0,29795.0,29770.0,29795.0,2,2025-04-28 04:59:00
1745816400,29795.0,29800.0,29795.0,29800.0,7,2025-04-28 05:00:00
1745816460,29755.0,29800.0,29755.0,29800.0,6,2025-04-28 05:01:00
1745816520,29800.0,29800.0,29800.0,29800.0,0,2025-04-28 05:02:00
1745816580,29800.0,29800.0,29770.0,29800.0,26,2025-04-28 05:03:00
1745816640,29800.0,29830.0,29785.0,29800.0,25,2025-04-28 05:04:00
1745816700,29800.0,29830.0,29800.0,29820.0,9,2025-04-28 05:05:00
1745816760,29800.0,29800.0,29800.0,29800.0,5,2025-04-28 05:06:00
1745816820,29800.0,29800.0,29765.0,29800.0,10,2025-04-28 05:07:00
1745816880,29800.0,29800.0,29800.0,29800.0,13,2025-04-28 05:08:00
1745816940,29800.0,29800.0,29770.0,29800.0,27,2025-04-28 05:09:00
1745817000,29800.0,29800.0,29795.0,29795.0,8,2025-04-28 05:10:00
1745817060,29795.0,29795.0,29755.0,29790.0,5,2025-04-28 05:11:00
1745817120,29790.0,29790.0,29790.0,29790.0,0,2025-04-28 05:12:00
1745817180,29760.0,29760.0,29760.0,29760.0,2,2025-04-28 05:13:00
1745817240,29760.0,29760.0,29760.0,29760.0,0,2025-04-28 05:14:00
1745817300,29760.0,29790.0,29760.0,29790.0,4,2025-04-28 05:15:00
1745817360,29790.0,29790.0,29790.0,29790.0,0,2025-04-28 05:16:00
1745817420,29790.0,29790.0,29790.0,29790.0,0,2025-04-28 05:17:00
1745817480,29790.0,29790.0,29765.0,29765.0,1,2025-04-28 05:18:00
1745817540,29765.0,29765.0,29765.0,29765.0,0,2025-04-28 05:19:00
1745817600,29765.0,29765.0,29765.0,29765.0,2,2025-04-28 05:20:00
1745817660,29765.0,29800.0,29765.0,29800.0,1,2025-04-28 05:21:00
1745817720,29800.0,29800.0,29800.0,29800.0,5,2025-04-28 05:22:00
1745817780,29800.0,29800.0,29800.0,29800.0,25,2025-04-28 05:23:00
1745817840,29800.0,29800.0,29800.0,29800.0,6,2025-04-28 05:24:00
1745817900,29800.0,29800.0,29775.0,29800.0,11,2025-04-28 05:25:00
1745817960,29800.0,29815.0,29765.0,29815.0,17,2025-04-28 05:26:00
1745818020,29810.0,29810.0,29810.0,29810.0,2,2025-04-28 05:27:00
1745818080,29810.0,29810.0,29780.0,29780.0,1,2025-04-28 05:28:00
1745818140,29780.0,29810.0,29775.0,29810.0,2,2025-04-28 05:29:00
1745818200,29810.0,29825.0,29810.0,29825.0,17,2025-04-28 05:30:00
1745818260,29825.0,29825.0,29820.0,29820.0,3,2025-04-28 05:31:00
1745818320,29820.0,29820.0,29820.0,29820.0,0,2025-04-28 05:32:00
1745818380,29820.0,29820.0,29790.0,29790.0,1,2025-04-28 05:33:00
1745818440,29790.0,29790.0,29790.0,29790.0,0,2025-04-28 05:34:00
1745818500,29790.0,29815.0,29790.0,29815.0,2,2025-04-28 05:35:00
1745818560,29815.0,29815.0,29815.0,29815.0,0,2025-04-28 05:36:00
1745818620,29815.0,29820.0,29815.0,29820.0,1,2025-04-28 05:37:00
1745818680,29820.0,29820.0,29795.0,29795.0,2,2025-04-28 05:38:00
1745818740,29795.0,29795.0,29795.0,29795.0,0,2025-04-28 05:39:00
1745818800,29820.0,29820.0,29820.0,29820.0,1,2025-04-28 05:40:00
1745818860,29820.0,29820.0,29820.0,29820.0,0,2025-04-28 05:41:00
1745818920,29820.0,29820.0,29820.0,29820.0,0,2025-04-28 05:42:00
1745818980,29820.0,29820.0,29820.0,29820.0,0,2025-04-28 05:43:00
1745819040,29820.0,29820.0,29780.0,29780.0,4,2025-04-28 05:44:00
1745819100,29780.0,29780.0,29780.0,29780.0,0,2025-04-28 05:45:00
1745819160,29780.0,29780.0,29780.0,29780.0,0,2025-04-28 05:46:00
1745819220,29780.0,29780.0,29780.0,29780.0,1,2025-04-28 05:47:00
1745819280,29780.0,29780.0,29780.0,29780.0,0,2025-04-28 05:48:00
1745819340,29780.0,29815.0,29780.0,29815.0,2,2025-04-28 05:49:00
1745819400,29815.0,29815.0,29815.0,29815.0,2,2025-04-28 05:50:00
1745819460,29815.0,29815.0,29775.0,29775.0,2,2025-04-28 05:51:00
1745819520,29775.0,29780.0,29775.0,29780.0,1,2025-04-28 05:52:00
1745819580,29780.0,29780.0,29780.0,29780.0,0,2025-04-28 05:53:00
1745819640,29780.0,29780.0,29780.0,29780.0,0,2025-04-28 05:54:00
1745819700,29780.0,29780.0,29780.0,29780.0,0,2025-04-28 05:55:00
1745819760,29780.0,29780.0,29780.0,29780.0,0,2025-04-28 05:56:00
1745819820,29780.0,29810.0,29775.0,29775.0,4,2025-04-28 05:57:00
1745819880,29775.0,29775.0,29765.0,29765.0,12,2025-04-28 05:58:00
1745819940,29765.0,29815.0,29765.0,29815.0,8,2025-04-28 05:59:00
1745820000,29815.0,29815.0,29815.0,29815.0,0,2025-04-28 06:00:00
1745820060,29815.0,29815.0,29815.0,29815.0,0,2025-04-28 06:01:00
1745820120,29815.0,29815.0,29815.0,29815.0,0,2025-04-28 06:02:00
1745820180,29815.0,29815.0,29815.0,29815.0,0,2025-04-28 06:03:00
1745820240,29815.0,29815.0,29810.0,29810.0,5,2025-04-28 06:04:00
1745820300,29810.0,29810.0,29810.0,29810.0,0,2025-04-28 06:05:00
1745820360,29810.0,29810.0,29810.0,29810.0,0,2025-04-28 06:06:00
1745820420,29810.0,29810.0,29775.0,29775.0,1,2025-04-28 06:07:00
1745820480,29775.0,29775.0,29770.0,29770.0,1,2025-04-28 06:08:00
1745820540,29775.0,29810.0,29765.0,29770.0,7,2025-04-28 06:09:00
1745820600,29770.0,29790.0,29760.0,29790.0,42,2025-04-28 06:10:00
1745820660,29790.0,29800.0,29755.0,29755.0,5,2025-04-28 06:11:00
1745820720,29755.0,29775.0,29755.0,29775.0,2,2025-04-28 06:12:00
1745820780,29775.0,29800.0,29775.0,29800.0,1,2025-04-28 06:13:00
1745820840,29800.0,29800.0,29800.0,29800.0,1,2025-04-28 06:14:00
1745820900,29800.0,29800.0,29775.0,29800.0,4,2025-04-28 06:15:00
1745820960,29800.0,29800.0,29775.0,29775.0,1,2025-04-28 06:16:00
1745821020,29775.0,29775.0,29775.0,29775.0,0,2025-04-28 06:17:00
1745821080,29775.0,29775.0,29750.0,29750.0,10,2025-04-28 06:18:00
1745821140,29750.0,29780.0,29750.0,29780.0,2,2025-04-28 06:19:00
1745821200,29780.0,29780.0,29780.0,29780.0,0,2025-04-28 06:20:00
1745821260,29780.0,29780.0,29780.0,29780.0,0,2025-04-28 06:21:00
1745821320,29780.0,29795.0,29750.0,29795.0,3,2025-04-28 06:22:00
1745821380,29760.0,29760.0,29760.0,29760.0,1,2025-04-28 06:23:00
1745821440,29760.0,29760.0,29760.0,29760.0,0,2025-04-28 06:24:00
1745821500,29760.0,29760.0,29760.0,29760.0,1,2025-04-28 06:25:00
1745821560,29760.0,29790.0,29750.0,29790.0,2,2025-04-28 06:26:00
1745821620,29790.0,29790.0,29790.0,29790.0,0,2025-04-28 06:27:00
1745821680,29790.0,29790.0,29790.0,29790.0,0,2025-04-28 06:28:00
1745821740,29790.0,29805.0,29790.0,29805.0,33,2025-04-28 06:29:00
1745821800,29805.0,29860.0,29785.0,29860.0,141,2025-04-28 06:30:00
1745821860,29860.0,29860.0,29825.0,29830.0,7,2025-04-28 06:31:00
1745821920,29830.0,29865.0,29825.0,29850.0,16,2025-04-28 06:32:00
1745821980,29825.0,29825.0,29815.0,29820.0,9,2025-04-28 06:33:00
1745822040,29820.0,29860.0,29810.0,29810.0,16,2025-04-28 06:34:00
1745822100,29810.0,29875.0,29810.0,29875.0,10,2025-04-28 06:35:00
1745822160,29825.0,29860.0,29820.0,29820.0,12,2025-04-28 06:36:00
1745822220,29865.0,29895.0,29820.0,29850.0,25,2025-04-28 06:37:00
1745822280,29850.0,29875.0,29825.0,29845.0,14,2025-04-28 06:38:00
1745822340,29845.0,29875.0,29825.0,29830.0,7,2025-04-28 06:39:00
1745822400,29875.0,29880.0,29835.0,29880.0,15,2025-04-28 06:40:00
1745822460,29855.0,29880.0,29845.0,29845.0,8,2025-04-28 06:41:00
1745822520,29830.0,29885.0,29830.0,29840.0,11,2025-04-28 06:42:00
1745822580,29880.0,29880.0,29835.0,29835.0,12,2025-04-28 06:43:00
1745822640,29835.0,29860.0,29815.0,29815.0,6,2025-04-28 06:44:00
1745822700,29815.0,29845.0,29815.0,29815.0,13,2025-04-28 06:45:00
1745822760,29815.0,29855.0,29815.0,29820.0,8,2025-04-28 06:46:00
1745822820,29820.0,29845.0,29810.0,29810.0,8,2025-04-28 06:47:00
1745822880,29815.0,29850.0,29810.0,29810.0,13,2025-04-28 06:48:00
1745822940,29810.0,29855.0,29810.0,29815.0,8,2025-04-28 06:49:00
1745823000,29850.0,29850.0,29810.0,29850.0,10,2025-04-28 06:50:00
1745823060,29810.0,29850.0,29810.0,29810.0,11,2025-04-28 06:51:00
1745823120,29810.0,29810.0,29800.0,29800.0,52,2025-04-28 06:52:00
1745823180,29800.0,29800.0,29800.0,29800.0,3,2025-04-28 06:53:00
1745823240,29800.0,29800.0,29800.0,29800.0,0,2025-04-28 06:54:00
1745823300,29800.0,29800.0,29775.0,29775.0,3,2025-04-28 06:55:00
1745823360,29775.0,29800.0,29775.0,29800.0,6,2025-04-28 06:56:00
1745823420,29800.0,29800.0,29800.0,29800.0,0,2025-04-28 06:57:00
1745823480,29800.0,29800.0,29800.0,29800.0,0,2025-04-28 06:58:00
1745823540,29800.0,29800.0,29800.0,29800.0,0,2025-04-28 06:59:00
1745823600,29800.0,29800.0,29795.0,29795.0,3,2025-04-28 07:00:00
1745823660,29795.0,29795.0,29795.0,29795.0,1,2025-04-28 07:01:00
1745823720,29795.0,29795.0,29795.0,29795.0,0,2025-04-28 07:02:00
1745823780,29795.0,29795.0,29795.0,29795.0,2,2025-04-28 07:03:00
1745823840,29795.0,29795.0,29795.0,29795.0,0,2025-04-28 07:04:00
1745823900,29790.0,29790.0,29755.0,29790.0,11,2025-04-28 07:05:00
1745823960,29790.0,29790.0,29790.0,29790.0,1,2025-04-28 07:06:00
1745824020,29790.0,29790.0,29755.0,29755.0,1,2025-04-28 07:07:00
1745824080,29755.0,29790.0,29755.0,29785.0,7,2025-04-28 07:08:00
1745824140,29785.0,29785.0,29785.0,29785.0,0,2025-04-28 07:09:00
1745824200,29785.0,29785.0,29785.0,29785.0,0,2025-04-28 07:10:00
1745824260,29785.0,29790.0,29785.0,29790.0,4,2025-04-28 07:11:00
1745824320,29790.0,29790.0,29790.0,29790.0,0,2025-04-28 07:12:00
1745824380,29790.0,29790.0,29755.0,29755.0,1,2025-04-28 07:13:00
1745824440,29755.0,29790.0,29750.0,29750.0,4,2025-04-28 07:14:00
1745824500,29750.0,29750.0,29750.0,29750.0,0,2025-04-28 07:15:00
1745824560,29750.0,29750.0,29750.0,29750.0,0,2025-04-28 07:16:00
1745824620,29750.0,29790.0,29750.0,29790.0,4,2025-04-28 07:17:00
1745824680,29790.0,29790.0,29790.0,29790.0,0,2025-04-28 07:18:00
1745824740,29790.0,29790.0,29790.0,29790.0,0,2025-04-28 07:19:00
1745824800,29790.0,29790.0,29790.0,29790.0,0,2025-04-28 07:20:00
1745824860,29790.0,29790.0,29790.0,29790.0,0,2025-04-28 07:21:00
1745824920,29790.0,29790.0,29790.0,29790.0,0,2025-04-28 07:22:00
1745824980,29790.0,29790.0,29790.0,29790.0,0,2025-04-28 07:23:00
1745825040,29790.0,29790.0,29755.0,29755.0,1,2025-04-28 07:24:00
1745825100,29755.0,29755.0,29755.0,29755.0,1,2025-04-28 07:25:00
1745825160,29755.0,29755.0,29755.0,29755.0,0,2025-04-28 07:26:00
1745825220,29755.0,29755.0,29755.0,29755.0,0,2025-04-28 07:27:00
1745825280,29755.0,29755.0,29755.0,29755.0,0,2025-04-28 07:28:00
1745825340,29755.0,29755.0,29745.0,29745.0,11,2025-04-28 07:29:00
1745825400,29745.0,29775.0,29745.0,29775.0,3,2025-04-28 07:30:00
1745825460,29775.0,29790.0,29775.0,29790.0,1,2025-04-28 07:31:00
1745825520,29790.0,29790.0,29790.0,29790.0,0,2025-04-28 07:32:00
1745825580,29790.0,29790.0,29790.0,29790.0,0,2025-04-28 07:33:00
1745825640,29740.0,29780.0,29740.0,29780.0,5,2025-04-28 07:34:00
1745825700,29780.0,29780.0,29780.0,29780.0,0,2025-04-28 07:35:00
1745825760,29780.0,29780.0,29780.0,29780.0,7,2025-04-28 07:36:00
1745825820,29780.0,29780.0,29780.0,29780.0,3,2025-04-28 07:37:00
1745825880,29780.0,29785.0,29750.0,29785.0,2,2025-04-28 07:38:00
1745825940,29785.0,29785.0,29785.0,29785.0,0,2025-04-28 07:39:00
1745826000,29785.0,29785.0,29745.0,29745.0,2,2025-04-28 07:40:00
1745826060,29745.0,29745.0,29745.0,29745.0,0,2025-04-28 07:41:00
1745826120,29745.0,29780.0,29745.0,29780.0,1,2025-04-28 07:42:00
1745826180,29780.0,29780.0,29755.0,29755.0,1,2025-04-28 07:43:00
1745826240,29785.0,29790.0,29750.0,29785.0,31,2025-04-28 07:44:00
1745826300,29785.0,29795.0,29785.0,29795.0,5,2025-04-28 07:45:00
1745826360,29795.0,29795.0,29795.0,29795.0,0,2025-04-28 07:46:00
1745826420,29795.0,29795.0,29795.0,29795.0,0,2025-04-28 07:47:00
1745826480,29795.0,29795.0,29795.0,29795.0,0,2025-04-28 07:48:00
1745826540,29795.0,29795.0,29790.0,29790.0,1,2025-04-28 07:49:00
1745826600,29790.0,29790.0,29790.0,29790.0,0,2025-04-28 07:50:00
1745826660,29790.0,29790.0,29725.0,29785.0,27,2025-04-28 07:51:00
1745826720,29785.0,29785.0,29785.0,29785.0,0,2025-04-28 07:52:00
1745826780,29785.0,29790.0,29750.0,29790.0,2,2025-04-28 07:53:00
1745826840,29790.0,29790.0,29790.0,29790.0,0,2025-04-28 07:54:00
1745826900,29790.0,29790.0,29750.0,29750.0,13,2025-04-28 07:55:00
1745826960,29750.0,29790.0,29735.0,29790.0,42,2025-04-28 07:56:00
1745827020,29790.0,29790.0,29790.0,29790.0,1,2025-04-28 07:57:00
1745827080,29790.0,29790.0,29790.0,29790.0,0,2025-04-28 07:58:00
1745827140,29790.0,29790.0,29790.0,29790.0,0,2025-04-28 07:59:00
1745827200,29790.0,29790.0,29790.0,29790.0,0,2025-04-28 08:00:00
1745827260,29790.0,29790.0,29765.0,29765.0,1,2025-04-28 08:01:00
1745827320,29765.0,29765.0,29760.0,29760.0,1,2025-04-28 08:02:00
1745827380,29760.0,29800.0,29760.0,29800.0,4,2025-04-28 08:03:00
1745827440,29800.0,29800.0,29800.0,29800.0,15,2025-04-28 08:04:00
1745827500,29770.0,29770.0,29770.0,29770.0,1,2025-04-28 08:05:00
1745827560,29770.0,29800.0,29770.0,29785.0,707,2025-04-28 08:06:00
1745827620,29785.0,29790.0,29780.0,29790.0,411,2025-04-28 08:07:00
1745827680,29790.0,29790.0,29755.0,29785.0,2,2025-04-28 08:08:00
1745827740,29785.0,29785.0,29755.0,29755.0,1,2025-04-28 08:09:00
1745827800,29755.0,29795.0,29755.0,29795.0,4,2025-04-28 08:10:00
1745827860,29795.0,29795.0,29795.0,29795.0,0,2025-04-28 08:11:00
1745827920,29795.0,29795.0,29760.0,29760.0,3,2025-04-28 08:12:00
1745827980,29760.0,29760.0,29760.0,29760.0,0,2025-04-28 08:13:00
1745828040,29760.0,29760.0,29760.0,29760.0,0,2025-04-28 08:14:00
1745828100,29760.0,29795.0,29760.0,29775.0,15,2025-04-28 08:15:00
1745828160,29775.0,29800.0,29775.0,29775.0,6,2025-04-28 08:16:00
1745828220,29775.0,29775.0,29775.0,29775.0,0,2025-04-28 08:17:00
1745828280,29775.0,29775.0,29775.0,29775.0,0,2025-04-28 08:18:00
1745828340,29775.0,29775.0,29775.0,29775.0,0,2025-04-28 08:19:00
1745828400,29775.0,29775.0,29775.0,29775.0,0,2025-04-28 08:20:00
1745828460,29775.0,29775.0,29775.0,29775.0,0,2025-04-28 08:21:00
1745828520,29775.0,29775.0,29765.0,29765.0,1,2025-04-28 08:22:00
1745828580,29765.0,29765.0,29765.0,29765.0,0,2025-04-28 08:23:00
1745828640,29765.0,29765.0,29765.0,29765.0,3,2025-04-28 08:24:00
1745828700,29765.0,29785.0,29765.0,29785.0,1,2025-04-28 08:25:00
1745828760,29785.0,29785.0,29745.0,29780.0,8,2025-04-28 08:26:00
1745828820,29780.0,29780.0,29755.0,29755.0,1,2025-04-28 08:27:00
1745828880,29755.0,29755.0,29755.0,29755.0,1,2025-04-28 08:28:00
1745828940,29755.0,29755.0,29755.0,29755.0,0,2025-04-28 08:29:00
1745829000,29755.0,29755.0,29755.0,29755.0,0,2025-04-28 08:30:00
1745829060,29755.0,29755.0,29755.0,29755.0,0,2025-04-28 08:31:00
1745829120,29750.0,29750.0,29750.0,29750.0,1,2025-04-28 08:32:00
1745829180,29750.0,29785.0,29750.0,29785.0,2,2025-04-28 08:33:00
1745829240,29800.0,29800.0,29795.0,29795.0,10,2025-04-28 08:34:00
1745829300,29795.0,29795.0,29765.0,29790.0,37,2025-04-28 08:35:00
1745829360,29790.0,29790.0,29790.0,29790.0,0,2025-04-28 08:36:00
1745829420,29790.0,29790.0,29790.0,29790.0,0,2025-04-28 08:37:00
1745829480,29790.0,29800.0,29790.0,29790.0,13,2025-04-28 08:38:00
1745829540,29790.0,29790.0,29790.0,29790.0,0,2025-04-28 08:39:00
1745829600,29790.0,29800.0,29780.0,29800.0,6,2025-04-28 08:40:00
1745829660,29800.0,29800.0,29765.0,29800.0,17,2025-04-28 08:41:00
1745829720,29800.0,29800.0,29795.0,29795.0,2,2025-04-28 08:42:00
1745829780,29795.0,29795.0,29795.0,29795.0,0,2025-04-28 08:43:00
1745829840,29795.0,29795.0,29795.0,29795.0,0,2025-04-28 08:44:00
1745829900,29795.0,29795.0,29795.0,29795.0,0,2025-04-28 08:45:00
1745829960,29795.0,29795.0,29795.0,29795.0,0,2025-04-28 08:46:00
1745830020,29795.0,29795.0,29795.0,29795.0,0,2025-04-28 08:47:00
1745830080,29795.0,29795.0,29795.0,29795.0,0,2025-04-28 08:48:00
1745830140,29795.0,29795.0,29745.0,29745.0,13,2025-04-28 08:49:00
1745830200,29745.0,29770.0,29730.0,29730.0,3,2025-04-28 08:50:00
1745830260,29730.0,29730.0,29730.0,29730.0,1,2025-04-28 08:51:00
1745830320,29730.0,29730.0,29730.0,29730.0,0,2025-04-28 08:52:00
1745830380,29730.0,29730.0,29730.0,29730.0,0,2025-04-28 08:53:00
1745830440,29760.0,29765.0,29735.0,29735.0,4,2025-04-28 08:54:00
1745830500,29735.0,29735.0,29735.0,29735.0,1,2025-04-28 08:55:00
1745830560,29735.0,29775.0,29735.0,29775.0,33,2025-04-28 08:56:00
1745830620,29775.0,29775.0,29730.0,29735.0,3,2025-04-28 08:57:00
1745830680,29735.0,29775.0,29735.0,29775.0,2,2025-04-28 08:58:00
1745830740,29775.0,29775.0,29730.0,29730.0,1,2025-04-28 08:59:00
1745830800,29770.0,29775.0,29720.0,29775.0,6,2025-04-28 09:00:00
1745830860,29740.0,29780.0,29735.0,29735.0,5,2025-04-28 09:01:00
1745830920,29735.0,29740.0,29735.0,29740.0,1,2025-04-28 09:02:00
1745830980,29740.0,29740.0,29720.0,29720.0,13,2025-04-28 09:03:00
1745831040,29765.0,29790.0,29740.0,29790.0,14,2025-04-28 09:04:00
1745831100,29790.0,29790.0,29735.0,29735.0,2,2025-04-28 09:05:00
1745831160,29735.0,29770.0,29730.0,29770.0,3,2025-04-28 09:06:00
1745831220,29775.0,29775.0,29730.0,29770.0,6,2025-04-28 09:07:00
1745831280,29770.0,29770.0,29720.0,29730.0,8,2025-04-28 09:08:00
1745831340,29730.0,29770.0,29720.0,29720.0,3,2025-04-28 09:09:00
1745831400,29720.0,29765.0,29715.0,29765.0,7,2025-04-28 09:10:00
1745831460,29765.0,29785.0,29750.0,29785.0,3,2025-04-28 09:11:00
1745831520,29785.0,29785.0,29755.0,29755.0,1,2025-04-28 09:12:00
1745831580,29780.0,29780.0,29755.0,29780.0,14,2025-04-28 09:13:00
1745831640,29780.0,29780.0,29755.0,29755.0,1,2025-04-28 09:14:00
1745831700,29755.0,29775.0,29750.0,29775.0,3,2025-04-28 09:15:00
1745831760,29755.0,29780.0,29750.0,29755.0,20,2025-04-28 09:16:00
1745831820,29755.0,29755.0,29750.0,29750.0,2,2025-04-28 09:17:00
1745831880,29750.0,29820.0,29750.0,29820.0,67,2025-04-28 09:18:00
1745831940,29820.0,29820.0,29820.0,29820.0,6,2025-04-28 09:19:00
1745832000,29820.0,29840.0,29805.0,29805.0,2,2025-04-28 09:20:00
1745832060,29805.0,29845.0,29805.0,29810.0,7,2025-04-28 09:21:00
1745832120,29810.0,29810.0,29805.0,29805.0,23,2025-04-28 09:22:00
1745832180,29805.0,29805.0,29800.0,29800.0,5,2025-04-28 09:23:00
1745832240,29800.0,29800.0,29795.0,29800.0,2,2025-04-28 09:24:00
1745832300,29800.0,29800.0,29800.0,29800.0,0,2025-04-28 09:25:00
1745832360,29800.0,29800.0,29765.0,29795.0,5,2025-04-28 09:26:00
1745832420,29795.0,29795.0,29795.0,29795.0,0,2025-04-28 09:27:00
1745832480,29795.0,29795.0,29795.0,29795.0,10,2025-04-28 09:28:00
1745832540,29795.0,29820.0,29795.0,29820.0,15,2025-04-28 09:29:00
1745832600,29820.0,29825.0,29795.0,29795.0,13,2025-04-28 09:30:00
1745832660,29795.0,29810.0,29795.0,29810.0,2,2025-04-28 09:31:00
1745832720,29795.0,29800.0,29755.0,29800.0,21,2025-04-28 09:32:00
1745832780,29800.0,29800.0,29765.0,29770.0,9,2025-04-28 09:33:00
1745832840,29775.0,29800.0,29760.0,29760.0,9,2025-04-28 09:34:00
1745832900,29760.0,29800.0,29760.0,29800.0,11,2025-04-28 09:35:00
1745832960,29800.0,29800.0,29800.0,29800.0,11,2025-04-28 09:36:00
1745833020,29800.0,29800.0,29785.0,29800.0,4,2025-04-28 09:37:00
1745833080,29800.0,29815.0,29800.0,29800.0,34,2025-04-28 09:38:00
1745833140,29800.0,29820.0,29780.0,29800.0,9,2025-04-28 09:39:00
1745833200,29800.0,29800.0,29785.0,29800.0,3,2025-04-28 09:40:00
1745833260,29800.0,29800.0,29770.0,29770.0,8,2025-04-28 09:41:00
1745833320,29770.0,29800.0,29770.0,29800.0,3,2025-04-28 09:42:00
1745833380,29800.0,29800.0,29750.0,29790.0,66,2025-04-28 09:43:00
1745833440,29790.0,29790.0,29750.0,29750.0,3,2025-04-28 09:44:00
1745833500,29750.0,29785.0,29750.0,29785.0,2,2025-04-28 09:45:00
1745833560,29785.0,29785.0,29755.0,29785.0,3,2025-04-28 09:46:00
1745833620,29750.0,29800.0,29750.0,29800.0,26,2025-04-28 09:47:00
1745833680,29800.0,29800.0,29750.0,29795.0,49,2025-04-28 09:48:00
1745833740,29795.0,29795.0,29755.0,29790.0,4,2025-04-28 09:49:00
1745833800,29795.0,29795.0,29750.0,29750.0,6,2025-04-28 09:50:00
1745833860,29750.0,29795.0,29750.0,29795.0,45,2025-04-28 09:51:00
1745833920,29795.0,29795.0,29755.0,29790.0,25,2025-04-28 09:52:00
1745833980,29790.0,29800.0,29765.0,29770.0,82,2025-04-28 09:53:00
1745834040,29795.0,29795.0,29755.0,29755.0,26,2025-04-28 09:54:00
1745834100,29755.0,29785.0,29755.0,29785.0,8,2025-04-28 09:55:00
1745834160,29785.0,29790.0,29785.0,29790.0,7,2025-04-28 09:56:00
1745834220,29760.0,29795.0,29760.0,29795.0,13,2025-04-28 09:57:00
1745834280,29800.0,29800.0,29755.0,29795.0,20,2025-04-28 09:58:00
1745834340,29760.0,29800.0,29760.0,29800.0,27,2025-04-28 09:59:00
1745898300,29810.0,29995.0,29795.0,29935.0,142,2025-04-29 03:45:00
1745898360,29985.0,29985.0,29900.0,29900.0,36,2025-04-29 03:46:00
1745898420,29900.0,29900.0,29845.0,29845.0,90,2025-04-29 03:47:00
1745898480,29915.0,29915.0,29890.0,29890.0,20,2025-04-29 03:48:00
1745898540,29890.0,29890.0,29790.0,29790.0,20,2025-04-29 03:49:00
1745898600,29790.0,29840.0,29790.0,29840.0,7,2025-04-29 03:50:00
1745898660,29840.0,29840.0,29800.0,29800.0,3,2025-04-29 03:51:00
1745898720,29800.0,29850.0,29800.0,29840.0,32,2025-04-29 03:52:00
1745898780,29840.0,29840.0,29800.0,29800.0,5,2025-04-29 03:53:00
1745898840,29800.0,29800.0,29800.0,29800.0,0,2025-04-29 03:54:00
1745898900,29850.0,29850.0,29825.0,29825.0,31,2025-04-29 03:55:00
1745898960,29860.0,29860.0,29805.0,29805.0,11,2025-04-29 03:56:00
1745899020,29805.0,29845.0,29805.0,29805.0,9,2025-04-29 03:57:00
1745899080,29805.0,29805.0,29805.0,29805.0,3,2025-04-29 03:58:00
1745899140,29805.0,29805.0,29760.0,29760.0,94,2025-04-29 03:59:00
1745899200,29760.0,29805.0,29715.0,29715.0,35,2025-04-29 04:00:00
1745899260,29715.0,29780.0,29715.0,29780.0,7,2025-04-29 04:01:00
1745899320,29780.0,29800.0,29760.0,29770.0,24,2025-04-29 04:02:00
1745899380,29770.0,29775.0,29770.0,29775.0,3,2025-04-29 04:03:00
1745899440,29780.0,29785.0,29780.0,29785.0,19,2025-04-29 04:04:00
1745899500,29785.0,29785.0,29755.0,29780.0,50,2025-04-29 04:05:00
1745899560,29780.0,29780.0,29755.0,29755.0,10,2025-04-29 04:06:00
1745899620,29755.0,29755.0,29715.0,29715.0,15,2025-04-29 04:07:00
1745899680,29715.0,29715.0,29715.0,29715.0,0,2025-04-29 04:08:00
1745899740,29715.0,29730.0,29705.0,29705.0,3,2025-04-29 04:09:00
1745899800,29705.0,29715.0,29705.0,29715.0,3,2025-04-29 04:10:00
1745899860,29715.0,29720.0,29715.0,29720.0,1,2025-04-29 04:11:00
1745899920,29720.0,29720.0,29705.0,29705.0,1,2025-04-29 04:12:00
1745899980,29705.0,29710.0,29650.0,29650.0,10,2025-04-29 04:13:00
1745900040,29625.0,29650.0,29605.0,29650.0,25,2025-04-29 04:14:00
1745900100,29635.0,29660.0,29635.0,29660.0,3,2025-04-29 04:15:00
1745900160,29660.0,29660.0,29660.0,29660.0,2,2025-04-29 04:16:00
1745900220,29660.0,29660.0,29650.0,29650.0,4,2025-04-29 04:17:00
1745900280,29655.0,29680.0,29620.0,29620.0,5,2025-04-29 04:18:00
1745900340,29620.0,29670.0,29620.0,29670.0,2,2025-04-29 04:19:00
1745900400,29670.0,29670.0,29605.0,29605.0,17,2025-04-29 04:20:00
1745900460,29610.0,29610.0,29600.0,29600.0,21,2025-04-29 04:21:00
1745900520,29600.0,29600.0,29565.0,29580.0,21,2025-04-29 04:22:00
1745900580,29580.0,29600.0,29580.0,29600.0,1,2025-04-29 04:23:00
1745900640,29605.0,29605.0,29600.0,29600.0,7,2025-04-29 04:24:00
1745900700,29600.0,29605.0,29600.0,29605.0,1,2025-04-29 04:25:00
1745900760,29605.0,29700.0,29605.0,29690.0,22,2025-04-29 04:26:00
1745900820,29690.0,29740.0,29655.0,29740.0,27,2025-04-29 04:27:00
1745900880,29740.0,29740.0,29705.0,29735.0,7,2025-04-29 04:28:00
1745900940,29740.0,29760.0,29710.0,29760.0,18,2025-04-29 04:29:00
1745901000,29760.0,29760.0,29710.0,29745.0,7,2025-04-29 04:30:00
1745901060,29745.0,29760.0,29725.0,29725.0,16,2025-04-29 04:31:00
1745901120,29760.0,29760.0,29760.0,29760.0,4,2025-04-29 04:32:00
1745901180,29760.0,29760.0,29725.0,29730.0,8,2025-04-29 04:33:00
1745901240,29730.0,29750.0,29710.0,29750.0,23,2025-04-29 04:34:00
1745901300,29750.0,29750.0,29720.0,29750.0,5,2025-04-29 04:35:00
1745901360,29750.0,29750.0,29720.0,29720.0,3,2025-04-29 04:36:00
1745901420,29720.0,29765.0,29720.0,29730.0,3,2025-04-29 04:37:00
1745901480,29730.0,29775.0,29730.0,29770.0,5,2025-04-29 04:38:00
1745901540,29770.0,29770.0,29730.0,29730.0,5,2025-04-29 04:39:00
1745901600,29755.0,29755.0,29720.0,29725.0,24,2025-04-29 04:40:00
1745901660,29765.0,29765.0,29730.0,29760.0,15,2025-04-29 04:41:00
1745901720,29760.0,29760.0,29710.0,29710.0,2,2025-04-29 04:42:00
1745901780,29705.0,29735.0,29700.0,29700.0,3,2025-04-29 04:43:00
1745901840,29700.0,29735.0,29700.0,29735.0,7,2025-04-29 04:44:00
1745901900,29735.0,29735.0,29695.0,29725.0,8,2025-04-29 04:45:00
1745901960,29725.0,29725.0,29690.0,29720.0,4,2025-04-29 04:46:00
1745902020,29720.0,29720.0,29675.0,29675.0,1,2025-04-29 04:47:00
1745902080,29680.0,29735.0,29675.0,29735.0,13,2025-04-29 04:48:00
1745902140,29700.0,29730.0,29685.0,29720.0,8,2025-04-29 04:49:00
1745902200,29720.0,29720.0,29675.0,29675.0,5,2025-04-29 04:50:00
1745902260,29675.0,29695.0,29675.0,29695.0,3,2025-04-29 04:51:00
1745902320,29695.0,29695.0,29695.0,29695.0,2,2025-04-29 04:52:00
1745902380,29695.0,29695.0,29695.0,29695.0,1,2025-04-29 04:53:00
1745902440,29695.0,29725.0,29695.0,29695.0,3,2025-04-29 04:54:00
1745902500,29695.0,29695.0,29695.0,29695.0,1,2025-04-29 04:55:00
1745902560,29695.0,29760.0,29695.0,29760.0,17,2025-04-29 04:56:00
1745902620,29760.0,29765.0,29715.0,29715.0,8,2025-04-29 04:57:00
1745902680,29715.0,29755.0,29710.0,29715.0,11,2025-04-29 04:58:00
1745902740,29715.0,29750.0,29715.0,29750.0,3,2025-04-29 04:59:00
1745902800,29750.0,29750.0,29695.0,29695.0,3,2025-04-29 05:00:00
1745902860,29695.0,29750.0,29680.0,29745.0,19,2025-04-29 05:01:00
1745902920,29745.0,29755.0,29715.0,29755.0,8,2025-04-29 05:02:00
1745902980,29755.0,29755.0,29690.0,29690.0,2,2025-04-29 05:03:00
1745903040,29690.0,29740.0,29690.0,29740.0,2,2025-04-29 05:04:00
1745903100,29705.0,29750.0,29705.0,29750.0,5,2025-04-29 05:05:00
1745903160,29750.0,29750.0,29715.0,29720.0,9,2025-04-29 05:06:00
1745903220,29760.0,29760.0,29700.0,29700.0,3,2025-04-29 05:07:00
1745903280,29700.0,29710.0,29700.0,29710.0,1,2025-04-29 05:08:00
1745903340,29710.0,29750.0,29710.0,29710.0,3,2025-04-29 05:09:00
1745903400,29710.0,29710.0,29710.0,29710.0,2,2025-04-29 05:10:00
1745903460,29710.0,29745.0,29705.0,29745.0,4,2025-04-29 05:11:00
1745903520,29745.0,29745.0,29700.0,29705.0,6,2025-04-29 05:12:00
1745903580,29705.0,29740.0,29705.0,29740.0,4,2025-04-29 05:13:00
1745903640,29740.0,29740.0,29705.0,29705.0,1,2025-04-29 05:14:00
1745903700,29710.0,29745.0,29710.0,29710.0,3,2025-04-29 05:15:00
1745903760,29710.0,29785.0,29710.0,29780.0,27,2025-04-29 05:16:00
1745903820,29780.0,29780.0,29740.0,29775.0,4,2025-04-29 05:17:00
1745903880,29775.0,29775.0,29730.0,29730.0,7,2025-04-29 05:18:00
1745903940,29765.0,29765.0,29740.0,29740.0,5,2025-04-29 05:19:00
1745904000,29765.0,29765.0,29725.0,29740.0,3,2025-04-29 05:20:00
1745904060,29740.0,29760.0,29720.0,29730.0,7,2025-04-29 05:21:00
1745904120,29730.0,29760.0,29720.0,29720.0,3,2025-04-29 05:22:00
1745904180,29720.0,29720.0,29720.0,29720.0,1,2025-04-29 05:23:00
1745904240,29720.0,29750.0,29715.0,29715.0,3,2025-04-29 05:24:00
1745904300,29715.0,29715.0,29715.0,29715.0,1,2025-04-29 05:25:00
1745904360,29715.0,29760.0,29715.0,29760.0,7,2025-04-29 05:26:00
1745904420,29770.0,29770.0,29740.0,29740.0,3,2025-04-29 05:27:00
1745904480,29740.0,29740.0,29740.0,29740.0,1,2025-04-29 05:28:00
1745904540,29775.0,29775.0,29735.0,29770.0,6,2025-04-29 05:29:00
1745904600,29770.0,29770.0,29735.0,29740.0,4,2025-04-29 05:30:00
1745904660,29740.0,29775.0,29740.0,29775.0,2,2025-04-29 05:31:00
1745904720,29775.0,29775.0,29745.0,29745.0,3,2025-04-29 05:32:00
1745904780,29745.0,29775.0,29730.0,29730.0,5,2025-04-29 05:33:00
1745904840,29730.0,29765.0,29730.0,29735.0,5,2025-04-29 05:34:00
1745904900,29735.0,29780.0,29730.0,29780.0,15,2025-04-29 05:35:00
1745904960,29780.0,29785.0,29750.0,29750.0,3,2025-04-29 05:36:00
1745905020,29750.0,29750.0,29750.0,29750.0,1,2025-04-29 05:37:00
1745905080,29750.0,29750.0,29750.0,29750.0,1,2025-04-29 05:38:00
1745905140,29750.0,29780.0,29745.0,29745.0,3,2025-04-29 05:39:00
1745905200,29745.0,29745.0,29745.0,29745.0,1,2025-04-29 05:40:00
1745905260,29735.0,29770.0,29735.0,29735.0,4,2025-04-29 05:41:00
1745905320,29735.0,29735.0,29735.0,29735.0,2,2025-04-29 05:42:00
1745905380,29735.0,29765.0,29730.0,29765.0,6,2025-04-29 05:43:00
1745905440,29765.0,29765.0,29735.0,29735.0,2,2025-04-29 05:44:00
1745905500,29735.0,29735.0,29735.0,29735.0,2,2025-04-29 05:45:00
1745905560,29735.0,29765.0,29735.0,29765.0,2,2025-04-29 05:46:00
1745905620,29765.0,29765.0,29730.0,29730.0,1,2025-04-29 05:47:00
1745905680,29735.0,29795.0,29735.0,29795.0,397,2025-04-29 05:48:00
1745905740,29795.0,29795.0,29785.0,29790.0,3,2025-04-29 05:49:00
1745905800,29790.0,29795.0,29785.0,29785.0,10,2025-04-29 05:50:00
1745905860,29790.0,29795.0,29790.0,29795.0,2,2025-04-29 05:51:00
1745905920,29795.0,29800.0,29785.0,29800.0,215,2025-04-29 05:52:00
1745905980,29800.0,29800.0,29800.0,29800.0,3,2025-04-29 05:53:00
1745906040,29800.0,29800.0,29800.0,29800.0,4,2025-04-29 05:54:00
1745906100,29800.0,29800.0,29770.0,29795.0,5,2025-04-29 05:55:00
1745906160,29795.0,29795.0,29765.0,29795.0,5,2025-04-29 05:56:00
1745906220,29795.0,29795.0,29795.0,29795.0,4,2025-04-29 05:57:00
1745906280,29795.0,29940.0,29795.0,29920.0,614,2025-04-29 05:58:00
1745906340,29920.0,29920.0,29855.0,29855.0,12,2025-04-29 05:59:00
1745906400,29855.0,29895.0,29855.0,29890.0,9,2025-04-29 06:00:00
1745906460,29890.0,29890.0,29885.0,29890.0,4,2025-04-29 06:01:00
1745906520,29895.0,29895.0,29865.0,29890.0,13,2025-04-29 06:02:00
1745906580,29890.0,29895.0,29850.0,29895.0,12,2025-04-29 06:03:00
1745906640,29895.0,29915.0,29895.0,29895.0,21,2025-04-29 06:04:00
1745906700,29895.0,29925.0,29895.0,29925.0,13,2025-04-29 06:05:00
1745906760,29925.0,29925.0,29875.0,29915.0,7,2025-04-29 06:06:00
1745906820,29885.0,29900.0,29860.0,29900.0,6,2025-04-29 06:07:00
1745906880,29900.0,29905.0,29900.0,29900.0,6,2025-04-29 06:08:00
1745906940,29900.0,29900.0,29890.0,29890.0,4,2025-04-29 06:09:00
1745907000,29890.0,29895.0,29890.0,29890.0,4,2025-04-29 06:10:00
1745907060,29890.0,29915.0,29890.0,29910.0,20,2025-04-29 06:11:00
1745907120,29910.0,29915.0,29880.0,29905.0,21,2025-04-29 06:12:00
1745907180,29905.0,29915.0,29875.0,29905.0,19,2025-04-29 06:13:00
1745907240,29910.0,29925.0,29895.0,29895.0,9,2025-04-29 06:14:00
1745907300,29895.0,29920.0,29895.0,29920.0,3,2025-04-29 06:15:00
1745907360,29920.0,29920.0,29920.0,29920.0,5,2025-04-29 06:16:00
1745907420,29920.0,29920.0,29920.0,29920.0,4,2025-04-29 06:17:00
1745907480,29920.0,29920.0,29895.0,29905.0,13,2025-04-29 06:18:00
1745907540,29910.0,29915.0,29880.0,29915.0,5,2025-04-29 06:19:00
1745907600,29910.0,29915.0,29910.0,29915.0,9,2025-04-29 06:20:00
1745907660,29915.0,29915.0,29915.0,29915.0,4,2025-04-29 06:21:00
1745907720,29885.0,29920.0,29885.0,29915.0,19,2025-04-29 06:22:00
1745907780,29920.0,29920.0,29885.0,29885.0,11,2025-04-29 06:23:00
1745907840,29900.0,29900.0,29895.0,29900.0,4,2025-04-29 06:24:00
1745907900,29900.0,29900.0,29900.0,29900.0,4,2025-04-29 06:25:00
1745907960,29900.0,29900.0,29900.0,29900.0,3,2025-04-29 06:26:00
1745908020,29900.0,29900.0,29865.0,29865.0,5,2025-04-29 06:27:00
1745908080,29865.0,29900.0,29865.0,29900.0,4,2025-04-29 06:28:00
1745908140,29900.0,29900.0,29865.0,29865.0,5,2025-04-29 06:29:00
1745908200,29855.0,29890.0,29855.0,29890.0,29,2025-04-29 06:30:00
1745908260,29890.0,29895.0,29865.0,29890.0,5,2025-04-29 06:31:00
1745908320,29890.0,29890.0,29850.0,29850.0,22,2025-04-29 06:32:00
1745908380,29850.0,29890.0,29850.0,29890.0,27,2025-04-29 06:33:00
1745908440,29890.0,29895.0,29890.0,29890.0,3,2025-04-29 06:34:00
1745908500,29895.0,29900.0,29855.0,29855.0,11,2025-04-29 06:35:00
1745908560,29890.0,29905.0,29890.0,29905.0,4,2025-04-29 06:36:00
1745908620,29905.0,29915.0,29905.0,29915.0,5,2025-04-29 06:37:00
1745908680,29915.0,29915.0,29870.0,29915.0,6,2025-04-29 06:38:00
1745908740,29915.0,29920.0,29915.0,29920.0,4,2025-04-29 06:39:00
1745908800,29920.0,29920.0,29920.0,29920.0,5,2025-04-29 06:40:00
1745908860,29920.0,29920.0,29915.0,29915.0,13,2025-04-29 06:41:00
1745908920,29915.0,29915.0,29875.0,29915.0,5,2025-04-29 06:42:00
1745908980,29915.0,29915.0,29880.0,29895.0,6,2025-04-29 06:43:00
1745909040,29910.0,29920.0,29880.0,29920.0,7,2025-04-29 06:44:00
1745909100,29920.0,29920.0,29910.0,29910.0,4,2025-04-29 06:45:00
1745909160,29910.0,29920.0,29900.0,29920.0,4,2025-04-29 06:46:00
1745909220,29920.0,29920.0,29920.0,29920.0,3,2025-04-29 06:47:00
1745909280,29920.0,29920.0,29890.0,29920.0,12,2025-04-29 06:48:00
1745909340,29920.0,29920.0,29920.0,29920.0,4,2025-04-29 06:49:00
1745909400,29900.0,29930.0,29890.0,29890.0,6,2025-04-29 06:50:00
1745909460,29915.0,29925.0,29915.0,29925.0,4,2025-04-29 06:51:00
1745909520,29925.0,29925.0,29925.0,29925.0,4,2025-04-29 06:52:00
1745909580,29925.0,29925.0,29925.0,29925.0,9,2025-04-29 06:53:00
1745909640,29925.0,29925.0,29890.0,29925.0,5,2025-04-29 06:54:00
1745909700,29925.0,29935.0,29890.0,29935.0,6,2025-04-29 06:55:00
1745909760,29940.0,29940.0,29930.0,29930.0,4,2025-04-29 06:56:00
1745909820,29930.0,29940.0,29895.0,29940.0,5,2025-04-29 06:57:00
1745909880,29940.0,29940.0,29875.0,29875.0,7,2025-04-29 06:58:00
1745909940,29875.0,29905.0,29850.0,29905.0,15,2025-04-29 06:59:00
1745910000,29905.0,29905.0,29850.0,29895.0,14,2025-04-29 07:00:00
1745910060,29895.0,29895.0,29845.0,29890.0,6,2025-04-29 07:01:00
1745910120,29890.0,29890.0,29850.0,29890.0,5,2025-04-29 07:02:00
1745910180,29890.0,29890.0,29855.0,29855.0,1,2025-04-29 07:03:00
1745910240,29855.0,29855.0,29850.0,29850.0,2,2025-04-29 07:04:00
1745910300,29850.0,29850.0,29835.0,29850.0,2,2025-04-29 07:05:00
1745910360,29850.0,29850.0,29850.0,29850.0,1,2025-04-29 07:06:00
1745910420,29850.0,29855.0,29805.0,29855.0,25,2025-04-29 07:07:00
1745910480,29855.0,29855.0,29855.0,29855.0,0,2025-04-29 07:08:00
1745910540,29855.0,29855.0,29855.0,29855.0,1,2025-04-29 07:09:00
1745910600,29855.0,29855.0,29855.0,29855.0,0,2025-04-29 07:10:00
1745910660,29855.0,29855.0,29855.0,29855.0,0,2025-04-29 07:11:00
1745910720,29855.0,29865.0,29855.0,29865.0,1,2025-04-29 07:12:00
1745910780,29865.0,29875.0,29825.0,29875.0,7,2025-04-29 07:13:00
1745910840,29875.0,29875.0,29870.0,29870.0,1,2025-04-29 07:14:00
1745910900,29870.0,29870.0,29870.0,29870.0,0,2025-04-29 07:15:00
1745910960,29870.0,29870.0,29870.0,29870.0,0,2025-04-29 07:16:00
1745911020,29870.0,29870.0,29870.0,29870.0,0,2025-04-29 07:17:00
1745911080,29870.0,29870.0,29810.0,29810.0,1,2025-04-29 07:18:00
1745911140,29810.0,29825.0,29810.0,29825.0,2,2025-04-29 07:19:00
1745911200,29865.0,29885.0,29855.0,29885.0,5,2025-04-29 07:20:00
1745911260,29885.0,29890.0,29885.0,29890.0,1,2025-04-29 07:21:00
1745911320,29890.0,29890.0,29850.0,29850.0,1,2025-04-29 07:22:00
1745911380,29850.0,29850.0,29850.0,29850.0,0,2025-04-29 07:23:00
1745911440,29850.0,29850.0,29850.0,29850.0,0,2025-04-29 07:24:00
1745911500,29850.0,29850.0,29850.0,29850.0,1,2025-04-29 07:25:00
1745911560,29850.0,29850.0,29850.0,29850.0,0,2025-04-29 07:26:00
1745911620,29850.0,29900.0,29850.0,29890.0,9,2025-04-29 07:27:00
1745911680,29890.0,29890.0,29865.0,29865.0,2,2025-04-29 07:28:00
1745911740,29865.0,29865.0,29865.0,29865.0,0,2025-04-29 07:29:00
1745911800,29865.0,29865.0,29865.0,29865.0,0,2025-04-29 07:30:00
1745911860,29865.0,29865.0,29855.0,29855.0,1,2025-04-29 07:31:00
1745911920,29890.0,29905.0,29860.0,29905.0,3,2025-04-29 07:32:00
1745911980,29905.0,29905.0,29905.0,29905.0,0,2025-04-29 07:33:00
1745912040,29905.0,29905.0,29905.0,29905.0,0,2025-04-29 07:34:00
1745912100,29905.0,29905.0,29900.0,29900.0,1,2025-04-29 07:35:00
1745912160,29900.0,29900.0,29865.0,29900.0,2,2025-04-29 07:36:00
1745912220,29900.0,29930.0,29900.0,29915.0,31,2025-04-29 07:37:00
1745912280,29915.0,29915.0,29870.0,29870.0,6,2025-04-29 07:38:00
1745912340,29870.0,29870.0,29870.0,29870.0,0,2025-04-29 07:39:00
1745912400,29870.0,29910.0,29870.0,29910.0,7,2025-04-29 07:40:00
1745912460,29910.0,29920.0,29875.0,29875.0,3,2025-04-29 07:41:00
1745912520,29935.0,29935.0,29890.0,29925.0,11,2025-04-29 07:42:00
1745912580,29925.0,29925.0,29885.0,29885.0,5,2025-04-29 07:43:00
1745912640,29885.0,29885.0,29885.0,29885.0,0,2025-04-29 07:44:00
1745912700,29885.0,29885.0,29885.0,29885.0,0,2025-04-29 07:45:00
1745912760,29885.0,29885.0,29885.0,29885.0,1,2025-04-29 07:46:00
1745912820,29920.0,29920.0,29920.0,29920.0,2,2025-04-29 07:47:00
1745912880,29920.0,29920.0,29880.0,29880.0,1,2025-04-29 07:48:00
1745912940,29880.0,29920.0,29880.0,29885.0,6,2025-04-29 07:49:00
1745913000,29885.0,29885.0,29885.0,29885.0,0,2025-04-29 07:50:00
1745913060,29885.0,29890.0,29865.0,29865.0,4,2025-04-29 07:51:00
1745913120,29865.0,29865.0,29865.0,29865.0,0,2025-04-29 07:52:00
1745913180,29865.0,29865.0,29865.0,29865.0,0,2025-04-29 07:53:00
1745913240,29865.0,29865.0,29865.0,29865.0,0,2025-04-29 07:54:00
1745913300,29865.0,29890.0,29865.0,29890.0,12,2025-04-29 07:55:00
1745913360,29890.0,29890.0,29840.0,29845.0,55,2025-04-29 07:56:00
1745913420,29845.0,29845.0,29845.0,29845.0,1,2025-04-29 07:57:00
1745913480,29845.0,29845.0,29845.0,29845.0,0,2025-04-29 07:58:00
1745913540,29845.0,29845.0,29820.0,29820.0,2,2025-04-29 07:59:00
1745913600,29820.0,29885.0,29820.0,29885.0,152,2025-04-29 08:00:00
1745913660,29885.0,29890.0,29885.0,29890.0,6,2025-04-29 08:01:00
1745913720,29890.0,29890.0,29880.0,29880.0,1,2025-04-29 08:02:00
1745913780,29880.0,29880.0,29855.0,29855.0,4,2025-04-29 08:03:00
1745913840,29855.0,29855.0,29855.0,29855.0,0,2025-04-29 08:04:00
1745913900,29855.0,29855.0,29840.0,29840.0,3,2025-04-29 08:05:00
1745913960,29840.0,29880.0,29840.0,29880.0,7,2025-04-29 08:06:00
1745914020,29880.0,29880.0,29835.0,29835.0,1,2025-04-29 08:07:00
1745914080,29835.0,29835.0,29835.0,29835.0,0,2025-04-29 08:08:00
1745914140,29835.0,29865.0,29835.0,29865.0,1,2025-04-29 08:09:00
1745914200,29865.0,29865.0,29865.0,29865.0,0,2025-04-29 08:10:00
1745914260,29865.0,29865.0,29860.0,29860.0,2,2025-04-29 08:11:00
1745914320,29860.0,29890.0,29860.0,29890.0,1,2025-04-29 08:12:00
1745914380,29860.0,29885.0,29860.0,29885.0,2,2025-04-29 08:13:00
1745914440,29885.0,29890.0,29855.0,29880.0,47,2025-04-29 08:14:00
1745914500,29880.0,29885.0,29880.0,29885.0,2,2025-04-29 08:15:00
1745914560,29885.0,29885.0,29885.0,29885.0,0,2025-04-29 08:16:00
1745914620,29885.0,29885.0,29885.0,29885.0,0,2025-04-29 08:17:00
1745914680,29885.0,29885.0,29850.0,29850.0,4,2025-04-29 08:18:00
1745914740,29890.0,29890.0,29890.0,29890.0,1,2025-04-29 08:19:00
1745914800,29890.0,29890.0,29890.0,29890.0,0,2025-04-29 08:20:00
1745914860,29890.0,29890.0,29890.0,29890.0,0,2025-04-29 08:21:00
1745914920,29890.0,29890.0,29850.0,29850.0,1,2025-04-29 08:22:00
1745914980,29850.0,29890.0,29850.0,29890.0,22,2025-04-29 08:23:00
1745915040,29885.0,29885.0,29880.0,29880.0,6,2025-04-29 08:24:00
1745915100,29880.0,29880.0,29880.0,29880.0,1,2025-04-29 08:25:00
1745915160,29880.0,29885.0,29880.0,29885.0,1,2025-04-29 08:26:00
1745915220,29890.0,29920.0,29890.0,29920.0,66,2025-04-29 08:27:00
1745915280,29925.0,29940.0,29925.0,29940.0,10,2025-04-29 08:28:00
1745915340,29940.0,29980.0,29940.0,29980.0,70,2025-04-29 08:29:00
1745915400,29980.0,29980.0,29950.0,29980.0,8,2025-04-29 08:30:00
1745915460,29980.0,29980.0,29955.0,29975.0,8,2025-04-29 08:31:00
1745915520,29975.0,29975.0,29945.0,29975.0,7,2025-04-29 08:32:00
1745915580,29975.0,29975.0,29975.0,29975.0,6,2025-04-29 08:33:00
1745915640,29970.0,29975.0,29970.0,29975.0,8,2025-04-29 08:34:00
1745915700,29975.0,29975.0,29935.0,29970.0,11,2025-04-29 08:35:00
1745915760,29970.0,29975.0,29940.0,29975.0,7,2025-04-29 08:36:00
1745915820,29975.0,29980.0,29945.0,29980.0,7,2025-04-29 08:37:00
1745915880,29980.0,30095.0,29945.0,30070.0,181,2025-04-29 08:38:00
1745915940,30080.0,30080.0,30030.0,30060.0,20,2025-04-29 08:39:00
1745916000,30055.0,30060.0,30020.0,30060.0,10,2025-04-29 08:40:00
1745916060,30060.0,30060.0,30005.0,30045.0,34,2025-04-29 08:41:00
1745916120,30050.0,30095.0,30020.0,30075.0,61,2025-04-29 08:42:00
1745916180,30070.0,30075.0,30015.0,30015.0,11,2025-04-29 08:43:00
1745916240,30055.0,30065.0,30015.0,30035.0,12,2025-04-29 08:44:00
1745916300,30075.0,30085.0,30040.0,30050.0,11,2025-04-29 08:45:00
1745916360,30090.0,30090.0,29980.0,30020.0,40,2025-04-29 08:46:00
1745916420,30025.0,30055.0,30025.0,30055.0,6,2025-04-29 08:47:00
1745916480,30050.0,30060.0,30015.0,30045.0,10,2025-04-29 08:48:00
1745916540,30050.0,30060.0,30020.0,30050.0,8,2025-04-29 08:49:00
1745916600,30050.0,30050.0,30015.0,30050.0,8,2025-04-29 08:50:00
1745916660,30050.0,30050.0,30015.0,30015.0,9,2025-04-29 08:51:00
1745916720,30015.0,30060.0,30015.0,30060.0,8,2025-04-29 08:52:00
1745916780,30060.0,30070.0,30030.0,30070.0,10,2025-04-29 08:53:00
1745916840,30060.0,30070.0,30060.0,30065.0,6,2025-04-29 08:54:00
1745916900,30070.0,30070.0,30020.0,30065.0,9,2025-04-29 08:55:00
1745916960,30065.0,30070.0,30025.0,30070.0,9,2025-04-29 08:56:00
1745917020,30070.0,30070.0,30035.0,30070.0,8,2025-04-29 08:57:00
1745917080,30025.0,30070.0,30020.0,30020.0,14,2025-04-29 08:58:00
1745917140,30060.0,30065.0,30060.0,30060.0,6,2025-04-29 08:59:00
1745917200,30060.0,30060.0,30015.0,30055.0,10,2025-04-29 09:00:00
1745917260,30060.0,30060.0,30060.0,30060.0,7,2025-04-29 09:01:00
1745917320,30060.0,30060.0,30060.0,30060.0,6,2025-04-29 09:02:00
1745917380,30060.0,30080.0,30030.0,30080.0,123,2025-04-29 09:03:00
1745917440,30085.0,30090.0,30055.0,30085.0,8,2025-04-29 09:04:00
1745917500,30085.0,30095.0,30085.0,30095.0,24,2025-04-29 09:05:00
1745917560,30040.0,30095.0,30040.0,30095.0,16,2025-04-29 09:06:00
1745917620,30090.0,30095.0,30045.0,30095.0,7,2025-04-29 09:07:00
1745917680,30095.0,30095.0,30090.0,30090.0,7,2025-04-29 09:08:00
1745917740,30095.0,30095.0,30090.0,30095.0,6,2025-04-29 09:09:00
1745917800,30070.0,30100.0,30060.0,30100.0,17,2025-04-29 09:10:00
1745917860,30100.0,30100.0,30100.0,30100.0,11,2025-04-29 09:11:00
1745917920,30100.0,30100.0,30100.0,30100.0,8,2025-04-29 09:12:00
1745917980,30100.0,30100.0,30090.0,30100.0,6,2025-04-29 09:13:00
1745918040,30100.0,30100.0,30100.0,30100.0,6,2025-04-29 09:14:00
1745918100,30100.0,30100.0,30065.0,30100.0,11,2025-04-29 09:15:00
1745918160,30100.0,30100.0,30070.0,30095.0,8,2025-04-29 09:16:00
1745918220,30095.0,30100.0,30095.0,30100.0,6,2025-04-29 09:17:00
1745918280,30100.0,30105.0,30080.0,30105.0,15,2025-04-29 09:18:00
1745918340,30105.0,30110.0,30080.0,30100.0,7,2025-04-29 09:19:00
1745918400,30110.0,30140.0,30095.0,30095.0,38,2025-04-29 09:20:00
1745918460,30125.0,30135.0,30070.0,30130.0,10,2025-04-29 09:21:00
1745918520,30130.0,30135.0,30095.0,30135.0,18,2025-04-29 09:22:00
1745918580,30135.0,30140.0,30135.0,30140.0,16,2025-04-29 09:23:00
1745918640,30140.0,30140.0,30140.0,30140.0,8,2025-04-29 09:24:00
1745918700,30140.0,30140.0,30140.0,30140.0,8,2025-04-29 09:25:00
1745918760,30140.0,30140.0,30140.0,30140.0,8,2025-04-29 09:26:00
1745918820,30140.0,30140.0,30110.0,30110.0,7,2025-04-29 09:27:00
1745918880,30110.0,30140.0,30110.0,30135.0,7,2025-04-29 09:28:00
1745918940,30135.0,30140.0,30115.0,30140.0,8,2025-04-29 09:29:00
1745919000,30140.0,30140.0,30110.0,30140.0,15,2025-04-29 09:30:00
1745919060,30140.0,30140.0,30055.0,30130.0,29,2025-04-29 09:31:00
1745919120,30115.0,30135.0,30075.0,30130.0,7,2025-04-29 09:32:00
1745919180,30125.0,30140.0,30085.0,30140.0,8,2025-04-29 09:33:00
1745919240,30140.0,30140.0,30135.0,30135.0,7,2025-04-29 09:34:00
1745919300,30135.0,30135.0,30105.0,30135.0,10,2025-04-29 09:35:00
1745919360,30135.0,30135.0,30095.0,30135.0,7,2025-04-29 09:36:00
1745919420,30135.0,30140.0,30135.0,30140.0,9,2025-04-29 09:37:00
1745919480,30105.0,30140.0,30105.0,30140.0,7,2025-04-29 09:38:00
1745919540,30140.0,30140.0,30110.0,30140.0,10,2025-04-29 09:39:00
1745919600,30140.0,30145.0,30105.0,30105.0,111,2025-04-29 09:40:00
1745919660,30140.0,30140.0,30090.0,30140.0,12,2025-04-29 09:41:00
1745919720,30140.0,30140.0,30100.0,30130.0,28,2025-04-29 09:42:00
1745919780,30130.0,30140.0,30090.0,30140.0,65,2025-04-29 09:43:00
1745919840,30140.0,30140.0,30080.0,30140.0,13,2025-04-29 09:44:00
1745919900,30140.0,30140.0,30090.0,30140.0,13,2025-04-29 09:45:00
1745919960,30140.0,30140.0,30095.0,30095.0,46,2025-04-29 09:46:00
1745920020,30135.0,30135.0,30070.0,30130.0,20,2025-04-29 09:47:00
1745920080,30130.0,30130.0,30015.0,30095.0,24,2025-04-29 09:48:00
1745920140,30100.0,30100.0,30050.0,30050.0,13,2025-04-29 09:49:00
1745920200,30100.0,30100.0,30055.0,30060.0,21,2025-04-29 09:50:00
1745920260,30095.0,30100.0,30095.0,30095.0,15,2025-04-29 09:51:00
1745920320,30065.0,30100.0,30050.0,30050.0,43,2025-04-29 09:52:00
1745920380,30090.0,30095.0,30050.0,30080.0,45,2025-04-29 09:53:00
1745920440,30025.0,30085.0,30025.0,30040.0,17,2025-04-29 09:54:00
1745920500,30075.0,30080.0,30045.0,30045.0,18,2025-04-29 09:55:00
1745920560,30065.0,30075.0,30035.0,30040.0,30,2025-04-29 09:56:00
1745920620,30060.0,30065.0,30015.0,30060.0,23,2025-04-29 09:57:00
1745920680,30070.0,30075.0,30025.0,30070.0,9,2025-04-29 09:58:00
1745920740,30020.0,30100.0,30020.0,30100.0,35,2025-04-29 09:59:00
1745984700,30000.0,30000.0,29860.0,29900.0,35,2025-04-30 03:45:00
1745984760,29900.0,29945.0,29900.0,29900.0,14,2025-04-30 03:46:00
1745984820,29900.0,29935.0,29880.0,29935.0,24,2025-04-30 03:47:00
1745984880,29940.0,29940.0,29845.0,29855.0,51,2025-04-30 03:48:00
1745984940,29855.0,29880.0,29850.0,29880.0,4,2025-04-30 03:49:00
1745985000,29880.0,30000.0,29875.0,30000.0,71,2025-04-30 03:50:00
1745985060,30000.0,30000.0,29885.0,29920.0,22,2025-04-30 03:51:00
1745985120,29920.0,29920.0,29920.0,29920.0,1,2025-04-30 03:52:00
1745985180,29920.0,29925.0,29920.0,29925.0,1,2025-04-30 03:53:00
1745985240,29925.0,29950.0,29925.0,29925.0,8,2025-04-30 03:54:00
1745985300,29910.0,29980.0,29855.0,29855.0,48,2025-04-30 03:55:00
1745985360,29855.0,29890.0,29855.0,29890.0,4,2025-04-30 03:56:00
1745985420,29890.0,29890.0,29855.0,29855.0,4,2025-04-30 03:57:00
1745985480,29855.0,29855.0,29780.0,29855.0,53,2025-04-30 03:58:00
1745985540,29855.0,29895.0,29855.0,29895.0,1,2025-04-30 03:59:00
1745985600,29895.0,29920.0,29895.0,29920.0,1,2025-04-30 04:00:00
1745985660,29920.0,29920.0,29920.0,29920.0,0,2025-04-30 04:01:00
1745985720,29920.0,29920.0,29920.0,29920.0,0,2025-04-30 04:02:00
1745985780,29920.0,30025.0,29920.0,30005.0,24,2025-04-30 04:03:00
1745985840,30005.0,30030.0,30000.0,30010.0,67,2025-04-30 04:04:00
1745985900,30010.0,30010.0,29950.0,29950.0,9,2025-04-30 04:05:00
1745985960,29950.0,29950.0,29920.0,29945.0,10,2025-04-30 04:06:00
1745986020,29945.0,29945.0,29945.0,29945.0,0,2025-04-30 04:07:00
1745986080,29945.0,29995.0,29945.0,29995.0,1,2025-04-30 04:08:00
1745986140,29995.0,30010.0,29995.0,30010.0,6,2025-04-30 04:09:00
1745986200,30010.0,30010.0,30000.0,30000.0,1,2025-04-30 04:10:00
1745986260,30000.0,30000.0,30000.0,30000.0,0,2025-04-30 04:11:00
1745986320,30000.0,30000.0,29960.0,29960.0,2,2025-04-30 04:12:00
1745986380,29995.0,29995.0,29985.0,29985.0,2,2025-04-30 04:13:00
1745986440,29985.0,29985.0,29985.0,29985.0,0,2025-04-30 04:14:00
1745986500,29985.0,29985.0,29935.0,29935.0,2,2025-04-30 04:15:00
1745986560,29935.0,29935.0,29935.0,29935.0,4,2025-04-30 04:16:00
1745986620,29935.0,29945.0,29930.0,29945.0,3,2025-04-30 04:17:00
1745986680,29945.0,29945.0,29915.0,29915.0,3,2025-04-30 04:18:00
1745986740,29915.0,29915.0,29915.0,29915.0,1,2025-04-30 04:19:00
1745986800,29915.0,29915.0,29915.0,29915.0,0,2025-04-30 04:20:00
1745986860,29915.0,29915.0,29915.0,29915.0,0,2025-04-30 04:21:00
1745986920,29915.0,29915.0,29915.0,29915.0,0,2025-04-30 04:22:00
1745986980,29915.0,29915.0,29915.0,29915.0,0,2025-04-30 04:23:00
1745987040,29915.0,29915.0,29915.0,29915.0,0,2025-04-30 04:24:00
1745987100,29915.0,29950.0,29900.0,29900.0,21,2025-04-30 04:25:00
1745987160,29900.0,29900.0,29900.0,29900.0,0,2025-04-30 04:26:00
1745987220,29900.0,29900.0,29900.0,29900.0,0,2025-04-30 04:27:00
1745987280,29900.0,29900.0,29865.0,29880.0,32,2025-04-30 04:28:00
1745987340,29880.0,29880.0,29880.0,29880.0,0,2025-04-30 04:29:00
1745987400,29880.0,29880.0,29880.0,29880.0,2,2025-04-30 04:30:00
1745987460,29880.0,29945.0,29855.0,29945.0,112,2025-04-30 04:31:00
1745987520,29945.0,29945.0,29910.0,29910.0,1,2025-04-30 04:32:00
1745987580,29910.0,29910.0,29900.0,29900.0,3,2025-04-30 04:33:00
1745987640,29900.0,29900.0,29900.0,29900.0,0,2025-04-30 04:34:00
1745987700,29900.0,29900.0,29880.0,29880.0,1,2025-04-30 04:35:00
1745987760,29880.0,29890.0,29880.0,29890.0,1,2025-04-30 04:36:00
1745987820,29890.0,29900.0,29890.0,29900.0,2,2025-04-30 04:37:00
1745987880,29945.0,29945.0,29905.0,29905.0,5,2025-04-30 04:38:00
1745987940,29905.0,29905.0,29885.0,29885.0,6,2025-04-30 04:39:00
1745988000,29885.0,29930.0,29885.0,29930.0,4,2025-04-30 04:40:00
1745988060,29930.0,29930.0,29905.0,29905.0,1,2025-04-30 04:41:00
1745988120,29905.0,29905.0,29845.0,29845.0,24,2025-04-30 04:42:00
1745988180,29845.0,29850.0,29845.0,29850.0,25,2025-04-30 04:43:00
1745988240,29850.0,29895.0,29850.0,29895.0,7,2025-04-30 04:44:00
1745988300,29895.0,29895.0,29895.0,29895.0,0,2025-04-30 04:45:00
1745988360,29895.0,29895.0,29895.0,29895.0,0,2025-04-30 04:46:00
1745988420,29895.0,29895.0,29895.0,29895.0,0,2025-04-30 04:47:00
1745988480,29895.0,29905.0,29895.0,29905.0,5,2025-04-30 04:48:00
1745988540,29905.0,29905.0,29870.0,29905.0,2,2025-04-30 04:49:00
1745988600,29905.0,29910.0,29905.0,29910.0,8,2025-04-30 04:50:00
1745988660,29910.0,29910.0,29910.0,29910.0,0,2025-04-30 04:51:00
1745988720,29910.0,29925.0,29895.0,29895.0,2,2025-04-30 04:52:00
1745988780,29895.0,29895.0,29895.0,29895.0,0,2025-04-30 04:53:00
1745988840,29865.0,29880.0,29865.0,29880.0,13,2025-04-30 04:54:00
1745988900,29880.0,29880.0,29880.0,29880.0,0,2025-04-30 04:55:00
1745988960,29880.0,29880.0,29880.0,29880.0,0,2025-04-30 04:56:00
1745989020,29880.0,29880.0,29880.0,29880.0,0,2025-04-30 04:57:00
1745989080,29880.0,29900.0,29880.0,29885.0,18,2025-04-30 04:58:00
1745989140,29885.0,29885.0,29865.0,29885.0,2,2025-04-30 04:59:00
1745989200,29885.0,29885.0,29885.0,29885.0,0,2025-04-30 05:00:00
1745989260,29800.0,29855.0,29800.0,29855.0,34,2025-04-30 05:01:00
1745989320,29805.0,29805.0,29800.0,29800.0,16,2025-04-30 05:02:00
1745989380,29800.0,29800.0,29800.0,29800.0,0,2025-04-30 05:03:00
1745989440,29800.0,29810.0,29800.0,29810.0,1,2025-04-30 05:04:00
1745989500,29810.0,29810.0,29810.0,29810.0,0,2025-04-30 05:05:00
1745989560,29810.0,29810.0,29810.0,29810.0,0,2025-04-30 05:06:00
1745989620,29810.0,29810.0,29805.0,29805.0,1,2025-04-30 05:07:00
1745989680,29805.0,29805.0,29805.0,29805.0,0,2025-04-30 05:08:00
1745989740,29805.0,29855.0,29805.0,29855.0,2,2025-04-30 05:09:00
1745989800,29855.0,29855.0,29855.0,29855.0,0,2025-04-30 05:10:00
1745989860,29855.0,29855.0,29845.0,29845.0,1,2025-04-30 05:11:00
1745989920,29845.0,29845.0,29845.0,29845.0,0,2025-04-30 05:12:00
1745989980,29845.0,29845.0,29845.0,29845.0,0,2025-04-30 05:13:00
1745990040,29845.0,29845.0,29845.0,29845.0,0,2025-04-30 05:14:00
1745990100,29845.0,29845.0,29845.0,29845.0,0,2025-04-30 05:15:00
1745990160,29845.0,29845.0,29845.0,29845.0,0,2025-04-30 05:16:00
1745990220,29845.0,29845.0,29805.0,29805.0,2,2025-04-30 05:17:00
1745990280,29805.0,29805.0,29805.0,29805.0,0,2025-04-30 05:18:00
1745990340,29805.0,29845.0,29805.0,29845.0,2,2025-04-30 05:19:00
1745990400,29845.0,29845.0,29800.0,29800.0,15,2025-04-30 05:20:00
1745990460,29800.0,29800.0,29800.0,29800.0,0,2025-04-30 05:21:00
1745990520,29800.0,29800.0,29800.0,29800.0,0,2025-04-30 05:22:00
1745990580,29800.0,29805.0,29800.0,29805.0,1,2025-04-30 05:23:00
1745990640,29805.0,29850.0,29805.0,29850.0,1,2025-04-30 05:24:00
1745990700,29850.0,29850.0,29850.0,29850.0,0,2025-04-30 05:25:00
1745990760,29850.0,29850.0,29810.0,29850.0,9,2025-04-30 05:26:00
1745990820,29850.0,29850.0,29850.0,29850.0,0,2025-04-30 05:27:00
1745990880,29850.0,29850.0,29850.0,29850.0,0,2025-04-30 05:28:00
1745990940,29800.0,29800.0,29800.0,29800.0,29,2025-04-30 05:29:00
1745991000,29800.0,29800.0,29800.0,29800.0,0,2025-04-30 05:30:00
1745991060,29800.0,29835.0,29800.0,29835.0,1,2025-04-30 05:31:00
1745991120,29835.0,29835.0,29810.0,29810.0,2,2025-04-30 05:32:00
1745991180,29810.0,29810.0,29810.0,29810.0,0,2025-04-30 05:33:00
1745991240,29810.0,29870.0,29810.0,29870.0,10,2025-04-30 05:34:00
1745991300,29805.0,29835.0,29805.0,29835.0,8,2025-04-30 05:35:00
1745991360,29835.0,29835.0,29835.0,29835.0,0,2025-04-30 05:36:00
1745991420,29835.0,29835.0,29815.0,29815.0,1,2025-04-30 05:37:00
1745991480,29815.0,29830.0,29815.0,29820.0,7,2025-04-30 05:38:00
1745991540,29820.0,29855.0,29820.0,29855.0,17,2025-04-30 05:39:00
1745991600,29855.0,29855.0,29855.0,29855.0,1,2025-04-30 05:40:00
1745991660,29855.0,29855.0,29820.0,29820.0,1,2025-04-30 05:41:00
1745991720,29820.0,29820.0,29820.0,29820.0,0,2025-04-30 05:42:00
1745991780,29820.0,29850.0,29820.0,29850.0,1,2025-04-30 05:43:00
1745991840,29820.0,29820.0,29820.0,29820.0,36,2025-04-30 05:44:00
1745991900,29835.0,29840.0,29800.0,29840.0,4,2025-04-30 05:45:00
1745991960,29840.0,29840.0,29840.0,29840.0,1,2025-04-30 05:46:00
1745992020,29845.0,29845.0,29845.0,29845.0,1,2025-04-30 05:47:00
1745992080,29845.0,29845.0,29845.0,29845.0,0,2025-04-30 05:48:00
1745992140,29845.0,29845.0,29845.0,29845.0,0,2025-04-30 05:49:00
1745992200,29845.0,29845.0,29800.0,29800.0,26,2025-04-30 05:50:00
1745992260,29800.0,29830.0,29800.0,29830.0,1,2025-04-30 05:51:00
1745992320,29830.0,29830.0,29830.0,29830.0,0,2025-04-30 05:52:00
1745992380,29830.0,29830.0,29830.0,29830.0,0,2025-04-30 05:53:00
1745992440,29830.0,29830.0,29800.0,29800.0,11,2025-04-30 05:54:00
1745992500,29800.0,29800.0,29800.0,29800.0,0,2025-04-30 05:55:00
1745992560,29800.0,29800.0,29800.0,29800.0,0,2025-04-30 05:56:00
1745992620,29800.0,29800.0,29800.0,29800.0,0,2025-04-30 05:57:00
1745992680,29800.0,29800.0,29800.0,29800.0,0,2025-04-30 05:58:00
1745992740,29800.0,29800.0,29800.0,29800.0,0,2025-04-30 05:59:00
1745992800,29800.0,29800.0,29800.0,29800.0,0,2025-04-30 06:00:00
1745992860,29800.0,29800.0,29800.0,29800.0,0,2025-04-30 06:01:00
1745992920,29800.0,29800.0,29800.0,29800.0,0,2025-04-30 06:02:00
1745992980,29800.0,29840.0,29800.0,29840.0,15,2025-04-30 06:03:00
1745993040,29840.0,29840.0,29755.0,29790.0,58,2025-04-30 06:04:00
1745993100,29790.0,29790.0,29735.0,29735.0,15,2025-04-30 06:05:00
1745993160,29735.0,29780.0,29735.0,29780.0,5,2025-04-30 06:06:00
1745993220,29770.0,29770.0,29715.0,29715.0,10,2025-04-30 06:07:00
1745993280,29715.0,29770.0,29715.0,29770.0,5,2025-04-30 06:08:00
1745993340,29775.0,29775.0,29725.0,29755.0,3,2025-04-30 06:09:00
1745993400,29755.0,29755.0,29755.0,29755.0,0,2025-04-30 06:10:00
1745993460,29755.0,29755.0,29755.0,29755.0,0,2025-04-30 06:11:00
1745993520,29755.0,29755.0,29735.0,29735.0,2,2025-04-30 06:12:00
1745993580,29735.0,29735.0,29730.0,29730.0,2,2025-04-30 06:13:00
1745993640,29730.0,29730.0,29730.0,29730.0,0,2025-04-30 06:14:00
1745993700,29730.0,29770.0,29730.0,29770.0,9,2025-04-30 06:15:00
1745993760,29770.0,29770.0,29770.0,29770.0,0,2025-04-30 06:16:00
1745993820,29770.0,29770.0,29770.0,29770.0,0,2025-04-30 06:17:00
1745993880,29770.0,29770.0,29765.0,29765.0,1,2025-04-30 06:18:00
1745993940,29765.0,29765.0,29765.0,29765.0,0,2025-04-30 06:19:00
1745994000,29765.0,29765.0,29765.0,29765.0,0,2025-04-30 06:20:00
1745994060,29765.0,29765.0,29765.0,29765.0,0,2025-04-30 06:21:00
1745994120,29765.0,29800.0,29765.0,29800.0,1,2025-04-30 06:22:00
1745994180,29800.0,29800.0,29800.0,29800.0,25,2025-04-30 06:23:00
1745994240,29800.0,29800.0,29800.0,29800.0,10,2025-04-30 06:24:00
1745994300,29770.0,29810.0,29770.0,29810.0,2,2025-04-30 06:25:00
1745994360,29810.0,29810.0,29725.0,29725.0,28,2025-04-30 06:26:00
1745994420,29725.0,29725.0,29715.0,29715.0,9,2025-04-30 06:27:00
1745994480,29715.0,29715.0,29715.0,29715.0,0,2025-04-30 06:28:00
1745994540,29715.0,29750.0,29715.0,29750.0,2,2025-04-30 06:29:00
1745994600,29750.0,29750.0,29750.0,29750.0,1,2025-04-30 06:30:00
1745994660,29750.0,29750.0,29750.0,29750.0,0,2025-04-30 06:31:00
1745994720,29750.0,29750.0,29750.0,29750.0,1,2025-04-30 06:32:00
1745994780,29750.0,29750.0,29750.0,29750.0,0,2025-04-30 06:33:00
1745994840,29750.0,29770.0,29750.0,29770.0,51,2025-04-30 06:34:00
1745994900,29770.0,29770.0,29770.0,29770.0,0,2025-04-30 06:35:00
1745994960,29770.0,29800.0,29770.0,29800.0,32,2025-04-30 06:36:00
1745995020,29800.0,29830.0,29740.0,29740.0,28,2025-04-30 06:37:00
1745995080,29740.0,29740.0,29740.0,29740.0,0,2025-04-30 06:38:00
1745995140,29740.0,29740.0,29740.0,29740.0,0,2025-04-30 06:39:00
1745995200,29740.0,29745.0,29740.0,29745.0,1,2025-04-30 06:40:00
1745995260,29745.0,29745.0,29745.0,29745.0,0,2025-04-30 06:41:00
1745995320,29745.0,29745.0,29745.0,29745.0,0,2025-04-30 06:42:00
1745995380,29745.0,29745.0,29745.0,29745.0,0,2025-04-30 06:43:00
1745995440,29745.0,29795.0,29745.0,29795.0,10,2025-04-30 06:44:00
1745995500,29795.0,29795.0,29795.0,29795.0,2,2025-04-30 06:45:00
1745995560,29795.0,29795.0,29795.0,29795.0,0,2025-04-30 06:46:00
1745995620,29795.0,29795.0,29795.0,29795.0,5,2025-04-30 06:47:00
1745995680,29795.0,29795.0,29750.0,29750.0,4,2025-04-30 06:48:00
1745995740,29750.0,29750.0,29750.0,29750.0,0,2025-04-30 06:49:00
1745995800,29750.0,29750.0,29750.0,29750.0,1,2025-04-30 06:50:00
1745995860,29750.0,29750.0,29750.0,29750.0,0,2025-04-30 06:51:00
1745995920,29750.0,29750.0,29750.0,29750.0,0,2025-04-30 06:52:00
1745995980,29750.0,29750.0,29745.0,29745.0,13,2025-04-30 06:53:00
1745996040,29745.0,29760.0,29705.0,29760.0,37,2025-04-30 06:54:00
1745996100,29760.0,29760.0,29715.0,29760.0,4,2025-04-30 06:55:00
1745996160,29760.0,29760.0,29710.0,29710.0,1,2025-04-30 06:56:00
1745996220,29710.0,29755.0,29710.0,29755.0,4,2025-04-30 06:57:00
1745996280,29755.0,29755.0,29755.0,29755.0,0,2025-04-30 06:58:00
1745996340,29750.0,29750.0,29750.0,29750.0,2,2025-04-30 06:59:00
1745996400,29750.0,29750.0,29710.0,29750.0,2,2025-04-30 07:00:00
1745996460,29710.0,29745.0,29710.0,29745.0,3,2025-04-30 07:01:00
1745996520,29745.0,29755.0,29745.0,29755.0,2,2025-04-30 07:02:00
1745996580,29755.0,29755.0,29705.0,29750.0,5,2025-04-30 07:03:00
1745996640,29750.0,29750.0,29750.0,29750.0,0,2025-04-30 07:04:00
1745996700,29750.0,29750.0,29705.0,29745.0,3,2025-04-30 07:05:00
1745996760,29745.0,29745.0,29705.0,29705.0,1,2025-04-30 07:06:00
1745996820,29705.0,29750.0,29705.0,29750.0,1,2025-04-30 07:07:00
1745996880,29750.0,29750.0,29750.0,29750.0,1,2025-04-30 07:08:00
1745996940,29750.0,29750.0,29720.0,29720.0,1,2025-04-30 07:09:00
1745997000,29720.0,29750.0,29720.0,29750.0,1,2025-04-30 07:10:00
1745997060,29750.0,29760.0,29715.0,29720.0,6,2025-04-30 07:11:00
1745997120,29720.0,29725.0,29720.0,29725.0,1,2025-04-30 07:12:00
1745997180,29725.0,29765.0,29725.0,29765.0,1,2025-04-30 07:13:00
1745997240,29765.0,29765.0,29765.0,29765.0,0,2025-04-30 07:14:00
1745997300,29765.0,29775.0,29765.0,29775.0,1,2025-04-30 07:15:00
1745997360,29775.0,29775.0,29730.0,29775.0,2,2025-04-30 07:16:00
1745997420,29775.0,29775.0,29775.0,29775.0,0,2025-04-30 07:17:00
1745997480,29775.0,29775.0,29775.0,29775.0,2,2025-04-30 07:18:00
1745997540,29775.0,29800.0,29745.0,29795.0,118,2025-04-30 07:19:00
1745997600,29830.0,29830.0,29800.0,29805.0,5,2025-04-30 07:20:00
1745997660,29805.0,29810.0,29805.0,29810.0,3,2025-04-30 07:21:00
1745997720,29810.0,29810.0,29810.0,29810.0,1,2025-04-30 07:22:00
1745997780,29815.0,29860.0,29815.0,29820.0,3,2025-04-30 07:23:00
1745997840,29820.0,29860.0,29820.0,29860.0,1,2025-04-30 07:24:00
1745997900,29860.0,29860.0,29820.0,29820.0,3,2025-04-30 07:25:00
1745997960,29820.0,29860.0,29820.0,29860.0,8,2025-04-30 07:26:00
1745998020,29860.0,29860.0,29820.0,29820.0,5,2025-04-30 07:27:00
1745998080,29820.0,29850.0,29820.0,29850.0,3,2025-04-30 07:28:00
1745998140,29815.0,29845.0,29815.0,29845.0,2,2025-04-30 07:29:00
1745998200,29845.0,29845.0,29845.0,29845.0,0,2025-04-30 07:30:00
1745998260,29845.0,29850.0,29845.0,29850.0,2,2025-04-30 07:31:00
1745998320,29850.0,29850.0,29815.0,29850.0,4,2025-04-30 07:32:00
1745998380,29850.0,29850.0,29810.0,29850.0,3,2025-04-30 07:33:00
1745998440,29850.0,29850.0,29850.0,29850.0,1,2025-04-30 07:34:00
1745998500,29850.0,29850.0,29810.0,29850.0,3,2025-04-30 07:35:00
1745998560,29850.0,29850.0,29825.0,29825.0,6,2025-04-30 07:36:00
1745998620,29825.0,29840.0,29825.0,29840.0,1,2025-04-30 07:37:00
1745998680,29840.0,29840.0,29810.0,29810.0,1,2025-04-30 07:38:00
1745998740,29810.0,29850.0,29810.0,29850.0,4,2025-04-30 07:39:00
1745998800,29850.0,29850.0,29850.0,29850.0,0,2025-04-30 07:40:00
1745998860,29860.0,29860.0,29815.0,29815.0,2,2025-04-30 07:41:00
1745998920,29815.0,29860.0,29815.0,29860.0,2,2025-04-30 07:42:00
1745998980,29860.0,29860.0,29815.0,29815.0,1,2025-04-30 07:43:00
1745999040,29815.0,29850.0,29815.0,29850.0,2,2025-04-30 07:44:00
1745999100,29850.0,29855.0,29850.0,29855.0,1,2025-04-30 07:45:00
1745999160,29855.0,29855.0,29820.0,29820.0,1,2025-04-30 07:46:00
1745999220,29820.0,29860.0,29820.0,29860.0,1,2025-04-30 07:47:00
1745999280,29860.0,29865.0,29860.0,29865.0,16,2025-04-30 07:48:00
1745999340,29865.0,29870.0,29845.0,29845.0,5,2025-04-30 07:49:00
1745999400,29845.0,29890.0,29845.0,29890.0,1,2025-04-30 07:50:00
1745999460,29890.0,29890.0,29840.0,29840.0,3,2025-04-30 07:51:00
1745999520,29840.0,29880.0,29840.0,29880.0,1,2025-04-30 07:52:00
1745999580,29880.0,29880.0,29830.0,29830.0,1,2025-04-30 07:53:00
1745999640,29875.0,29875.0,29830.0,29830.0,6,2025-04-30 07:54:00
1745999700,29830.0,29860.0,29830.0,29860.0,1,2025-04-30 07:55:00
1745999760,29860.0,29860.0,29820.0,29820.0,1,2025-04-30 07:56:00
1745999820,29820.0,29855.0,29820.0,29825.0,2,2025-04-30 07:57:00
1745999880,29825.0,29870.0,29825.0,29870.0,1,2025-04-30 07:58:00
1745999940,29870.0,29870.0,29840.0,29840.0,1,2025-04-30 07:59:00
1746000000,29840.0,29875.0,29840.0,29875.0,1,2025-04-30 08:00:00
1746000060,29875.0,29875.0,29835.0,29835.0,4,2025-04-30 08:01:00
1746000120,29875.0,29875.0,29875.0,29875.0,1,2025-04-30 08:02:00
1746000180,29875.0,29880.0,29875.0,29880.0,1,2025-04-30 08:03:00
1746000240,29880.0,29880.0,29880.0,29880.0,1,2025-04-30 08:04:00
1746000300,29880.0,29885.0,29880.0,29885.0,1,2025-04-30 08:05:00
1746000360,29885.0,29900.0,29885.0,29900.0,3,2025-04-30 08:06:00
1746000420,29900.0,29900.0,29900.0,29900.0,0,2025-04-30 08:07:00
1746000480,29900.0,29900.0,29900.0,29900.0,2,2025-04-30 08:08:00
1746000540,29900.0,29900.0,29900.0,29900.0,0,2025-04-30 08:09:00
1746000600,29900.0,29910.0,29700.0,29825.0,235,2025-04-30 08:10:00
1746000660,29825.0,29825.0,29820.0,29825.0,2,2025-04-30 08:11:00
1746000720,29825.0,29825.0,29800.0,29800.0,1,2025-04-30 08:12:00
1746000780,29800.0,29815.0,29800.0,29815.0,1,2025-04-30 08:13:00
1746000840,29815.0,29815.0,29815.0,29815.0,1,2025-04-30 08:14:00
1746000900,29815.0,29815.0,29815.0,29815.0,0,2025-04-30 08:15:00
1746000960,29815.0,29815.0,29785.0,29785.0,2,2025-04-30 08:16:00
1746001020,29785.0,29785.0,29785.0,29785.0,0,2025-04-30 08:17:00
1746001080,29750.0,29800.0,29750.0,29800.0,11,2025-04-30 08:18:00
1746001140,29800.0,29800.0,29750.0,29790.0,3,2025-04-30 08:19:00
1746001200,29790.0,29790.0,29785.0,29785.0,1,2025-04-30 08:20:00
1746001260,29785.0,29785.0,29785.0,29785.0,2,2025-04-30 08:21:00
1746001320,29785.0,29795.0,29785.0,29795.0,7,2025-04-30 08:22:00
1746001380,29795.0,29795.0,29730.0,29730.0,8,2025-04-30 08:23:00
1746001440,29730.0,29770.0,29730.0,29770.0,1,2025-04-30 08:24:00
1746001500,29770.0,29770.0,29770.0,29770.0,0,2025-04-30 08:25:00
1746001560,29770.0,29770.0,29765.0,29765.0,1,2025-04-30 08:26:00
1746001620,29765.0,29770.0,29765.0,29770.0,1,2025-04-30 08:27:00
1746001680,29770.0,29770.0,29740.0,29770.0,2,2025-04-30 08:28:00
1746001740,29770.0,29770.0,29735.0,29770.0,6,2025-04-30 08:29:00
1746001800,29770.0,29770.0,29735.0,29735.0,2,2025-04-30 08:30:00
1746001860,29735.0,29765.0,29735.0,29765.0,1,2025-04-30 08:31:00
1746001920,29765.0,29775.0,29740.0,29770.0,6,2025-04-30 08:32:00
1746001980,29770.0,29770.0,29770.0,29770.0,0,2025-04-30 08:33:00
1746002040,29770.0,29795.0,29770.0,29795.0,1,2025-04-30 08:34:00
1746002100,29795.0,29795.0,29795.0,29795.0,0,2025-04-30 08:35:00
1746002160,29795.0,29795.0,29790.0,29790.0,1,2025-04-30 08:36:00
1746002220,29790.0,29795.0,29790.0,29795.0,1,2025-04-30 08:37:00
1746002280,29795.0,29800.0,29740.0,29740.0,22,2025-04-30 08:38:00
1746002340,29740.0,29785.0,29740.0,29740.0,7,2025-04-30 08:39:00
1746002400,29740.0,29775.0,29740.0,29775.0,3,2025-04-30 08:40:00
1746002460,29775.0,29775.0,29740.0,29740.0,11,2025-04-30 08:41:00
1746002520,29740.0,29770.0,29740.0,29770.0,2,2025-04-30 08:42:00
1746002580,29770.0,29770.0,29740.0,29740.0,2,2025-04-30 08:43:00
1746002640,29740.0,29770.0,29730.0,29730.0,2,2025-04-30 08:44:00
1746002700,29730.0,29795.0,29730.0,29795.0,14,2025-04-30 08:45:00
1746002760,29795.0,29810.0,29775.0,29775.0,2,2025-04-30 08:46:00
1746002820,29775.0,29800.0,29775.0,29775.0,2,2025-04-30 08:47:00
1746002880,29775.0,29775.0,29745.0,29775.0,14,2025-04-30 08:48:00
1746002940,29775.0,29775.0,29775.0,29775.0,0,2025-04-30 08:49:00
1746003000,29775.0,29775.0,29745.0,29770.0,4,2025-04-30 08:50:00
1746003060,29770.0,29770.0,29770.0,29770.0,1,2025-04-30 08:51:00
1746003120,29770.0,29770.0,29770.0,29770.0,1,2025-04-30 08:52:00
1746003180,29770.0,29775.0,29770.0,29775.0,2,2025-04-30 08:53:00
1746003240,29775.0,29775.0,29775.0,29775.0,1,2025-04-30 08:54:00
1746003300,29775.0,29775.0,29775.0,29775.0,1,2025-04-30 08:55:00
1746003360,29775.0,29775.0,29775.0,29775.0,1,2025-04-30 08:56:00
1746003420,29775.0,29775.0,29775.0,29775.0,2,2025-04-30 08:57:00
1746003480,29775.0,29775.0,29735.0,29770.0,7,2025-04-30 08:58:00
1746003540,29770.0,29770.0,29740.0,29770.0,19,2025-04-30 08:59:00
1746003600,29770.0,29770.0,29770.0,29770.0,3,2025-04-30 09:00:00
1746003660,29770.0,29775.0,29770.0,29775.0,2,2025-04-30 09:01:00
1746003720,29775.0,29775.0,29775.0,29775.0,0,2025-04-30 09:02:00
1746003780,29775.0,29775.0,29775.0,29775.0,2,2025-04-30 09:03:00
1746003840,29775.0,29775.0,29775.0,29775.0,1,2025-04-30 09:04:00
1746003900,29775.0,29775.0,29775.0,29775.0,1,2025-04-30 09:05:00
1746003960,29775.0,29780.0,29775.0,29780.0,6,2025-04-30 09:06:00
1746004020,29780.0,29845.0,29780.0,29845.0,35,2025-04-30 09:07:00
1746004080,29850.0,29885.0,29830.0,29830.0,18,2025-04-30 09:08:00
1746004140,29870.0,29910.0,29845.0,29910.0,94,2025-04-30 09:09:00
1746004200,29880.0,29940.0,29880.0,29925.0,22,2025-04-30 09:10:00
1746004260,29915.0,29925.0,29910.0,29920.0,13,2025-04-30 09:11:00
1746004320,29925.0,29940.0,29925.0,29940.0,39,2025-04-30 09:12:00
1746004380,29940.0,29955.0,29940.0,29955.0,14,2025-04-30 09:13:00
1746004440,29955.0,29965.0,29885.0,29925.0,23,2025-04-30 09:14:00
1746004500,29925.0,29950.0,29925.0,29950.0,10,2025-04-30 09:15:00
1746004560,29950.0,29950.0,29910.0,29950.0,21,2025-04-30 09:16:00
1746004620,29950.0,29950.0,29950.0,29950.0,10,2025-04-30 09:17:00
1746004680,29950.0,29950.0,29845.0,29925.0,50,2025-04-30 09:18:00
1746004740,29925.0,29945.0,29925.0,29945.0,9,2025-04-30 09:19:00
1746004800,29945.0,29950.0,29935.0,29950.0,9,2025-04-30 09:20:00
1746004860,29950.0,29970.0,29930.0,29970.0,97,2025-04-30 09:21:00
1746004920,29970.0,29970.0,29950.0,29970.0,28,2025-04-30 09:22:00
1746004980,29980.0,29990.0,29960.0,29960.0,16,2025-04-30 09:23:00
1746005040,29960.0,30000.0,29960.0,29975.0,12,2025-04-30 09:24:00
1746005100,29975.0,30000.0,29965.0,30000.0,11,2025-04-30 09:25:00
1746005160,30000.0,30000.0,29995.0,30000.0,12,2025-04-30 09:26:00
1746005220,30000.0,30035.0,30000.0,30020.0,36,2025-04-30 09:27:00
1746005280,30025.0,30035.0,30025.0,30035.0,14,2025-04-30 09:28:00
1746005340,30030.0,30040.0,30000.0,30000.0,20,2025-04-30 09:29:00
1746005400,30015.0,30040.0,30000.0,30030.0,22,2025-04-30 09:30:00
1746005460,30030.0,30045.0,29985.0,30045.0,13,2025-04-30 09:31:00
1746005520,30040.0,30040.0,29980.0,30040.0,17,2025-04-30 09:32:00
1746005580,29995.0,30040.0,29995.0,30040.0,12,2025-04-30 09:33:00
1746005640,30040.0,30040.0,29975.0,30030.0,16,2025-04-30 09:34:00
1746005700,30000.0,30040.0,30000.0,30040.0,19,2025-04-30 09:35:00
1746005760,30035.0,30045.0,29990.0,30015.0,14,2025-04-30 09:36:00
1746005820,30015.0,30015.0,29920.0,29920.0,156,2025-04-30 09:37:00
1746005880,29905.0,30030.0,29905.0,30010.0,62,2025-04-30 09:38:00
1746005940,30010.0,30010.0,29950.0,29975.0,30,2025-04-30 09:39:00
1746006000,29975.0,30010.0,29975.0,30005.0,32,2025-04-30 09:40:00
1746006060,29995.0,30005.0,29995.0,30005.0,11,2025-04-30 09:41:00
1746006120,30005.0,30055.0,30000.0,30000.0,68,2025-04-30 09:42:00
1746006180,30000.0,30000.0,29985.0,30000.0,22,2025-04-30 09:43:00
1746006240,30000.0,30000.0,29985.0,30000.0,12,2025-04-30 09:44:00
1746006300,30000.0,30000.0,29985.0,30000.0,60,2025-04-30 09:45:00
1746006360,29995.0,30050.0,29995.0,30000.0,25,2025-04-30 09:46:00
1746006420,30000.0,30000.0,30000.0,30000.0,20,2025-04-30 09:47:00
1746006480,30000.0,30000.0,30000.0,30000.0,8,2025-04-30 09:48:00
1746006540,30000.0,30020.0,30000.0,30000.0,14,2025-04-30 09:49:00
1746006600,30000.0,30000.0,30000.0,30000.0,12,2025-04-30 09:50:00
1746006660,30000.0,30010.0,30000.0,30000.0,10,2025-04-30 09:51:00
1746006720,30000.0,30050.0,30000.0,30050.0,33,2025-04-30 09:52:00
1746006780,30050.0,30050.0,30050.0,30050.0,26,2025-04-30 09:53:00
1746006840,30050.0,30100.0,30040.0,30040.0,69,2025-04-30 09:54:00
1746006900,30040.0,30075.0,30040.0,30045.0,45,2025-04-30 09:55:00
1746006960,30035.0,30080.0,30035.0,30080.0,12,2025-04-30 09:56:00
1746007020,30050.0,30050.0,29715.0,30045.0,149,2025-04-30 09:57:00
1746007080,30045.0,30045.0,29865.0,29930.0,17,2025-04-30 09:58:00
1746007140,29905.0,29995.0,29905.0,29995.0,13,2025-04-30 09:59:00
1746157500,29990.0,30155.0,29980.0,30020.0,43,2025-05-02 03:45:00
1746157560,30020.0,30105.0,30020.0,30080.0,3,2025-05-02 03:46:00
1746157620,30030.0,30080.0,30030.0,30080.0,5,2025-05-02 03:47:00
1746157680,30080.0,30080.0,30030.0,30045.0,100,2025-05-02 03:48:00
1746157740,30045.0,30045.0,29905.0,29905.0,17,2025-05-02 03:49:00
1746157800,29900.0,29900.0,29800.0,29835.0,26,2025-05-02 03:50:00
1746157860,29835.0,29890.0,29835.0,29890.0,3,2025-05-02 03:51:00
1746157920,29890.0,29890.0,29885.0,29885.0,13,2025-05-02 03:52:00
1746157980,29885.0,29910.0,29885.0,29910.0,2,2025-05-02 03:53:00
1746158040,29910.0,29935.0,29910.0,29935.0,2,2025-05-02 03:54:00
1746158100,29935.0,29960.0,29935.0,29960.0,1,2025-05-02 03:55:00
1746158160,29960.0,30070.0,29960.0,29975.0,58,2025-05-02 03:56:00
1746158220,29975.0,30040.0,29975.0,30005.0,5,2025-05-02 03:57:00
1746158280,30005.0,30045.0,29990.0,30045.0,4,2025-05-02 03:58:00
1746158340,30045.0,30045.0,30045.0,30045.0,0,2025-05-02 03:59:00
1746158400,30045.0,30045.0,30010.0,30045.0,2,2025-05-02 04:00:00
1746158460,30045.0,30095.0,30045.0,30080.0,63,2025-05-02 04:01:00
1746158520,30080.0,30080.0,30050.0,30075.0,3,2025-05-02 04:02:00
1746158580,30075.0,30075.0,30075.0,30075.0,0,2025-05-02 04:03:00
1746158640,30075.0,30075.0,30075.0,30075.0,0,2025-05-02 04:04:00
1746158700,30025.0,30025.0,30025.0,30025.0,1,2025-05-02 04:05:00
1746158760,30025.0,30025.0,30005.0,30005.0,6,2025-05-02 04:06:00
1746158820,30005.0,30020.0,30005.0,30020.0,1,2025-05-02 04:07:00
1746158880,30020.0,30050.0,29995.0,30050.0,8,2025-05-02 04:08:00
1746158940,30050.0,30050.0,30005.0,30005.0,5,2025-05-02 04:09:00
1746159000,30005.0,30005.0,30005.0,30005.0,0,2025-05-02 04:10:00
1746159060,30005.0,30055.0,30005.0,30010.0,3,2025-05-02 04:11:00
1746159120,30010.0,30010.0,29985.0,29985.0,10,2025-05-02 04:12:00
1746159180,29985.0,29985.0,29985.0,29985.0,0,2025-05-02 04:13:00
1746159240,29985.0,29985.0,29985.0,29985.0,0,2025-05-02 04:14:00
1746159300,29985.0,29985.0,29985.0,29985.0,0,2025-05-02 04:15:00
1746159360,29985.0,29985.0,29985.0,29985.0,0,2025-05-02 04:16:00
1746159420,29985.0,29985.0,29985.0,29985.0,0,2025-05-02 04:17:00
1746159480,29985.0,30020.0,29985.0,29985.0,2,2025-05-02 04:18:00
1746159540,29985.0,29985.0,29985.0,29985.0,0,2025-05-02 04:19:00
1746159600,29985.0,29985.0,29955.0,29955.0,10,2025-05-02 04:20:00
1746159660,29955.0,29980.0,29905.0,29980.0,22,2025-05-02 04:21:00
1746159720,29990.0,29990.0,29990.0,29990.0,8,2025-05-02 04:22:00
1746159780,29990.0,29990.0,29985.0,29985.0,1,2025-05-02 04:23:00
1746159840,29985.0,29990.0,29985.0,29990.0,2,2025-05-02 04:24:00
1746159900,29990.0,29990.0,29955.0,29955.0,6,2025-05-02 04:25:00
1746159960,29955.0,29955.0,29955.0,29955.0,0,2025-05-02 04:26:00
1746160020,29955.0,29955.0,29955.0,29955.0,0,2025-05-02 04:27:00
1746160080,30005.0,30010.0,30005.0,30010.0,2,2025-05-02 04:28:00
1746160140,30010.0,30010.0,30010.0,30010.0,7,2025-05-02 04:29:00
1746160200,30010.0,30015.0,30010.0,30015.0,1,2025-05-02 04:30:00
1746160260,30010.0,30010.0,30010.0,30010.0,2,2025-05-02 04:31:00
1746160320,30010.0,30010.0,30010.0,30010.0,0,2025-05-02 04:32:00
1746160380,30010.0,30040.0,30010.0,30040.0,1,2025-05-02 04:33:00
1746160440,30010.0,30045.0,30010.0,30045.0,20,2025-05-02 04:34:00
1746160500,30045.0,30045.0,29980.0,29980.0,5,2025-05-02 04:35:00
1746160560,29980.0,29980.0,29980.0,29980.0,0,2025-05-02 04:36:00
1746160620,29980.0,29980.0,29980.0,29980.0,0,2025-05-02 04:37:00
1746160680,29980.0,29980.0,29980.0,29980.0,0,2025-05-02 04:38:00
1746160740,29980.0,30010.0,29980.0,30010.0,1,2025-05-02 04:39:00
1746160800,30010.0,30010.0,30010.0,30010.0,0,2025-05-02 04:40:00
1746160860,30010.0,30010.0,30010.0,30010.0,0,2025-05-02 04:41:00
1746160920,30010.0,30035.0,30010.0,30035.0,1,2025-05-02 04:42:00
1746160980,30035.0,30035.0,30000.0,30000.0,1,2025-05-02 04:43:00
1746161040,30000.0,30000.0,30000.0,30000.0,0,2025-05-02 04:44:00
1746161100,30000.0,30000.0,30000.0,30000.0,0,2025-05-02 04:45:00
1746161160,30000.0,30000.0,30000.0,30000.0,0,2025-05-02 04:46:00
1746161220,30000.0,30010.0,29875.0,29900.0,66,2025-05-02 04:47:00
1746161280,29900.0,29900.0,29850.0,29850.0,8,2025-05-02 04:48:00
1746161340,29850.0,29870.0,29850.0,29850.0,4,2025-05-02 04:49:00
1746161400,29850.0,29855.0,29845.0,29845.0,13,2025-05-02 04:50:00
1746161460,29845.0,29890.0,29800.0,29850.0,72,2025-05-02 04:51:00
1746161520,29850.0,29885.0,29850.0,29875.0,64,2025-05-02 04:52:00
1746161580,29875.0,29880.0,29850.0,29860.0,15,2025-05-02 04:53:00
1746161640,29860.0,29860.0,29830.0,29850.0,19,2025-05-02 04:54:00
1746161700,29850.0,29860.0,29850.0,29860.0,3,2025-05-02 04:55:00
1746161760,29850.0,29850.0,29850.0,29850.0,2,2025-05-02 04:56:00
1746161820,29850.0,29850.0,29845.0,29850.0,5,2025-05-02 04:57:00
1746161880,29850.0,29850.0,29825.0,29825.0,10,2025-05-02 04:58:00
1746161940,29825.0,29825.0,29825.0,29825.0,0,2025-05-02 04:59:00
1746162000,29825.0,29825.0,29825.0,29825.0,0,2025-05-02 05:00:00
1746162060,29825.0,29825.0,29825.0,29825.0,1,2025-05-02 05:01:00
1746162120,29825.0,29825.0,29825.0,29825.0,1,2025-05-02 05:02:00
1746162180,29825.0,29825.0,29825.0,29825.0,0,2025-05-02 05:03:00
1746162240,29825.0,29825.0,29825.0,29825.0,0,2025-05-02 05:04:00
1746162300,29825.0,29825.0,29825.0,29825.0,2,2025-05-02 05:05:00
1746162360,29825.0,29825.0,29825.0,29825.0,0,2025-05-02 05:06:00
1746162420,29825.0,29845.0,29825.0,29845.0,2,2025-05-02 05:07:00
1746162480,29845.0,29845.0,29825.0,29825.0,5,2025-05-02 05:08:00
1746162540,29825.0,29825.0,29825.0,29825.0,0,2025-05-02 05:09:00
1746162600,29825.0,29825.0,29825.0,29825.0,0,2025-05-02 05:10:00
1746162660,29845.0,29845.0,29845.0,29845.0,1,2025-05-02 05:11:00
1746162720,29845.0,29845.0,29845.0,29845.0,1,2025-05-02 05:12:00
1746162780,29845.0,29845.0,29845.0,29845.0,0,2025-05-02 05:13:00
1746162840,29845.0,29845.0,29825.0,29825.0,3,2025-05-02 05:14:00
1746162900,29825.0,29825.0,29825.0,29825.0,2,2025-05-02 05:15:00
1746162960,29825.0,29825.0,29825.0,29825.0,0,2025-05-02 05:16:00
1746163020,29825.0,29825.0,29825.0,29825.0,0,2025-05-02 05:17:00
1746163080,29825.0,29825.0,29825.0,29825.0,0,2025-05-02 05:18:00
1746163140,29825.0,29825.0,29820.0,29820.0,11,2025-05-02 05:19:00
1746163200,29820.0,29820.0,29820.0,29820.0,0,2025-05-02 05:20:00
1746163260,29820.0,29820.0,29820.0,29820.0,0,2025-05-02 05:21:00
1746163320,29820.0,29835.0,29820.0,29835.0,5,2025-05-02 05:22:00
1746163380,29835.0,29835.0,29835.0,29835.0,0,2025-05-02 05:23:00
1746163440,29835.0,29835.0,29800.0,29800.0,3,2025-05-02 05:24:00
1746163500,29800.0,29800.0,29760.0,29760.0,18,2025-05-02 05:25:00
1746163560,29760.0,29760.0,29760.0,29760.0,0,2025-05-02 05:26:00
1746163620,29760.0,29760.0,29760.0,29760.0,1,2025-05-02 05:27:00
1746163680,29760.0,29790.0,29760.0,29790.0,3,2025-05-02 05:28:00
1746163740,29790.0,29790.0,29765.0,29765.0,2,2025-05-02 05:29:00
1746163800,29765.0,29765.0,29765.0,29765.0,0,2025-05-02 05:30:00
1746163860,29765.0,29765.0,29765.0,29765.0,2,2025-05-02 05:31:00
1746163920,29765.0,29765.0,29765.0,29765.0,0,2025-05-02 05:32:00
1746163980,29765.0,29795.0,29765.0,29795.0,1,2025-05-02 05:33:00
1746164040,29820.0,29825.0,29780.0,29780.0,20,2025-05-02 05:34:00
1746164100,29780.0,29805.0,29780.0,29805.0,2,2025-05-02 05:35:00
1746164160,29805.0,29840.0,29805.0,29840.0,7,2025-05-02 05:36:00
1746164220,29840.0,29845.0,29810.0,29845.0,2,2025-05-02 05:37:00
1746164280,29845.0,29845.0,29805.0,29805.0,4,2025-05-02 05:38:00
1746164340,29805.0,29805.0,29760.0,29760.0,51,2025-05-02 05:39:00
1746164400,29760.0,29770.0,29760.0,29770.0,2,2025-05-02 05:40:00
1746164460,29770.0,29800.0,29770.0,29800.0,2,2025-05-02 05:41:00
1746164520,29765.0,29770.0,29760.0,29760.0,25,2025-05-02 05:42:00
1746164580,29760.0,29770.0,29755.0,29770.0,3,2025-05-02 05:43:00
1746164640,29770.0,29770.0,29765.0,29765.0,3,2025-05-02 05:44:00
1746164700,29765.0,29770.0,29765.0,29770.0,5,2025-05-02 05:45:00
1746164760,29770.0,29790.0,29770.0,29790.0,98,2025-05-02 05:46:00
1746164820,29790.0,29790.0,29785.0,29785.0,3,2025-05-02 05:47:00
1746164880,29785.0,29850.0,29785.0,29800.0,103,2025-05-02 05:48:00
1746164940,29800.0,29800.0,29790.0,29790.0,1,2025-05-02 05:49:00
1746165000,29790.0,29795.0,29790.0,29790.0,2,2025-05-02 05:50:00
1746165060,29790.0,29900.0,29790.0,29870.0,219,2025-05-02 05:51:00
1746165120,29870.0,29870.0,29870.0,29870.0,1,2025-05-02 05:52:00
1746165180,29875.0,29905.0,29865.0,29870.0,7,2025-05-02 05:53:00
1746165240,29875.0,29900.0,29805.0,29805.0,47,2025-05-02 05:54:00
1746165300,29755.0,29865.0,29755.0,29825.0,114,2025-05-02 05:55:00
1746165360,29815.0,29900.0,29810.0,29855.0,145,2025-05-02 05:56:00
1746165420,29855.0,29860.0,29835.0,29840.0,26,2025-05-02 05:57:00
1746165480,29840.0,29900.0,29805.0,29805.0,45,2025-05-02 05:58:00
1746165540,29805.0,29900.0,29805.0,29900.0,68,2025-05-02 05:59:00
1746165600,29865.0,29945.0,29835.0,29945.0,76,2025-05-02 06:00:00
1746165660,30000.0,30055.0,30000.0,30055.0,23,2025-05-02 06:01:00
1746165720,30055.0,30055.0,30045.0,30050.0,4,2025-05-02 06:02:00
1746165780,30050.0,30050.0,29990.0,30035.0,5,2025-05-02 06:03:00
1746165840,30035.0,30035.0,29985.0,29985.0,108,2025-05-02 06:04:00
1746165900,29985.0,29985.0,29985.0,29985.0,0,2025-05-02 06:05:00
1746165960,29985.0,30140.0,29985.0,30060.0,134,2025-05-02 06:06:00
1746166020,30060.0,30115.0,30060.0,30115.0,25,2025-05-02 06:07:00
1746166080,30115.0,30140.0,30095.0,30140.0,7,2025-05-02 06:08:00
1746166140,30140.0,30140.0,30135.0,30135.0,17,2025-05-02 06:09:00
1746166200,30135.0,30155.0,30080.0,30090.0,45,2025-05-02 06:10:00
1746166260,30090.0,30135.0,30090.0,30135.0,10,2025-05-02 06:11:00
1746166320,30135.0,30140.0,30135.0,30140.0,10,2025-05-02 06:12:00
1746166380,30140.0,30145.0,30140.0,30140.0,15,2025-05-02 06:13:00
1746166440,30140.0,30150.0,30140.0,30140.0,76,2025-05-02 06:14:00
1746166500,30140.0,30155.0,30140.0,30150.0,21,2025-05-02 06:15:00
1746166560,30180.0,30230.0,30180.0,30205.0,111,2025-05-02 06:16:00
1746166620,30205.0,30205.0,30205.0,30205.0,0,2025-05-02 06:17:00
1746166680,30205.0,30205.0,30160.0,30160.0,12,2025-05-02 06:18:00
1746166740,30160.0,30160.0,30160.0,30160.0,23,2025-05-02 06:19:00
1746166800,30160.0,30195.0,30160.0,30195.0,6,2025-05-02 06:20:00
1746166860,30150.0,30150.0,30140.0,30140.0,30,2025-05-02 06:21:00
1746166920,30140.0,30140.0,30140.0,30140.0,0,2025-05-02 06:22:00
1746166980,30185.0,30185.0,30140.0,30140.0,16,2025-05-02 06:23:00
1746167040,30140.0,30140.0,30140.0,30140.0,0,2025-05-02 06:24:00
1746167100,30140.0,30155.0,30125.0,30125.0,37,2025-05-02 06:25:00
1746167160,30125.0,30155.0,30125.0,30155.0,6,2025-05-02 06:26:00
1746167220,30155.0,30155.0,30155.0,30155.0,0,2025-05-02 06:27:00
1746167280,30155.0,30175.0,30155.0,30175.0,4,2025-05-02 06:28:00
1746167340,30175.0,30175.0,30175.0,30175.0,0,2025-05-02 06:29:00
1746167400,30180.0,30180.0,30180.0,30180.0,1,2025-05-02 06:30:00
1746167460,30180.0,30180.0,30150.0,30150.0,7,2025-05-02 06:31:00
1746167520,30150.0,30150.0,30150.0,30150.0,0,2025-05-02 06:32:00
1746167580,30160.0,30160.0,30150.0,30150.0,6,2025-05-02 06:33:00
1746167640,30150.0,30150.0,30150.0,30150.0,0,2025-05-02 06:34:00
1746167700,30150.0,30150.0,30150.0,30150.0,10,2025-05-02 06:35:00
1746167760,30150.0,30170.0,30125.0,30155.0,10,2025-05-02 06:36:00
1746167820,30155.0,30155.0,30150.0,30150.0,7,2025-05-02 06:37:00
1746167880,30150.0,30150.0,30150.0,30150.0,7,2025-05-02 06:38:00
1746167940,30150.0,30170.0,30145.0,30145.0,49,2025-05-02 06:39:00
1746168000,30145.0,30180.0,30145.0,30180.0,6,2025-05-02 06:40:00
1746168060,30180.0,30200.0,30135.0,30200.0,22,2025-05-02 06:41:00
1746168120,30200.0,30200.0,30200.0,30200.0,0,2025-05-02 06:42:00
1746168180,30140.0,30180.0,30140.0,30180.0,2,2025-05-02 06:43:00
1746168240,30180.0,30180.0,30180.0,30180.0,1,2025-05-02 06:44:00
1746168300,30180.0,30180.0,30145.0,30145.0,2,2025-05-02 06:45:00
1746168360,30145.0,30150.0,30145.0,30150.0,2,2025-05-02 06:46:00
1746168420,30150.0,30150.0,30150.0,30150.0,0,2025-05-02 06:47:00
1746168480,30150.0,30150.0,30150.0,30150.0,0,2025-05-02 06:48:00
1746168540,30150.0,30175.0,30150.0,30175.0,1,2025-05-02 06:49:00
1746168600,30175.0,30175.0,30135.0,30140.0,6,2025-05-02 06:50:00
1746168660,30140.0,30150.0,30140.0,30150.0,2,2025-05-02 06:51:00
1746168720,30150.0,30150.0,30150.0,30150.0,1,2025-05-02 06:52:00
1746168780,30170.0,30175.0,30150.0,30175.0,3,2025-05-02 06:53:00
1746168840,30175.0,30175.0,30135.0,30155.0,52,2025-05-02 06:54:00
1746168900,30155.0,30175.0,30155.0,30175.0,2,2025-05-02 06:55:00
1746168960,30175.0,30175.0,30155.0,30155.0,3,2025-05-02 06:56:00
1746169020,30155.0,30155.0,30155.0,30155.0,0,2025-05-02 06:57:00
1746169080,30155.0,30155.0,29990.0,30030.0,107,2025-05-02 06:58:00
1746169140,29980.0,30060.0,29910.0,30060.0,100,2025-05-02 06:59:00
1746169200,30060.0,30115.0,30060.0,30115.0,31,2025-05-02 07:00:00
1746169260,30115.0,30150.0,30105.0,30105.0,28,2025-05-02 07:01:00
1746169320,30115.0,30145.0,30115.0,30120.0,11,2025-05-02 07:02:00
1746169380,30120.0,30155.0,30120.0,30155.0,14,2025-05-02 07:03:00
1746169440,30155.0,30190.0,30155.0,30190.0,10,2025-05-02 07:04:00
1746169500,30190.0,30190.0,30190.0,30190.0,5,2025-05-02 07:05:00
1746169560,30190.0,30190.0,30155.0,30155.0,4,2025-05-02 07:06:00
1746169620,30155.0,30155.0,30150.0,30150.0,2,2025-05-02 07:07:00
1746169680,30155.0,30155.0,30145.0,30145.0,11,2025-05-02 07:08:00
1746169740,30145.0,30205.0,30145.0,30205.0,11,2025-05-02 07:09:00
1746169800,30205.0,30205.0,30145.0,30145.0,25,2025-05-02 07:10:00
1746169860,30145.0,30145.0,30145.0,30145.0,0,2025-05-02 07:11:00
1746169920,30145.0,30175.0,30145.0,30150.0,4,2025-05-02 07:12:00
1746169980,30150.0,30150.0,30150.0,30150.0,0,2025-05-02 07:13:00
1746170040,30150.0,30150.0,30150.0,30150.0,0,2025-05-02 07:14:00
1746170100,30150.0,30195.0,30150.0,30175.0,5,2025-05-02 07:15:00
1746170160,30175.0,30175.0,30175.0,30175.0,0,2025-05-02 07:16:00
1746170220,30175.0,30205.0,30170.0,30170.0,2,2025-05-02 07:17:00
1746170280,30170.0,30170.0,30150.0,30170.0,4,2025-05-02 07:18:00
1746170340,30170.0,30205.0,30170.0,30205.0,2,2025-05-02 07:19:00
1746170400,30205.0,30205.0,30190.0,30190.0,6,2025-05-02 07:20:00
1746170460,30190.0,30200.0,30190.0,30200.0,6,2025-05-02 07:21:00
1746170520,30200.0,30200.0,30200.0,30200.0,0,2025-05-02 07:22:00
1746170580,30200.0,30200.0,30150.0,30180.0,5,2025-05-02 07:23:00
1746170640,30180.0,30180.0,30180.0,30180.0,0,2025-05-02 07:24:00
1746170700,30180.0,30180.0,30150.0,30150.0,1,2025-05-02 07:25:00
1746170760,30150.0,30150.0,30150.0,30150.0,0,2025-05-02 07:26:00
1746170820,30150.0,30155.0,30150.0,30155.0,37,2025-05-02 07:27:00
1746170880,30155.0,30155.0,30115.0,30155.0,19,2025-05-02 07:28:00
1746170940,30155.0,30155.0,30155.0,30155.0,1,2025-05-02 07:29:00
1746171000,30155.0,30155.0,30155.0,30155.0,0,2025-05-02 07:30:00
1746171060,30155.0,30165.0,30150.0,30165.0,6,2025-05-02 07:31:00
1746171120,30165.0,30185.0,30165.0,30185.0,9,2025-05-02 07:32:00
1746171180,30200.0,30200.0,30175.0,30175.0,5,2025-05-02 07:33:00
1746171240,30175.0,30225.0,30175.0,30225.0,27,2025-05-02 07:34:00
1746171300,30225.0,30285.0,30220.0,30285.0,115,2025-05-02 07:35:00
1746171360,30295.0,30295.0,30275.0,30275.0,25,2025-05-02 07:36:00
1746171420,30275.0,30280.0,30240.0,30240.0,32,2025-05-02 07:37:00
1746171480,30240.0,30240.0,30215.0,30215.0,6,2025-05-02 07:38:00
1746171540,30215.0,30215.0,30215.0,30215.0,0,2025-05-02 07:39:00
1746171600,30215.0,30215.0,30215.0,30215.0,0,2025-05-02 07:40:00
1746171660,30215.0,30240.0,30215.0,30240.0,3,2025-05-02 07:41:00
1746171720,30240.0,30255.0,30215.0,30215.0,3,2025-05-02 07:42:00
1746171780,30215.0,30215.0,30215.0,30215.0,0,2025-05-02 07:43:00
1746171840,30215.0,30275.0,30210.0,30275.0,103,2025-05-02 07:44:00
1746171900,30275.0,30380.0,30275.0,30355.0,148,2025-05-02 07:45:00
1746171960,30355.0,30385.0,30350.0,30385.0,19,2025-05-02 07:46:00
1746172020,30405.0,30410.0,30360.0,30360.0,47,2025-05-02 07:47:00
1746172080,30360.0,30360.0,30360.0,30360.0,0,2025-05-02 07:48:00
1746172140,30360.0,30360.0,30340.0,30340.0,1,2025-05-02 07:49:00
1746172200,30340.0,30340.0,30340.0,30340.0,3,2025-05-02 07:50:00
1746172260,30340.0,30340.0,30305.0,30305.0,20,2025-05-02 07:51:00
1746172320,30310.0,30315.0,30305.0,30305.0,7,2025-05-02 07:52:00
1746172380,30305.0,30305.0,30305.0,30305.0,0,2025-05-02 07:53:00
1746172440,30305.0,30355.0,30305.0,30320.0,3,2025-05-02 07:54:00
1746172500,30320.0,30320.0,30320.0,30320.0,1,2025-05-02 07:55:00
1746172560,30320.0,30320.0,30320.0,30320.0,0,2025-05-02 07:56:00
1746172620,30320.0,30330.0,30320.0,30330.0,5,2025-05-02 07:57:00
1746172680,30350.0,30365.0,30345.0,30365.0,18,2025-05-02 07:58:00
1746172740,30365.0,30365.0,30360.0,30360.0,1,2025-05-02 07:59:00
1746172800,30360.0,30360.0,30360.0,30360.0,1,2025-05-02 08:00:00
1746172860,30360.0,30390.0,30360.0,30390.0,1,2025-05-02 08:01:00
1746172920,30360.0,30360.0,30335.0,30335.0,8,2025-05-02 08:02:00
1746172980,30335.0,30380.0,30335.0,30380.0,1,2025-05-02 08:03:00
1746173040,30380.0,30390.0,30380.0,30390.0,6,2025-05-02 08:04:00
1746173100,30390.0,30390.0,30385.0,30385.0,6,2025-05-02 08:05:00
1746173160,30385.0,30385.0,30380.0,30380.0,1,2025-05-02 08:06:00
1746173220,30380.0,30400.0,30380.0,30400.0,18,2025-05-02 08:07:00
1746173280,30400.0,30400.0,30375.0,30375.0,1,2025-05-02 08:08:00
1746173340,30375.0,30375.0,30375.0,30375.0,0,2025-05-02 08:09:00
1746173400,30375.0,30410.0,30375.0,30400.0,17,2025-05-02 08:10:00
1746173460,30400.0,30400.0,30400.0,30400.0,35,2025-05-02 08:11:00
1746173520,30400.0,30400.0,30355.0,30355.0,2,2025-05-02 08:12:00
1746173580,30355.0,30395.0,30355.0,30395.0,1,2025-05-02 08:13:00
1746173640,30395.0,30400.0,30355.0,30355.0,21,2025-05-02 08:14:00
1746173700,30355.0,30355.0,30340.0,30340.0,8,2025-05-02 08:15:00
1746173760,30340.0,30345.0,30340.0,30345.0,4,2025-05-02 08:16:00
1746173820,30335.0,30335.0,30335.0,30335.0,1,2025-05-02 08:17:00
1746173880,30335.0,30335.0,30310.0,30310.0,2,2025-05-02 08:18:00
1746173940,30310.0,30310.0,30310.0,30310.0,0,2025-05-02 08:19:00
1746174000,30310.0,30355.0,30310.0,30355.0,1,2025-05-02 08:20:00
1746174060,30355.0,30355.0,30355.0,30355.0,0,2025-05-02 08:21:00
1746174120,30355.0,30355.0,30310.0,30310.0,10,2025-05-02 08:22:00
1746174180,30310.0,30350.0,30310.0,30320.0,2,2025-05-02 08:23:00
1746174240,30320.0,30345.0,30315.0,30345.0,2,2025-05-02 08:24:00
1746174300,30345.0,30345.0,30315.0,30345.0,3,2025-05-02 08:25:00
1746174360,30345.0,30345.0,30345.0,30345.0,0,2025-05-02 08:26:00
1746174420,30345.0,30345.0,30305.0,30310.0,6,2025-05-02 08:27:00
1746174480,30310.0,30310.0,30310.0,30310.0,0,2025-05-02 08:28:00
1746174540,30310.0,30310.0,30305.0,30305.0,1,2025-05-02 08:29:00
1746174600,30305.0,30320.0,30305.0,30320.0,2,2025-05-02 08:30:00
1746174660,30320.0,30365.0,30320.0,30365.0,18,2025-05-02 08:31:00
1746174720,30365.0,30365.0,30365.0,30365.0,0,2025-05-02 08:32:00
1746174780,30365.0,30365.0,30365.0,30365.0,1,2025-05-02 08:33:00
1746174840,30365.0,30375.0,30365.0,30375.0,2,2025-05-02 08:34:00
1746174900,30375.0,30405.0,30375.0,30405.0,21,2025-05-02 08:35:00
1746174960,30405.0,30405.0,30365.0,30365.0,4,2025-05-02 08:36:00
1746175020,30395.0,30570.0,30395.0,30530.0,285,2025-05-02 08:37:00
1746175080,30525.0,30580.0,30500.0,30530.0,119,2025-05-02 08:38:00
1746175140,30530.0,30530.0,30505.0,30510.0,5,2025-05-02 08:39:00
1746175200,30510.0,30510.0,30505.0,30505.0,5,2025-05-02 08:40:00
1746175260,30505.0,30515.0,30500.0,30505.0,21,2025-05-02 08:41:00
1746175320,30505.0,30505.0,30500.0,30505.0,25,2025-05-02 08:42:00
1746175380,30505.0,30530.0,30500.0,30500.0,12,2025-05-02 08:43:00
1746175440,30500.0,30520.0,30500.0,30505.0,11,2025-05-02 08:44:00
1746175500,30505.0,30515.0,30500.0,30500.0,22,2025-05-02 08:45:00
1746175560,30500.0,30505.0,30500.0,30505.0,1,2025-05-02 08:46:00
1746175620,30500.0,30525.0,30500.0,30500.0,33,2025-05-02 08:47:00
1746175680,30500.0,30500.0,30500.0,30500.0,4,2025-05-02 08:48:00
1746175740,30500.0,30515.0,30500.0,30505.0,19,2025-05-02 08:49:00
1746175800,30505.0,30530.0,30505.0,30525.0,7,2025-05-02 08:50:00
1746175860,30530.0,30590.0,30530.0,30530.0,124,2025-05-02 08:51:00
1746175920,30530.0,30530.0,30530.0,30530.0,0,2025-05-02 08:52:00
1746175980,30530.0,30530.0,30515.0,30515.0,4,2025-05-02 08:53:00
1746176040,30515.0,30515.0,30515.0,30515.0,0,2025-05-02 08:54:00
1746176100,30505.0,30505.0,30505.0,30505.0,3,2025-05-02 08:55:00
1746176160,30505.0,30505.0,30505.0,30505.0,10,2025-05-02 08:56:00
1746176220,30505.0,30505.0,30505.0,30505.0,2,2025-05-02 08:57:00
1746176280,30505.0,30530.0,30500.0,30530.0,13,2025-05-02 08:58:00
1746176340,30530.0,30540.0,30500.0,30540.0,11,2025-05-02 08:59:00
1746176400,30540.0,30540.0,30500.0,30500.0,21,2025-05-02 09:00:00
1746176460,30500.0,30500.0,30500.0,30500.0,0,2025-05-02 09:01:00
1746176520,30500.0,30500.0,30500.0,30500.0,1,2025-05-02 09:02:00
1746176580,30500.0,30505.0,30500.0,30505.0,1,2025-05-02 09:03:00
1746176640,30505.0,30505.0,30505.0,30505.0,1,2025-05-02 09:04:00
1746176700,30505.0,30525.0,30505.0,30525.0,1,2025-05-02 09:05:00
1746176760,30525.0,30525.0,30500.0,30500.0,62,2025-05-02 09:06:00
1746176820,30500.0,30500.0,30500.0,30500.0,3,2025-05-02 09:07:00
1746176880,30500.0,30500.0,30500.0,30500.0,12,2025-05-02 09:08:00
1746176940,30500.0,30525.0,30500.0,30505.0,3,2025-05-02 09:09:00
1746177000,30500.0,30520.0,30500.0,30520.0,9,2025-05-02 09:10:00
1746177060,30520.0,30540.0,30520.0,30540.0,35,2025-05-02 09:11:00
1746177120,30540.0,30540.0,30505.0,30505.0,11,2025-05-02 09:12:00
1746177180,30505.0,30540.0,30505.0,30540.0,1,2025-05-02 09:13:00
1746177240,30540.0,30540.0,30540.0,30540.0,0,2025-05-02 09:14:00
1746177300,30540.0,30540.0,30535.0,30540.0,13,2025-05-02 09:15:00
1746177360,30540.0,30540.0,30505.0,30540.0,6,2025-05-02 09:16:00
1746177420,30540.0,30540.0,30540.0,30540.0,2,2025-05-02 09:17:00
1746177480,30540.0,30540.0,30540.0,30540.0,1,2025-05-02 09:18:00
1746177540,30540.0,30560.0,30525.0,30555.0,82,2025-05-02 09:19:00
1746177600,30555.0,30590.0,30555.0,30590.0,14,2025-05-02 09:20:00
1746177660,30555.0,30595.0,30555.0,30595.0,10,2025-05-02 09:21:00
1746177720,30595.0,30595.0,30540.0,30540.0,22,2025-05-02 09:22:00
1746177780,30540.0,30625.0,30540.0,30600.0,84,2025-05-02 09:23:00
1746177840,30600.0,30600.0,30550.0,30550.0,12,2025-05-02 09:24:00
1746177900,30550.0,30575.0,30550.0,30575.0,44,2025-05-02 09:25:00
1746177960,30575.0,30615.0,30555.0,30555.0,41,2025-05-02 09:26:00
1746178020,30555.0,30620.0,30530.0,30530.0,26,2025-05-02 09:27:00
1746178080,30530.0,30620.0,30530.0,30620.0,30,2025-05-02 09:28:00
1746178140,30620.0,30620.0,30565.0,30565.0,3,2025-05-02 09:29:00
1746178200,30610.0,30620.0,30555.0,30620.0,12,2025-05-02 09:30:00
1746178260,30620.0,30620.0,30600.0,30600.0,3,2025-05-02 09:31:00
1746178320,30600.0,30600.0,30600.0,30600.0,0,2025-05-02 09:32:00
1746178380,30555.0,30590.0,30555.0,30590.0,18,2025-05-02 09:33:00
1746178440,30620.0,30625.0,30600.0,30625.0,43,2025-05-02 09:34:00
1746178500,30625.0,30630.0,30605.0,30630.0,7,2025-05-02 09:35:00
1746178560,30630.0,30635.0,30605.0,30605.0,3,2025-05-02 09:36:00
1746178620,30605.0,30645.0,30605.0,30645.0,12,2025-05-02 09:37:00
1746178680,30645.0,30745.0,30630.0,30705.0,196,2025-05-02 09:38:00
1746178740,30705.0,30745.0,30705.0,30745.0,81,2025-05-02 09:39:00
1746178800,30750.0,30750.0,30705.0,30745.0,32,2025-05-02 09:40:00
1746178860,30745.0,30745.0,30705.0,30705.0,4,2025-05-02 09:41:00
1746178920,30705.0,30720.0,30705.0,30720.0,8,2025-05-02 09:42:00
1746178980,30720.0,30760.0,30700.0,30735.0,167,2025-05-02 09:43:00
1746179040,30735.0,30765.0,30735.0,30765.0,45,2025-05-02 09:44:00
1746179100,30765.0,30775.0,30705.0,30775.0,20,2025-05-02 09:45:00
1746179160,30775.0,30835.0,30710.0,30835.0,119,2025-05-02 09:46:00
1746179220,30815.0,30835.0,30735.0,30790.0,74,2025-05-02 09:47:00
1746179280,30790.0,30845.0,30735.0,30740.0,79,2025-05-02 09:48:00
1746179340,30825.0,30825.0,30710.0,30750.0,49,2025-05-02 09:49:00
1746179400,30750.0,30765.0,30710.0,30710.0,46,2025-05-02 09:50:00
1746179460,30710.0,30740.0,30710.0,30740.0,9,2025-05-02 09:51:00
1746179520,30715.0,30740.0,30705.0,30705.0,32,2025-05-02 09:52:00
1746179580,30705.0,30735.0,30700.0,30700.0,42,2025-05-02 09:53:00
1746179640,30775.0,30795.0,30705.0,30795.0,27,2025-05-02 09:54:00
1746179700,30745.0,30770.0,30710.0,30720.0,17,2025-05-02 09:55:00
1746179760,30720.0,30720.0,30700.0,30700.0,14,2025-05-02 09:56:00
1746179820,30700.0,30720.0,30700.0,30700.0,35,2025-05-02 09:57:00
1746179880,30700.0,30700.0,30670.0,30700.0,72,2025-05-02 09:58:00
1746179940,30705.0,30725.0,30700.0,30700.0,14,2025-05-02 09:59:00
1746416700,30725.0,30955.0,30725.0,30910.0,201,2025-05-05 03:45:00
1746416760,30905.0,30985.0,30795.0,30825.0,120,2025-05-05 03:46:00
1746416820,30880.0,30915.0,30765.0,30765.0,35,2025-05-05 03:47:00
1746416880,30765.0,30765.0,30710.0,30765.0,80,2025-05-05 03:48:00
1746416940,30765.0,30790.0,30755.0,30765.0,27,2025-05-05 03:49:00
1746417000,30765.0,30870.0,30765.0,30835.0,36,2025-05-05 03:50:00
1746417060,30835.0,30930.0,30800.0,30800.0,83,2025-05-05 03:51:00
1746417120,30800.0,30845.0,30800.0,30840.0,9,2025-05-05 03:52:00
1746417180,30830.0,30865.0,30775.0,30775.0,26,2025-05-05 03:53:00
1746417240,30770.0,30830.0,30770.0,30830.0,63,2025-05-05 03:54:00
1746417300,30830.0,30835.0,30805.0,30805.0,4,2025-05-05 03:55:00
1746417360,30805.0,30810.0,30805.0,30810.0,1,2025-05-05 03:56:00
1746417420,30815.0,30815.0,30750.0,30750.0,48,2025-05-05 03:57:00
1746417480,30730.0,30760.0,30655.0,30655.0,68,2025-05-05 03:58:00
1746417540,30655.0,30670.0,30635.0,30655.0,15,2025-05-05 03:59:00
1746417600,30635.0,30645.0,30560.0,30620.0,56,2025-05-05 04:00:00
1746417660,30620.0,30620.0,30575.0,30620.0,6,2025-05-05 04:01:00
1746417720,30620.0,30635.0,30620.0,30620.0,27,2025-05-05 04:02:00
1746417780,30620.0,30620.0,30570.0,30580.0,10,2025-05-05 04:03:00
1746417840,30590.0,30650.0,30590.0,30640.0,118,2025-05-05 04:04:00
1746417900,30640.0,30680.0,30640.0,30650.0,5,2025-05-05 04:05:00
1746417960,30650.0,30670.0,30650.0,30670.0,2,2025-05-05 04:06:00
1746418020,30670.0,30670.0,30670.0,30670.0,0,2025-05-05 04:07:00
1746418080,30670.0,30670.0,30670.0,30670.0,3,2025-05-05 04:08:00
1746418140,30670.0,30670.0,30665.0,30665.0,1,2025-05-05 04:09:00
1746418200,30665.0,30695.0,30665.0,30665.0,6,2025-05-05 04:10:00
1746418260,30665.0,30665.0,30665.0,30665.0,0,2025-05-05 04:11:00
1746418320,30705.0,30705.0,30705.0,30705.0,12,2025-05-05 04:12:00
1746418380,30705.0,30705.0,30655.0,30655.0,23,2025-05-05 04:13:00
1746418440,30655.0,30750.0,30655.0,30745.0,35,2025-05-05 04:14:00
1746418500,30745.0,30780.0,30710.0,30780.0,25,2025-05-05 04:15:00
1746418560,30780.0,30795.0,30780.0,30785.0,9,2025-05-05 04:16:00
1746418620,30755.0,30775.0,30750.0,30775.0,18,2025-05-05 04:17:00
1746418680,30775.0,30775.0,30745.0,30745.0,6,2025-05-05 04:18:00
1746418740,30745.0,30790.0,30745.0,30790.0,7,2025-05-05 04:19:00
1746418800,30790.0,30790.0,30790.0,30790.0,0,2025-05-05 04:20:00
1746418860,30790.0,30790.0,30750.0,30750.0,6,2025-05-05 04:21:00
1746418920,30750.0,30750.0,30750.0,30750.0,1,2025-05-05 04:22:00
1746418980,30750.0,30750.0,30750.0,30750.0,0,2025-05-05 04:23:00
1746419040,30785.0,30790.0,30785.0,30790.0,3,2025-05-05 04:24:00
1746419100,30790.0,30790.0,30790.0,30790.0,1,2025-05-05 04:25:00
1746419160,30790.0,30790.0,30770.0,30770.0,1,2025-05-05 04:26:00
1746419220,30770.0,30770.0,30740.0,30740.0,6,2025-05-05 04:27:00
1746419280,30740.0,30740.0,30705.0,30705.0,22,2025-05-05 04:28:00
1746419340,30705.0,30705.0,30705.0,30705.0,0,2025-05-05 04:29:00
1746419400,30705.0,30740.0,30705.0,30715.0,3,2025-05-05 04:30:00
1746419460,30715.0,30745.0,30710.0,30715.0,33,2025-05-05 04:31:00
1746419520,30715.0,30715.0,30715.0,30715.0,1,2025-05-05 04:32:00
1746419580,30715.0,30720.0,30700.0,30720.0,20,2025-05-05 04:33:00
1746419640,30720.0,30740.0,30720.0,30740.0,7,2025-05-05 04:34:00
1746419700,30740.0,30740.0,30740.0,30740.0,3,2025-05-05 04:35:00
1746419760,30740.0,30790.0,30740.0,30785.0,5,2025-05-05 04:36:00
1746419820,30785.0,30805.0,30785.0,30805.0,3,2025-05-05 04:37:00
1746419880,30805.0,30835.0,30805.0,30815.0,113,2025-05-05 04:38:00
1746419940,30815.0,30815.0,30815.0,30815.0,1,2025-05-05 04:39:00
1746420000,30815.0,30815.0,30780.0,30780.0,77,2025-05-05 04:40:00
1746420060,30780.0,30800.0,30765.0,30800.0,2,2025-05-05 04:41:00
1746420120,30800.0,30800.0,30770.0,30770.0,2,2025-05-05 04:42:00
1746420180,30770.0,30805.0,30770.0,30805.0,1,2025-05-05 04:43:00
1746420240,30805.0,30805.0,30785.0,30785.0,1,2025-05-05 04:44:00
1746420300,30785.0,30815.0,30785.0,30815.0,9,2025-05-05 04:45:00
1746420360,30815.0,30815.0,30815.0,30815.0,1,2025-05-05 04:46:00
1746420420,30815.0,30885.0,30815.0,30885.0,17,2025-05-05 04:47:00
1746420480,30885.0,30885.0,30855.0,30855.0,4,2025-05-05 04:48:00
1746420540,30855.0,30855.0,30855.0,30855.0,4,2025-05-05 04:49:00
1746420600,30855.0,30880.0,30855.0,30880.0,1,2025-05-05 04:50:00
1746420660,30880.0,30880.0,30880.0,30880.0,0,2025-05-05 04:51:00
1746420720,30880.0,30900.0,30855.0,30895.0,62,2025-05-05 04:52:00
1746420780,30895.0,30895.0,30895.0,30895.0,0,2025-05-05 04:53:00
1746420840,30895.0,30895.0,30895.0,30895.0,2,2025-05-05 04:54:00
1746420900,30895.0,30895.0,30890.0,30895.0,37,2025-05-05 04:55:00
1746420960,30895.0,30900.0,30865.0,30900.0,12,2025-05-05 04:56:00
1746421020,30900.0,30900.0,30850.0,30890.0,27,2025-05-05 04:57:00
1746421080,30890.0,30900.0,30890.0,30900.0,2,2025-05-05 04:58:00
1746421140,30900.0,30930.0,30900.0,30930.0,13,2025-05-05 04:59:00
1746421200,30930.0,30930.0,30875.0,30920.0,27,2025-05-05 05:00:00
1746421260,30920.0,30920.0,30900.0,30920.0,2,2025-05-05 05:01:00
1746421320,30920.0,30920.0,30850.0,30850.0,3,2025-05-05 05:02:00
1746421380,30760.0,30760.0,30710.0,30750.0,63,2025-05-05 05:03:00
1746421440,30750.0,30750.0,30705.0,30705.0,2,2025-05-05 05:04:00
1746421500,30705.0,30790.0,30705.0,30790.0,9,2025-05-05 05:05:00
1746421560,30790.0,30805.0,30765.0,30795.0,23,2025-05-05 05:06:00
1746421620,30795.0,30880.0,30795.0,30875.0,34,2025-05-05 05:07:00
1746421680,30875.0,30875.0,30820.0,30820.0,6,2025-05-05 05:08:00
1746421740,30820.0,30840.0,30820.0,30840.0,1,2025-05-05 05:09:00
1746421800,30840.0,30840.0,30800.0,30825.0,4,2025-05-05 05:10:00
1746421860,30825.0,30825.0,30765.0,30775.0,31,2025-05-05 05:11:00
1746421920,30775.0,30775.0,30750.0,30770.0,3,2025-05-05 05:12:00
1746421980,30770.0,30770.0,30770.0,30770.0,0,2025-05-05 05:13:00
1746422040,30770.0,30775.0,30735.0,30735.0,19,2025-05-05 05:14:00
1746422100,30710.0,30745.0,30710.0,30735.0,7,2025-05-05 05:15:00
1746422160,30735.0,30735.0,30695.0,30700.0,60,2025-05-05 05:16:00
1746422220,30700.0,30700.0,30595.0,30650.0,201,2025-05-05 05:17:00
1746422280,30650.0,30685.0,30645.0,30685.0,5,2025-05-05 05:18:00
1746422340,30685.0,30695.0,30685.0,30695.0,3,2025-05-05 05:19:00
1746422400,30650.0,30695.0,30650.0,30680.0,14,2025-05-05 05:20:00
1746422460,30680.0,30680.0,30680.0,30680.0,1,2025-05-05 05:21:00
1746422520,30680.0,30680.0,30555.0,30615.0,118,2025-05-05 05:22:00
1746422580,30615.0,30615.0,30555.0,30555.0,8,2025-05-05 05:23:00
1746422640,30555.0,30630.0,30555.0,30610.0,20,2025-05-05 05:24:00
1746422700,30610.0,30650.0,30610.0,30650.0,3,2025-05-05 05:25:00
1746422760,30650.0,30650.0,30575.0,30575.0,29,2025-05-05 05:26:00
1746422820,30575.0,30635.0,30575.0,30635.0,2,2025-05-05 05:27:00
1746422880,30635.0,30635.0,30605.0,30605.0,2,2025-05-05 05:28:00
1746422940,30605.0,30635.0,30605.0,30605.0,4,2025-05-05 05:29:00
1746423000,30635.0,30645.0,30630.0,30630.0,3,2025-05-05 05:30:00
1746423060,30630.0,30630.0,30630.0,30630.0,1,2025-05-05 05:31:00
1746423120,30630.0,30630.0,30605.0,30625.0,4,2025-05-05 05:32:00
1746423180,30625.0,30625.0,30595.0,30595.0,3,2025-05-05 05:33:00
1746423240,30595.0,30615.0,30595.0,30600.0,8,2025-05-05 05:34:00
1746423300,30600.0,30600.0,30580.0,30580.0,17,2025-05-05 05:35:00
1746423360,30570.0,30615.0,30570.0,30615.0,6,2025-05-05 05:36:00
1746423420,30615.0,30615.0,30615.0,30615.0,3,2025-05-05 05:37:00
1746423480,30615.0,30615.0,30615.0,30615.0,1,2025-05-05 05:38:00
1746423540,30615.0,30615.0,30615.0,30615.0,3,2025-05-05 05:39:00
1746423600,30615.0,30615.0,30610.0,30610.0,11,2025-05-05 05:40:00
1746423660,30610.0,30615.0,30570.0,30570.0,14,2025-05-05 05:41:00
1746423720,30570.0,30615.0,30570.0,30615.0,2,2025-05-05 05:42:00
1746423780,30615.0,30615.0,30615.0,30615.0,0,2025-05-05 05:43:00
1746423840,30615.0,30615.0,30615.0,30615.0,2,2025-05-05 05:44:00
1746423900,30615.0,30615.0,30615.0,30615.0,5,2025-05-05 05:45:00
1746423960,30615.0,30615.0,30615.0,30615.0,2,2025-05-05 05:46:00
1746424020,30615.0,30615.0,30610.0,30610.0,2,2025-05-05 05:47:00
1746424080,30610.0,30615.0,30610.0,30615.0,2,2025-05-05 05:48:00
1746424140,30575.0,30615.0,30575.0,30615.0,4,2025-05-05 05:49:00
1746424200,30585.0,30615.0,30585.0,30615.0,2,2025-05-05 05:50:00
1746424260,30615.0,30615.0,30580.0,30615.0,7,2025-05-05 05:51:00
1746424320,30615.0,30615.0,30615.0,30615.0,9,2025-05-05 05:52:00
1746424380,30615.0,30615.0,30615.0,30615.0,3,2025-05-05 05:53:00
1746424440,30615.0,30615.0,30615.0,30615.0,3,2025-05-05 05:54:00
1746424500,30615.0,30615.0,30615.0,30615.0,4,2025-05-05 05:55:00
1746424560,30615.0,30615.0,30565.0,30565.0,25,2025-05-05 05:56:00
1746424620,30605.0,30605.0,30605.0,30605.0,2,2025-05-05 05:57:00
1746424680,30605.0,30605.0,30580.0,30580.0,60,2025-05-05 05:58:00
1746424740,30580.0,30610.0,30580.0,30610.0,1,2025-05-05 05:59:00
1746424800,30610.0,30610.0,30600.0,30610.0,6,2025-05-05 06:00:00
1746424860,30610.0,30635.0,30610.0,30635.0,7,2025-05-05 06:01:00
1746424920,30635.0,30635.0,30635.0,30635.0,1,2025-05-05 06:02:00
1746424980,30635.0,30635.0,30605.0,30635.0,22,2025-05-05 06:03:00
1746425040,30635.0,30635.0,30610.0,30610.0,1,2025-05-05 06:04:00
1746425100,30610.0,30610.0,30610.0,30610.0,0,2025-05-05 06:05:00
1746425160,30610.0,30610.0,30610.0,30610.0,0,2025-05-05 06:06:00
1746425220,30610.0,30645.0,30610.0,30620.0,4,2025-05-05 06:07:00
1746425280,30620.0,30625.0,30620.0,30625.0,1,2025-05-05 06:08:00
1746425340,30625.0,30625.0,30625.0,30625.0,0,2025-05-05 06:09:00
1746425400,30625.0,30625.0,30610.0,30610.0,6,2025-05-05 06:10:00
1746425460,30610.0,30610.0,30605.0,30605.0,1,2025-05-05 06:11:00
1746425520,30605.0,30605.0,30605.0,30605.0,1,2025-05-05 06:12:00
1746425580,30605.0,30605.0,30605.0,30605.0,0,2025-05-05 06:13:00
1746425640,30605.0,30605.0,30570.0,30570.0,7,2025-05-05 06:14:00
1746425700,30570.0,30605.0,30565.0,30565.0,3,2025-05-05 06:15:00
1746425760,30565.0,30565.0,30565.0,30565.0,0,2025-05-05 06:16:00
1746425820,30565.0,30595.0,30565.0,30595.0,1,2025-05-05 06:17:00
1746425880,30595.0,30595.0,30595.0,30595.0,0,2025-05-05 06:18:00
1746425940,30595.0,30635.0,30595.0,30635.0,7,2025-05-05 06:19:00
1746426000,30635.0,30635.0,30625.0,30625.0,1,2025-05-05 06:20:00
1746426060,30625.0,30625.0,30625.0,30625.0,1,2025-05-05 06:21:00
1746426120,30625.0,30625.0,30585.0,30585.0,3,2025-05-05 06:22:00
1746426180,30585.0,30585.0,30585.0,30585.0,0,2025-05-05 06:23:00
1746426240,30585.0,30585.0,30585.0,30585.0,0,2025-05-05 06:24:00
1746426300,30585.0,30585.0,30585.0,30585.0,1,2025-05-05 06:25:00
1746426360,30585.0,30585.0,30585.0,30585.0,0,2025-05-05 06:26:00
1746426420,30585.0,30620.0,30585.0,30620.0,1,2025-05-05 06:27:00
1746426480,30620.0,30620.0,30620.0,30620.0,0,2025-05-05 06:28:00
1746426540,30620.0,30620.0,30595.0,30595.0,2,2025-05-05 06:29:00
1746426600,30595.0,30595.0,30595.0,30595.0,0,2025-05-05 06:30:00
1746426660,30595.0,30595.0,30595.0,30595.0,0,2025-05-05 06:31:00
1746426720,30595.0,30645.0,30595.0,30645.0,2,2025-05-05 06:32:00
1746426780,30645.0,30645.0,30645.0,30645.0,0,2025-05-05 06:33:00
1746426840,30645.0,30655.0,30640.0,30640.0,21,2025-05-05 06:34:00
1746426900,30640.0,30660.0,30605.0,30605.0,55,2025-05-05 06:35:00
1746426960,30605.0,30665.0,30605.0,30665.0,4,2025-05-05 06:36:00
1746427020,30665.0,30665.0,30665.0,30665.0,0,2025-05-05 06:37:00
1746427080,30665.0,30665.0,30640.0,30640.0,2,2025-05-05 06:38:00
1746427140,30640.0,30640.0,30635.0,30640.0,14,2025-05-05 06:39:00
1746427200,30640.0,30640.0,30640.0,30640.0,0,2025-05-05 06:40:00
1746427260,30640.0,30640.0,30605.0,30635.0,12,2025-05-05 06:41:00
1746427320,30635.0,30635.0,30630.0,30630.0,1,2025-05-05 06:42:00
1746427380,30630.0,30630.0,30585.0,30600.0,8,2025-05-05 06:43:00
1746427440,30600.0,30600.0,30600.0,30600.0,0,2025-05-05 06:44:00
1746427500,30600.0,30600.0,30600.0,30600.0,1,2025-05-05 06:45:00
1746427560,30600.0,30620.0,30570.0,30580.0,27,2025-05-05 06:46:00
1746427620,30580.0,30580.0,30580.0,30580.0,0,2025-05-05 06:47:00
1746427680,30580.0,30625.0,30580.0,30590.0,26,2025-05-05 06:48:00
1746427740,30590.0,30590.0,30590.0,30590.0,16,2025-05-05 06:49:00
1746427800,30590.0,30635.0,30590.0,30635.0,5,2025-05-05 06:50:00
1746427860,30635.0,30635.0,30570.0,30570.0,11,2025-05-05 06:51:00
1746427920,30570.0,30660.0,30570.0,30660.0,21,2025-05-05 06:52:00
1746427980,30625.0,30625.0,30530.0,30540.0,78,2025-05-05 06:53:00
1746428040,30540.0,30540.0,30500.0,30535.0,152,2025-05-05 06:54:00
1746428100,30540.0,30570.0,30540.0,30545.0,8,2025-05-05 06:55:00
1746428160,30545.0,30545.0,30545.0,30545.0,0,2025-05-05 06:56:00
1746428220,30545.0,30610.0,30545.0,30610.0,11,2025-05-05 06:57:00
1746428280,30610.0,30610.0,30595.0,30595.0,1,2025-05-05 06:58:00
1746428340,30595.0,30620.0,30595.0,30620.0,2,2025-05-05 06:59:00
1746428400,30620.0,30620.0,30605.0,30605.0,2,2025-05-05 07:00:00
1746428460,30605.0,30640.0,30595.0,30595.0,9,2025-05-05 07:01:00
1746428520,30595.0,30605.0,30580.0,30580.0,22,2025-05-05 07:02:00
1746428580,30580.0,30580.0,30550.0,30555.0,5,2025-05-05 07:03:00
1746428640,30555.0,30555.0,30525.0,30525.0,13,2025-05-05 07:04:00
1746428700,30525.0,30590.0,30525.0,30585.0,13,2025-05-05 07:05:00
1746428760,30585.0,30585.0,30585.0,30585.0,0,2025-05-05 07:06:00
1746428820,30585.0,30585.0,30585.0,30585.0,1,2025-05-05 07:07:00
1746428880,30555.0,30595.0,30555.0,30565.0,15,2025-05-05 07:08:00
1746428940,30565.0,30565.0,30565.0,30565.0,1,2025-05-05 07:09:00
1746429000,30560.0,30560.0,30525.0,30525.0,22,2025-05-05 07:10:00
1746429060,30525.0,30525.0,30525.0,30525.0,0,2025-05-05 07:11:00
1746429120,30525.0,30525.0,30525.0,30525.0,1,2025-05-05 07:12:00
1746429180,30525.0,30545.0,30510.0,30510.0,8,2025-05-05 07:13:00
1746429240,30510.0,30515.0,30510.0,30510.0,9,2025-05-05 07:14:00
1746429300,30510.0,30560.0,30510.0,30560.0,5,2025-05-05 07:15:00
1746429360,30560.0,30560.0,30560.0,30560.0,0,2025-05-05 07:16:00
1746429420,30560.0,30565.0,30455.0,30565.0,402,2025-05-05 07:17:00
1746429480,30565.0,30565.0,30530.0,30530.0,94,2025-05-05 07:18:00
1746429540,30530.0,30535.0,30530.0,30535.0,1,2025-05-05 07:19:00
1746429600,30535.0,30535.0,30505.0,30505.0,23,2025-05-05 07:20:00
1746429660,30505.0,30510.0,30505.0,30510.0,1,2025-05-05 07:21:00
1746429720,30510.0,30575.0,30510.0,30575.0,1,2025-05-05 07:22:00
1746429780,30575.0,30575.0,30575.0,30575.0,0,2025-05-05 07:23:00
1746429840,30575.0,30575.0,30575.0,30575.0,0,2025-05-05 07:24:00
1746429900,30575.0,30580.0,30575.0,30580.0,1,2025-05-05 07:25:00
1746429960,30580.0,30580.0,30580.0,30580.0,0,2025-05-05 07:26:00
1746430020,30580.0,30580.0,30580.0,30580.0,5,2025-05-05 07:27:00
1746430080,30580.0,30585.0,30580.0,30585.0,10,2025-05-05 07:28:00
1746430140,30585.0,30600.0,30560.0,30560.0,4,2025-05-05 07:29:00
1746430200,30560.0,30595.0,30560.0,30595.0,1,2025-05-05 07:30:00
1746430260,30595.0,30595.0,30595.0,30595.0,0,2025-05-05 07:31:00
1746430320,30595.0,30595.0,30595.0,30595.0,4,2025-05-05 07:32:00
1746430380,30595.0,30595.0,30560.0,30560.0,20,2025-05-05 07:33:00
1746430440,30560.0,30560.0,30560.0,30560.0,0,2025-05-05 07:34:00
1746430500,30570.0,30585.0,30555.0,30565.0,131,2025-05-05 07:35:00
1746430560,30565.0,30565.0,30560.0,30560.0,1,2025-05-05 07:36:00
1746430620,30560.0,30600.0,30560.0,30600.0,77,2025-05-05 07:37:00
1746430680,30600.0,30600.0,30580.0,30600.0,6,2025-05-05 07:38:00
1746430740,30600.0,30605.0,30600.0,30600.0,15,2025-05-05 07:39:00
1746430800,30600.0,30600.0,30560.0,30600.0,133,2025-05-05 07:40:00
1746430860,30600.0,30600.0,30600.0,30600.0,184,2025-05-05 07:41:00
1746430920,30600.0,30635.0,30600.0,30600.0,113,2025-05-05 07:42:00
1746430980,30580.0,30600.0,30580.0,30600.0,9,2025-05-05 07:43:00
1746431040,30600.0,30635.0,30600.0,30630.0,7,2025-05-05 07:44:00
1746431100,30630.0,30630.0,30625.0,30625.0,1,2025-05-05 07:45:00
1746431160,30625.0,30625.0,30625.0,30625.0,0,2025-05-05 07:46:00
1746431220,30625.0,30645.0,30605.0,30605.0,7,2025-05-05 07:47:00
1746431280,30605.0,30605.0,30605.0,30605.0,0,2025-05-05 07:48:00
1746431340,30605.0,30610.0,30565.0,30565.0,24,2025-05-05 07:49:00
1746431400,30600.0,30625.0,30570.0,30625.0,34,2025-05-05 07:50:00
1746431460,30625.0,30625.0,30600.0,30600.0,1,2025-05-05 07:51:00
1746431520,30600.0,30605.0,30600.0,30605.0,2,2025-05-05 07:52:00
1746431580,30605.0,30650.0,30605.0,30650.0,6,2025-05-05 07:53:00
1746431640,30650.0,30650.0,30605.0,30605.0,1,2025-05-05 07:54:00
1746431700,30605.0,30605.0,30605.0,30605.0,0,2025-05-05 07:55:00
1746431760,30605.0,30605.0,30605.0,30605.0,0,2025-05-05 07:56:00
1746431820,30605.0,30605.0,30580.0,30580.0,11,2025-05-05 07:57:00
1746431880,30580.0,30600.0,30575.0,30600.0,3,2025-05-05 07:58:00
1746431940,30600.0,30625.0,30600.0,30600.0,13,2025-05-05 07:59:00
1746432000,30600.0,30625.0,30600.0,30625.0,1,2025-05-05 08:00:00
1746432060,30625.0,30650.0,30610.0,30610.0,6,2025-05-05 08:01:00
1746432120,30610.0,30610.0,30610.0,30610.0,0,2025-05-05 08:02:00
1746432180,30610.0,30660.0,30610.0,30660.0,6,2025-05-05 08:03:00
1746432240,30660.0,30660.0,30620.0,30620.0,13,2025-05-05 08:04:00
1746432300,30620.0,30620.0,30600.0,30620.0,8,2025-05-05 08:05:00
1746432360,30600.0,30600.0,30600.0,30600.0,3,2025-05-05 08:06:00
1746432420,30600.0,30620.0,30595.0,30595.0,6,2025-05-05 08:07:00
1746432480,30595.0,30620.0,30595.0,30620.0,5,2025-05-05 08:08:00
1746432540,30620.0,30620.0,30585.0,30585.0,333,2025-05-05 08:09:00
1746432600,30585.0,30600.0,30580.0,30600.0,293,2025-05-05 08:10:00
1746432660,30600.0,30620.0,30600.0,30600.0,9,2025-05-05 08:11:00
1746432720,30600.0,30615.0,30585.0,30615.0,5,2025-05-05 08:12:00
1746432780,30615.0,30615.0,30615.0,30615.0,0,2025-05-05 08:13:00
1746432840,30615.0,30615.0,30600.0,30600.0,2,2025-05-05 08:14:00
1746432900,30600.0,30615.0,30600.0,30605.0,14,2025-05-05 08:15:00
1746432960,30605.0,30605.0,30600.0,30600.0,49,2025-05-05 08:16:00
1746433020,30600.0,30615.0,30600.0,30600.0,41,2025-05-05 08:17:00
1746433080,30600.0,30600.0,30600.0,30600.0,55,2025-05-05 08:18:00
1746433140,30600.0,30625.0,30600.0,30625.0,179,2025-05-05 08:19:00
1746433200,30625.0,30625.0,30625.0,30625.0,1,2025-05-05 08:20:00
1746433260,30625.0,30625.0,30625.0,30625.0,0,2025-05-05 08:21:00
1746433320,30625.0,30625.0,30625.0,30625.0,0,2025-05-05 08:22:00
1746433380,30625.0,30630.0,30605.0,30605.0,11,2025-05-05 08:23:00
1746433440,30605.0,30605.0,30605.0,30605.0,0,2025-05-05 08:24:00
1746433500,30605.0,30605.0,30605.0,30605.0,0,2025-05-05 08:25:00
1746433560,30630.0,30645.0,30615.0,30615.0,8,2025-05-05 08:26:00
1746433620,30615.0,30615.0,30615.0,30615.0,0,2025-05-05 08:27:00
1746433680,30615.0,30615.0,30615.0,30615.0,0,2025-05-05 08:28:00
1746433740,30650.0,30675.0,30625.0,30625.0,9,2025-05-05 08:29:00
1746433800,30625.0,30625.0,30625.0,30625.0,0,2025-05-05 08:30:00
1746433860,30625.0,30635.0,30625.0,30635.0,1,2025-05-05 08:31:00
1746433920,30635.0,30635.0,30605.0,30605.0,24,2025-05-05 08:32:00
1746433980,30605.0,30605.0,30605.0,30605.0,0,2025-05-05 08:33:00
1746434040,30605.0,30605.0,30605.0,30605.0,0,2025-05-05 08:34:00
1746434100,30605.0,30630.0,30605.0,30630.0,6,2025-05-05 08:35:00
1746434160,30630.0,30630.0,30605.0,30605.0,3,2025-05-05 08:36:00
1746434220,30605.0,30630.0,30605.0,30605.0,9,2025-05-05 08:37:00
1746434280,30605.0,30605.0,30605.0,30605.0,0,2025-05-05 08:38:00
1746434340,30605.0,30605.0,30605.0,30605.0,0,2025-05-05 08:39:00
1746434400,30605.0,30605.0,30605.0,30605.0,0,2025-05-05 08:40:00
1746434460,30605.0,30605.0,30605.0,30605.0,0,2025-05-05 08:41:00
1746434520,30605.0,30655.0,30600.0,30655.0,84,2025-05-05 08:42:00
1746434580,30655.0,30655.0,30635.0,30635.0,2,2025-05-05 08:43:00
1746434640,30635.0,30635.0,30630.0,30630.0,2,2025-05-05 08:44:00
1746434700,30630.0,30630.0,30630.0,30630.0,0,2025-05-05 08:45:00
1746434760,30630.0,30630.0,30630.0,30630.0,0,2025-05-05 08:46:00
1746434820,30630.0,30630.0,30630.0,30630.0,0,2025-05-05 08:47:00
1746434880,30630.0,30630.0,30630.0,30630.0,26,2025-05-05 08:48:00
1746434940,30630.0,30635.0,30630.0,30635.0,7,2025-05-05 08:49:00
1746435000,30635.0,30635.0,30635.0,30635.0,3,2025-05-05 08:50:00
1746435060,30635.0,30665.0,30635.0,30635.0,4,2025-05-05 08:51:00
1746435120,30635.0,30675.0,30605.0,30605.0,41,2025-05-05 08:52:00
1746435180,30605.0,30605.0,30605.0,30605.0,4,2025-05-05 08:53:00
1746435240,30600.0,30620.0,30600.0,30620.0,38,2025-05-05 08:54:00
1746435300,30620.0,30620.0,30620.0,30620.0,2,2025-05-05 08:55:00
1746435360,30620.0,30620.0,30620.0,30620.0,0,2025-05-05 08:56:00
1746435420,30620.0,30620.0,30620.0,30620.0,0,2025-05-05 08:57:00
1746435480,30620.0,30620.0,30620.0,30620.0,0,2025-05-05 08:58:00
1746435540,30620.0,30620.0,30620.0,30620.0,0,2025-05-05 08:59:00
1746435600,30620.0,30620.0,30620.0,30620.0,0,2025-05-05 09:00:00
1746435660,30620.0,30620.0,30620.0,30620.0,0,2025-05-05 09:01:00
1746435720,30620.0,30620.0,30620.0,30620.0,0,2025-05-05 09:02:00
1746435780,30620.0,30675.0,30620.0,30675.0,11,2025-05-05 09:03:00
1746435840,30670.0,30670.0,30630.0,30630.0,11,2025-05-05 09:04:00
1746435900,30630.0,30635.0,30630.0,30635.0,2,2025-05-05 09:05:00
1746435960,30630.0,30635.0,30630.0,30630.0,14,2025-05-05 09:06:00
1746436020,30630.0,30630.0,30630.0,30630.0,2,2025-05-05 09:07:00
1746436080,30630.0,30630.0,30630.0,30630.0,1,2025-05-05 09:08:00
1746436140,30630.0,30630.0,30630.0,30630.0,0,2025-05-05 09:09:00
1746436200,30630.0,30630.0,30605.0,30605.0,21,2025-05-05 09:10:00
1746436260,30605.0,30610.0,30605.0,30605.0,2,2025-05-05 09:11:00
1746436320,30605.0,30645.0,30605.0,30630.0,7,2025-05-05 09:12:00
1746436380,30630.0,30630.0,30630.0,30630.0,1,2025-05-05 09:13:00
1746436440,30630.0,30660.0,30630.0,30630.0,14,2025-05-05 09:14:00
1746436500,30630.0,30635.0,30625.0,30635.0,6,2025-05-05 09:15:00
1746436560,30635.0,30635.0,30635.0,30635.0,3,2025-05-05 09:16:00
1746436620,30635.0,30655.0,30635.0,30645.0,5,2025-05-05 09:17:00
1746436680,30645.0,30645.0,30620.0,30620.0,1,2025-05-05 09:18:00
1746436740,30620.0,30645.0,30620.0,30625.0,12,2025-05-05 09:19:00
1746436800,30625.0,30630.0,30625.0,30630.0,2,2025-05-05 09:20:00
1746436860,30630.0,30630.0,30625.0,30625.0,7,2025-05-05 09:21:00
1746436920,30625.0,30625.0,30605.0,30605.0,2,2025-05-05 09:22:00
1746436980,30605.0,30660.0,30605.0,30655.0,17,2025-05-05 09:23:00
1746437040,30655.0,30660.0,30655.0,30660.0,21,2025-05-05 09:24:00
1746437100,30660.0,30660.0,30655.0,30660.0,80,2025-05-05 09:25:00
1746437160,30635.0,30675.0,30635.0,30675.0,59,2025-05-05 09:26:00
1746437220,30675.0,30675.0,30635.0,30670.0,59,2025-05-05 09:27:00
1746437280,30670.0,30675.0,30640.0,30665.0,21,2025-05-05 09:28:00
1746437340,30665.0,30680.0,30640.0,30675.0,18,2025-05-05 09:29:00
1746437400,30675.0,30680.0,30640.0,30675.0,16,2025-05-05 09:30:00
1746437460,30675.0,30680.0,30640.0,30675.0,67,2025-05-05 09:31:00
1746437520,30675.0,30675.0,30640.0,30675.0,21,2025-05-05 09:32:00
1746437580,30675.0,30675.0,30615.0,30640.0,73,2025-05-05 09:33:00
1746437640,30645.0,30645.0,30610.0,30640.0,25,2025-05-05 09:34:00
1746437700,30625.0,30640.0,30605.0,30635.0,20,2025-05-05 09:35:00
1746437760,30635.0,30650.0,30615.0,30650.0,15,2025-05-05 09:36:00
1746437820,30650.0,30655.0,30650.0,30655.0,40,2025-05-05 09:37:00
1746437880,30655.0,30655.0,30635.0,30645.0,14,2025-05-05 09:38:00
1746437940,30645.0,30645.0,30615.0,30645.0,17,2025-05-05 09:39:00
1746438000,30645.0,30645.0,30645.0,30645.0,26,2025-05-05 09:40:00
1746438060,30645.0,30645.0,30605.0,30640.0,34,2025-05-05 09:41:00
1746438120,30640.0,30645.0,30640.0,30645.0,20,2025-05-05 09:42:00
1746438180,30645.0,30645.0,30645.0,30645.0,28,2025-05-05 09:43:00
1746438240,30645.0,30650.0,30620.0,30650.0,100,2025-05-05 09:44:00
1746438300,30650.0,30660.0,30650.0,30660.0,122,2025-05-05 09:45:00
1746438360,30660.0,30700.0,30620.0,30700.0,161,2025-05-05 09:46:00
1746438420,30675.0,30825.0,30655.0,30825.0,167,2025-05-05 09:47:00
1746438480,30840.0,30840.0,30775.0,30825.0,127,2025-05-05 09:48:00
1746438540,30775.0,30880.0,30775.0,30880.0,104,2025-05-05 09:49:00
1746438600,30880.0,30885.0,30805.0,30810.0,162,2025-05-05 09:50:00
1746438660,30875.0,30880.0,30775.0,30840.0,108,2025-05-05 09:51:00
1746438720,30835.0,30835.0,30750.0,30760.0,99,2025-05-05 09:52:00
1746438780,30760.0,30800.0,30715.0,30715.0,102,2025-05-05 09:53:00
1746438840,30710.0,30775.0,30620.0,30700.0,98,2025-05-05 09:54:00
1746438900,30700.0,30700.0,30650.0,30700.0,150,2025-05-05 09:55:00
1746438960,30700.0,30725.0,30700.0,30720.0,45,2025-05-05 09:56:00
1746439020,30715.0,30750.0,30700.0,30735.0,34,2025-05-05 09:57:00
1746439080,30705.0,30730.0,30705.0,30725.0,22,2025-05-05 09:58:00
1746439140,30700.0,30750.0,30700.0,30700.0,59,2025-05-05 09:59:00
1746503100,30695.0,30695.0,30470.0,30515.0,77,2025-05-06 03:45:00
1746503160,30515.0,30575.0,30405.0,30575.0,45,2025-05-06 03:46:00
1746503220,30635.0,30635.0,30430.0,30430.0,42,2025-05-06 03:47:00
1746503280,30430.0,30475.0,30420.0,30475.0,7,2025-05-06 03:48:00
1746503340,30440.0,30490.0,30425.0,30490.0,26,2025-05-06 03:49:00
1746503400,30490.0,30530.0,30445.0,30480.0,21,2025-05-06 03:50:00
1746503460,30480.0,30530.0,30480.0,30490.0,7,2025-05-06 03:51:00
1746503520,30490.0,30540.0,30490.0,30530.0,10,2025-05-06 03:52:00
1746503580,30515.0,30555.0,30490.0,30530.0,17,2025-05-06 03:53:00
1746503640,30515.0,30515.0,30465.0,30465.0,43,2025-05-06 03:54:00
1746503700,30455.0,30455.0,30400.0,30420.0,58,2025-05-06 03:55:00
1746503760,30420.0,30450.0,30420.0,30450.0,11,2025-05-06 03:56:00
1746503820,30425.0,30475.0,30425.0,30475.0,9,2025-05-06 03:57:00
1746503880,30475.0,30475.0,30435.0,30445.0,11,2025-05-06 03:58:00
1746503940,30445.0,30495.0,30425.0,30435.0,22,2025-05-06 03:59:00
1746504000,30435.0,30440.0,30435.0,30440.0,10,2025-05-06 04:00:00
1746504060,30440.0,30440.0,30440.0,30440.0,0,2025-05-06 04:01:00
1746504120,30440.0,30485.0,30440.0,30485.0,2,2025-05-06 04:02:00
1746504180,30500.0,30535.0,30500.0,30535.0,7,2025-05-06 04:03:00
1746504240,30535.0,30555.0,30500.0,30555.0,53,2025-05-06 04:04:00
1746504300,30555.0,30570.0,30510.0,30555.0,20,2025-05-06 04:05:00
1746504360,30555.0,30555.0,30555.0,30555.0,13,2025-05-06 04:06:00
1746504420,30555.0,30555.0,30550.0,30550.0,6,2025-05-06 04:07:00
1746504480,30550.0,30550.0,30550.0,30550.0,0,2025-05-06 04:08:00
1746504540,30550.0,30550.0,30550.0,30550.0,0,2025-05-06 04:09:00
1746504600,30550.0,30575.0,30550.0,30575.0,29,2025-05-06 04:10:00
1746504660,30575.0,30575.0,30555.0,30555.0,1,2025-05-06 04:11:00
1746504720,30555.0,30555.0,30555.0,30555.0,1,2025-05-06 04:12:00
1746504780,30555.0,30555.0,30555.0,30555.0,0,2025-05-06 04:13:00
1746504840,30555.0,30560.0,30555.0,30560.0,2,2025-05-06 04:14:00
1746504900,30560.0,30560.0,30520.0,30520.0,50,2025-05-06 04:15:00
1746504960,30520.0,30540.0,30520.0,30540.0,3,2025-05-06 04:16:00
1746505020,30540.0,30540.0,30535.0,30535.0,2,2025-05-06 04:17:00
1746505080,30535.0,30535.0,30535.0,30535.0,0,2025-05-06 04:18:00
1746505140,30535.0,30535.0,30535.0,30535.0,1,2025-05-06 04:19:00
1746505200,30535.0,30535.0,30490.0,30490.0,9,2025-05-06 04:20:00
1746505260,30490.0,30500.0,30465.0,30500.0,7,2025-05-06 04:21:00
1746505320,30500.0,30500.0,30500.0,30500.0,3,2025-05-06 04:22:00
1746505380,30500.0,30500.0,30455.0,30455.0,2,2025-05-06 04:23:00
1746505440,30455.0,30455.0,30450.0,30450.0,10,2025-05-06 04:24:00
1746505500,30450.0,30450.0,30425.0,30425.0,16,2025-05-06 04:25:00
1746505560,30425.0,30450.0,30425.0,30450.0,6,2025-05-06 04:26:00
1746505620,30450.0,30450.0,30425.0,30425.0,2,2025-05-06 04:27:00
1746505680,30450.0,30455.0,30450.0,30455.0,2,2025-05-06 04:28:00
1746505740,30455.0,30455.0,30455.0,30455.0,1,2025-05-06 04:29:00
1746505800,30455.0,30455.0,30435.0,30440.0,9,2025-05-06 04:30:00
1746505860,30465.0,30465.0,30465.0,30465.0,2,2025-05-06 04:31:00
1746505920,30465.0,30465.0,30440.0,30445.0,7,2025-05-06 04:32:00
1746505980,30445.0,30445.0,30445.0,30445.0,0,2025-05-06 04:33:00
1746506040,30445.0,30450.0,30445.0,30450.0,5,2025-05-06 04:34:00
1746506100,30450.0,30510.0,30450.0,30510.0,27,2025-05-06 04:35:00
1746506160,30510.0,30510.0,30510.0,30510.0,0,2025-05-06 04:36:00
1746506220,30510.0,30510.0,30505.0,30510.0,7,2025-05-06 04:37:00
1746506280,30510.0,30510.0,30505.0,30505.0,11,2025-05-06 04:38:00
1746506340,30505.0,30505.0,30505.0,30505.0,0,2025-05-06 04:39:00
1746506400,30505.0,30505.0,30505.0,30505.0,0,2025-05-06 04:40:00
1746506460,30505.0,30505.0,30505.0,30505.0,0,2025-05-06 04:41:00
1746506520,30505.0,30505.0,30475.0,30475.0,11,2025-05-06 04:42:00
1746506580,30475.0,30475.0,30475.0,30475.0,0,2025-05-06 04:43:00
1746506640,30475.0,30475.0,30465.0,30465.0,1,2025-05-06 04:44:00
1746506700,30465.0,30465.0,30465.0,30465.0,1,2025-05-06 04:45:00
1746506760,30465.0,30495.0,30465.0,30495.0,5,2025-05-06 04:46:00
1746506820,30495.0,30500.0,30495.0,30500.0,2,2025-05-06 04:47:00
1746506880,30500.0,30500.0,30500.0,30500.0,0,2025-05-06 04:48:00
1746506940,30500.0,30500.0,30480.0,30480.0,2,2025-05-06 04:49:00
1746507000,30480.0,30480.0,30480.0,30480.0,1,2025-05-06 04:50:00
1746507060,30505.0,30505.0,30465.0,30505.0,6,2025-05-06 04:51:00
1746507120,30505.0,30505.0,30505.0,30505.0,1,2025-05-06 04:52:00
1746507180,30505.0,30505.0,30505.0,30505.0,0,2025-05-06 04:53:00
1746507240,30505.0,30505.0,30505.0,30505.0,0,2025-05-06 04:54:00
1746507300,30505.0,30505.0,30505.0,30505.0,0,2025-05-06 04:55:00
1746507360,30505.0,30505.0,30505.0,30505.0,0,2025-05-06 04:56:00
1746507420,30505.0,30505.0,30505.0,30505.0,0,2025-05-06 04:57:00
1746507480,30505.0,30505.0,30505.0,30505.0,0,2025-05-06 04:58:00
1746507540,30505.0,30505.0,30475.0,30505.0,6,2025-05-06 04:59:00
1746507600,30505.0,30505.0,30475.0,30475.0,1,2025-05-06 05:00:00
1746507660,30475.0,30505.0,30465.0,30500.0,5,2025-05-06 05:01:00
1746507720,30500.0,30500.0,30500.0,30500.0,0,2025-05-06 05:02:00
1746507780,30500.0,30500.0,30500.0,30500.0,0,2025-05-06 05:03:00
1746507840,30500.0,30500.0,30500.0,30500.0,0,2025-05-06 05:04:00
1746507900,30500.0,30500.0,30500.0,30500.0,0,2025-05-06 05:05:00
1746507960,30500.0,30500.0,30500.0,30500.0,0,2025-05-06 05:06:00
1746508020,30500.0,30585.0,30500.0,30500.0,3173,2025-05-06 05:07:00
1746508080,30500.0,30535.0,30500.0,30500.0,2,2025-05-06 05:08:00
1746508140,30490.0,30490.0,30475.0,30475.0,7,2025-05-06 05:09:00
1746508200,30475.0,30475.0,30475.0,30475.0,0,2025-05-06 05:10:00
1746508260,30475.0,30475.0,30475.0,30475.0,0,2025-05-06 05:11:00
1746508320,30525.0,30525.0,30515.0,30515.0,10,2025-05-06 05:12:00
1746508380,30515.0,30545.0,30515.0,30545.0,1,2025-05-06 05:13:00
1746508440,30545.0,30545.0,30545.0,30545.0,0,2025-05-06 05:14:00
1746508500,30545.0,30545.0,30545.0,30545.0,0,2025-05-06 05:15:00
1746508560,30545.0,30545.0,30545.0,30545.0,0,2025-05-06 05:16:00
1746508620,30545.0,30545.0,30545.0,30545.0,0,2025-05-06 05:17:00
1746508680,30505.0,30505.0,30485.0,30485.0,19,2025-05-06 05:18:00
1746508740,30485.0,30490.0,30485.0,30490.0,3,2025-05-06 05:19:00
1746508800,30490.0,30490.0,30485.0,30485.0,7,2025-05-06 05:20:00
1746508860,30455.0,30455.0,30255.0,30290.0,367,2025-05-06 05:21:00
1746508920,30290.0,30320.0,30225.0,30320.0,38,2025-05-06 05:22:00
1746508980,30320.0,30325.0,30280.0,30325.0,10,2025-05-06 05:23:00
1746509040,30325.0,30325.0,30325.0,30325.0,57,2025-05-06 05:24:00
1746509100,30325.0,30370.0,30325.0,30370.0,1,2025-05-06 05:25:00
1746509160,30370.0,30370.0,30365.0,30370.0,4,2025-05-06 05:26:00
1746509220,30365.0,30365.0,30365.0,30365.0,3,2025-05-06 05:27:00
1746509280,30365.0,30400.0,30365.0,30400.0,16,2025-05-06 05:28:00
1746509340,30400.0,30400.0,30400.0,30400.0,0,2025-05-06 05:29:00
1746509400,30400.0,30400.0,30365.0,30365.0,3,2025-05-06 05:30:00
1746509460,30365.0,30365.0,30365.0,30365.0,0,2025-05-06 05:31:00
1746509520,30365.0,30395.0,30365.0,30395.0,1,2025-05-06 05:32:00
1746509580,30395.0,30395.0,30395.0,30395.0,6,2025-05-06 05:33:00
1746509640,30395.0,30395.0,30395.0,30395.0,1,2025-05-06 05:34:00
1746509700,30395.0,30395.0,30390.0,30390.0,1,2025-05-06 05:35:00
1746509760,30390.0,30390.0,30390.0,30390.0,0,2025-05-06 05:36:00
1746509820,30390.0,30390.0,30390.0,30390.0,0,2025-05-06 05:37:00
1746509880,30390.0,30415.0,30390.0,30415.0,11,2025-05-06 05:38:00
1746509940,30415.0,30420.0,30415.0,30420.0,10,2025-05-06 05:39:00
1746510000,30420.0,30420.0,30420.0,30420.0,2,2025-05-06 05:40:00
1746510060,30420.0,30420.0,30395.0,30395.0,4,2025-05-06 05:41:00
1746510120,30395.0,30395.0,30395.0,30395.0,0,2025-05-06 05:42:00
1746510180,30395.0,30405.0,30395.0,30405.0,7,2025-05-06 05:43:00
1746510240,30405.0,30405.0,30405.0,30405.0,0,2025-05-06 05:44:00
1746510300,30405.0,30405.0,30405.0,30405.0,0,2025-05-06 05:45:00
1746510360,30405.0,30405.0,30405.0,30405.0,0,2025-05-06 05:46:00
1746510420,30405.0,30525.0,30405.0,30525.0,118,2025-05-06 05:47:00
1746510480,30525.0,30525.0,30525.0,30525.0,3,2025-05-06 05:48:00
1746510540,30525.0,30525.0,30500.0,30500.0,530,2025-05-06 05:49:00
1746510600,30500.0,30500.0,30500.0,30500.0,0,2025-05-06 05:50:00
1746510660,30500.0,30500.0,30445.0,30445.0,10,2025-05-06 05:51:00
1746510720,30445.0,30490.0,30445.0,30490.0,3,2025-05-06 05:52:00
1746510780,30490.0,30490.0,30490.0,30490.0,0,2025-05-06 05:53:00
1746510840,30490.0,30500.0,30490.0,30500.0,7,2025-05-06 05:54:00
1746510900,30500.0,30500.0,30495.0,30495.0,1,2025-05-06 05:55:00
1746510960,30490.0,30490.0,30490.0,30490.0,4,2025-05-06 05:56:00
1746511020,30470.0,30470.0,30410.0,30410.0,16,2025-05-06 05:57:00
1746511080,30410.0,30410.0,30410.0,30410.0,0,2025-05-06 05:58:00
1746511140,30410.0,30410.0,30410.0,30410.0,0,2025-05-06 05:59:00
1746511200,30410.0,30425.0,30410.0,30425.0,13,2025-05-06 06:00:00
1746511260,30425.0,30425.0,30425.0,30425.0,0,2025-05-06 06:01:00
1746511320,30425.0,30425.0,30425.0,30425.0,0,2025-05-06 06:02:00
1746511380,30425.0,30425.0,30425.0,30425.0,0,2025-05-06 06:03:00
1746511440,30425.0,30425.0,30425.0,30425.0,0,2025-05-06 06:04:00
1746511500,30425.0,30425.0,30425.0,30425.0,0,2025-05-06 06:05:00
1746511560,30425.0,30440.0,30410.0,30440.0,4,2025-05-06 06:06:00
1746511620,30440.0,30440.0,30435.0,30435.0,2,2025-05-06 06:07:00
1746511680,30435.0,30435.0,30400.0,30420.0,25,2025-05-06 06:08:00
1746511740,30445.0,30445.0,30445.0,30445.0,6,2025-05-06 06:09:00
1746511800,30445.0,30465.0,30445.0,30465.0,1,2025-05-06 06:10:00
1746511860,30465.0,30465.0,30465.0,30465.0,0,2025-05-06 06:11:00
1746511920,30465.0,30465.0,30465.0,30465.0,0,2025-05-06 06:12:00
1746511980,30465.0,30465.0,30425.0,30425.0,7,2025-05-06 06:13:00
1746512040,30425.0,30425.0,30425.0,30425.0,1,2025-05-06 06:14:00
1746512100,30425.0,30425.0,30420.0,30420.0,2,2025-05-06 06:15:00
1746512160,30420.0,30435.0,30385.0,30385.0,39,2025-05-06 06:16:00
1746512220,30385.0,30385.0,30385.0,30385.0,2,2025-05-06 06:17:00
1746512280,30385.0,30400.0,30385.0,30400.0,11,2025-05-06 06:18:00
1746512340,30400.0,30400.0,30360.0,30360.0,5,2025-05-06 06:19:00
1746512400,30360.0,30360.0,30350.0,30360.0,2,2025-05-06 06:20:00
1746512460,30360.0,30360.0,30360.0,30360.0,0,2025-05-06 06:21:00
1746512520,30360.0,30365.0,30350.0,30365.0,12,2025-05-06 06:22:00
1746512580,30365.0,30390.0,30365.0,30390.0,14,2025-05-06 06:23:00
1746512640,30390.0,30390.0,30390.0,30390.0,0,2025-05-06 06:24:00
1746512700,30390.0,30390.0,30390.0,30390.0,0,2025-05-06 06:25:00
1746512760,30355.0,30355.0,30355.0,30355.0,3,2025-05-06 06:26:00
1746512820,30355.0,30355.0,30355.0,30355.0,3,2025-05-06 06:27:00
1746512880,30355.0,30355.0,30355.0,30355.0,0,2025-05-06 06:28:00
1746512940,30355.0,30355.0,30330.0,30330.0,23,2025-05-06 06:29:00
1746513000,30330.0,30355.0,30330.0,30355.0,1,2025-05-06 06:30:00
1746513060,30355.0,30355.0,30355.0,30355.0,0,2025-05-06 06:31:00
1746513120,30355.0,30355.0,30355.0,30355.0,0,2025-05-06 06:32:00
1746513180,30355.0,30355.0,30355.0,30355.0,0,2025-05-06 06:33:00
1746513240,30330.0,30330.0,30330.0,30330.0,56,2025-05-06 06:34:00
1746513300,30330.0,30330.0,30330.0,30330.0,0,2025-05-06 06:35:00
1746513360,30330.0,30330.0,30330.0,30330.0,1,2025-05-06 06:36:00
1746513420,30330.0,30330.0,30330.0,30330.0,2,2025-05-06 06:37:00
1746513480,30330.0,30385.0,30330.0,30350.0,9,2025-05-06 06:38:00
1746513540,30350.0,30350.0,30350.0,30350.0,0,2025-05-06 06:39:00
1746513600,30350.0,30350.0,30350.0,30350.0,0,2025-05-06 06:40:00
1746513660,30350.0,30350.0,30350.0,30350.0,0,2025-05-06 06:41:00
1746513720,30350.0,30350.0,30350.0,30350.0,0,2025-05-06 06:42:00
1746513780,30350.0,30350.0,30350.0,30350.0,0,2025-05-06 06:43:00
1746513840,30345.0,30385.0,30345.0,30355.0,16,2025-05-06 06:44:00
1746513900,30355.0,30355.0,30355.0,30355.0,0,2025-05-06 06:45:00
1746513960,30355.0,30355.0,30355.0,30355.0,0,2025-05-06 06:46:00
1746514020,30355.0,30355.0,30355.0,30355.0,0,2025-05-06 06:47:00
1746514080,30355.0,30355.0,30355.0,30355.0,0,2025-05-06 06:48:00
1746514140,30355.0,30390.0,30350.0,30355.0,19,2025-05-06 06:49:00
1746514200,30390.0,30390.0,30390.0,30390.0,1,2025-05-06 06:50:00
1746514260,30390.0,30390.0,30355.0,30355.0,1,2025-05-06 06:51:00
1746514320,30355.0,30395.0,30355.0,30395.0,1,2025-05-06 06:52:00
1746514380,30395.0,30395.0,30395.0,30395.0,0,2025-05-06 06:53:00
1746514440,30395.0,30400.0,30365.0,30365.0,9,2025-05-06 06:54:00
1746514500,30365.0,30365.0,30365.0,30365.0,1,2025-05-06 06:55:00
1746514560,30365.0,30365.0,30355.0,30355.0,4,2025-05-06 06:56:00
1746514620,30355.0,30355.0,30355.0,30355.0,0,2025-05-06 06:57:00
1746514680,30355.0,30355.0,30335.0,30335.0,8,2025-05-06 06:58:00
1746514740,30335.0,30335.0,30335.0,30335.0,0,2025-05-06 06:59:00
1746514800,30380.0,30380.0,30380.0,30380.0,6,2025-05-06 07:00:00
1746514860,30380.0,30380.0,30380.0,30380.0,0,2025-05-06 07:01:00
1746514920,30380.0,30380.0,30345.0,30345.0,3,2025-05-06 07:02:00
1746514980,30345.0,30345.0,30335.0,30335.0,1,2025-05-06 07:03:00
1746515040,30335.0,30375.0,30335.0,30345.0,7,2025-05-06 07:04:00
1746515100,30345.0,30345.0,30345.0,30345.0,0,2025-05-06 07:05:00
1746515160,30345.0,30375.0,30345.0,30375.0,1,2025-05-06 07:06:00
1746515220,30375.0,30375.0,30250.0,30250.0,146,2025-05-06 07:07:00
1746515280,30250.0,30265.0,30250.0,30250.0,5,2025-05-06 07:08:00
1746515340,30250.0,30290.0,30220.0,30290.0,186,2025-05-06 07:09:00
1746515400,30290.0,30290.0,30290.0,30290.0,0,2025-05-06 07:10:00
1746515460,30290.0,30290.0,30290.0,30290.0,3,2025-05-06 07:11:00
1746515520,30290.0,30290.0,30290.0,30290.0,0,2025-05-06 07:12:00
1746515580,30290.0,30295.0,30240.0,30240.0,15,2025-05-06 07:13:00
1746515640,30240.0,30290.0,30240.0,30290.0,7,2025-05-06 07:14:00
1746515700,30290.0,30290.0,30290.0,30290.0,0,2025-05-06 07:15:00
1746515760,30290.0,30290.0,30290.0,30290.0,0,2025-05-06 07:16:00
1746515820,30290.0,30290.0,30250.0,30250.0,1,2025-05-06 07:17:00
1746515880,30250.0,30250.0,30250.0,30250.0,0,2025-05-06 07:18:00
1746515940,30250.0,30250.0,30250.0,30250.0,0,2025-05-06 07:19:00
1746516000,30250.0,30250.0,30250.0,30250.0,0,2025-05-06 07:20:00
1746516060,30250.0,30250.0,30250.0,30250.0,0,2025-05-06 07:21:00
1746516120,30250.0,30290.0,30250.0,30290.0,1,2025-05-06 07:22:00
1746516180,30290.0,30295.0,30290.0,30290.0,15,2025-05-06 07:23:00
1746516240,30290.0,30290.0,30290.0,30290.0,0,2025-05-06 07:24:00
1746516300,30290.0,30290.0,30290.0,30290.0,0,2025-05-06 07:25:00
1746516360,30290.0,30290.0,30290.0,30290.0,0,2025-05-06 07:26:00
1746516420,30290.0,30300.0,30290.0,30300.0,1,2025-05-06 07:27:00
1746516480,30300.0,30320.0,30300.0,30300.0,8,2025-05-06 07:28:00
1746516540,30300.0,30325.0,30300.0,30325.0,1,2025-05-06 07:29:00
1746516600,30325.0,30325.0,30305.0,30305.0,3,2025-05-06 07:30:00
1746516660,30305.0,30320.0,30295.0,30320.0,12,2025-05-06 07:31:00
1746516720,30320.0,30320.0,30290.0,30290.0,1,2025-05-06 07:32:00
1746516780,30290.0,30315.0,30290.0,30315.0,1,2025-05-06 07:33:00
1746516840,30315.0,30325.0,30315.0,30325.0,1,2025-05-06 07:34:00
1746516900,30325.0,30325.0,30290.0,30295.0,13,2025-05-06 07:35:00
1746516960,30295.0,30295.0,30295.0,30295.0,0,2025-05-06 07:36:00
1746517020,30295.0,30315.0,30295.0,30315.0,8,2025-05-06 07:37:00
1746517080,30315.0,30315.0,30310.0,30310.0,2,2025-05-06 07:38:00
1746517140,30310.0,30310.0,30295.0,30295.0,4,2025-05-06 07:39:00
1746517200,30295.0,30295.0,30295.0,30295.0,3,2025-05-06 07:40:00
1746517260,30295.0,30295.0,30295.0,30295.0,0,2025-05-06 07:41:00
1746517320,30295.0,30315.0,30275.0,30315.0,6,2025-05-06 07:42:00
1746517380,30315.0,30315.0,30275.0,30275.0,7,2025-05-06 07:43:00
1746517440,30275.0,30300.0,30275.0,30300.0,1,2025-05-06 07:44:00
1746517500,30300.0,30320.0,30300.0,30320.0,2,2025-05-06 07:45:00
1746517560,30320.0,30320.0,30320.0,30320.0,0,2025-05-06 07:46:00
1746517620,30320.0,30320.0,30275.0,30275.0,8,2025-05-06 07:47:00
1746517680,30275.0,30275.0,30260.0,30260.0,3,2025-05-06 07:48:00
1746517740,30260.0,30265.0,30205.0,30260.0,62,2025-05-06 07:49:00
1746517800,30260.0,30260.0,30260.0,30260.0,2,2025-05-06 07:50:00
1746517860,30260.0,30260.0,30260.0,30260.0,1,2025-05-06 07:51:00
1746517920,30260.0,30260.0,30130.0,30155.0,62,2025-05-06 07:52:00
1746517980,30155.0,30155.0,30040.0,30120.0,35,2025-05-06 07:53:00
1746518040,30120.0,30120.0,30120.0,30120.0,6,2025-05-06 07:54:00
1746518100,30120.0,30120.0,30120.0,30120.0,0,2025-05-06 07:55:00
1746518160,30120.0,30170.0,30120.0,30170.0,3,2025-05-06 07:56:00
1746518220,30170.0,30190.0,30140.0,30140.0,16,2025-05-06 07:57:00
1746518280,30130.0,30175.0,30130.0,30175.0,4,2025-05-06 07:58:00
1746518340,30175.0,30175.0,30135.0,30135.0,3,2025-05-06 07:59:00
1746518400,30135.0,30135.0,30090.0,30090.0,54,2025-05-06 08:00:00
1746518460,30090.0,30135.0,30090.0,30135.0,10,2025-05-06 08:01:00
1746518520,30080.0,30105.0,30080.0,30105.0,25,2025-05-06 08:02:00
1746518580,30105.0,30105.0,30105.0,30105.0,7,2025-05-06 08:03:00
1746518640,30105.0,30105.0,30105.0,30105.0,0,2025-05-06 08:04:00
1746518700,30105.0,30105.0,30075.0,30075.0,9,2025-05-06 08:05:00
1746518760,30075.0,30125.0,30075.0,30125.0,2,2025-05-06 08:06:00
1746518820,30125.0,30150.0,30125.0,30150.0,7,2025-05-06 08:07:00
1746518880,30150.0,30150.0,30115.0,30115.0,2,2025-05-06 08:08:00
1746518940,30115.0,30115.0,30115.0,30115.0,0,2025-05-06 08:09:00
1746519000,30115.0,30150.0,30115.0,30150.0,2,2025-05-06 08:10:00
1746519060,30150.0,30165.0,30130.0,30165.0,9,2025-05-06 08:11:00
1746519120,30165.0,30165.0,30155.0,30155.0,4,2025-05-06 08:12:00
1746519180,30155.0,30155.0,30115.0,30145.0,12,2025-05-06 08:13:00
1746519240,30145.0,30160.0,30130.0,30130.0,4,2025-05-06 08:14:00
1746519300,30130.0,30140.0,30105.0,30140.0,12,2025-05-06 08:15:00
1746519360,30140.0,30160.0,30110.0,30150.0,21,2025-05-06 08:16:00
1746519420,30150.0,30160.0,30150.0,30150.0,10,2025-05-06 08:17:00
1746519480,30130.0,30185.0,30120.0,30185.0,12,2025-05-06 08:18:00
1746519540,30185.0,30195.0,30155.0,30190.0,12,2025-05-06 08:19:00
1746519600,30190.0,30200.0,30165.0,30200.0,8,2025-05-06 08:20:00
1746519660,30200.0,30200.0,30160.0,30190.0,12,2025-05-06 08:21:00
1746519720,30190.0,30210.0,30150.0,30210.0,12,2025-05-06 08:22:00
1746519780,30210.0,30215.0,30165.0,30215.0,7,2025-05-06 08:23:00
1746519840,30215.0,30225.0,30175.0,30175.0,13,2025-05-06 08:24:00
1746519900,30175.0,30230.0,30175.0,30230.0,13,2025-05-06 08:25:00
1746519960,30195.0,30250.0,30195.0,30215.0,9,2025-05-06 08:26:00
1746520020,30225.0,30255.0,30205.0,30255.0,14,2025-05-06 08:27:00
1746520080,30215.0,30260.0,30215.0,30260.0,12,2025-05-06 08:28:00
1746520140,30260.0,30270.0,30225.0,30235.0,11,2025-05-06 08:29:00
1746520200,30235.0,30260.0,30210.0,30255.0,9,2025-05-06 08:30:00
1746520260,30255.0,30255.0,30205.0,30215.0,9,2025-05-06 08:31:00
1746520320,30215.0,30260.0,30215.0,30220.0,18,2025-05-06 08:32:00
1746520380,30220.0,30260.0,30215.0,30220.0,12,2025-05-06 08:33:00
1746520440,30220.0,30265.0,30220.0,30225.0,15,2025-05-06 08:34:00
1746520500,30210.0,30260.0,30205.0,30225.0,10,2025-05-06 08:35:00
1746520560,30225.0,30250.0,30205.0,30225.0,15,2025-05-06 08:36:00
1746520620,30225.0,30255.0,30205.0,30235.0,35,2025-05-06 08:37:00
1746520680,30235.0,30245.0,30170.0,30170.0,18,2025-05-06 08:38:00
1746520740,30170.0,30230.0,30170.0,30180.0,13,2025-05-06 08:39:00
1746520800,30170.0,30220.0,30170.0,30215.0,9,2025-05-06 08:40:00
1746520860,30215.0,30235.0,30175.0,30195.0,10,2025-05-06 08:41:00
1746520920,30195.0,30240.0,30180.0,30190.0,19,2025-05-06 08:42:00
1746520980,30190.0,30240.0,30180.0,30195.0,9,2025-05-06 08:43:00
1746521040,30195.0,30250.0,30195.0,30250.0,11,2025-05-06 08:44:00
1746521100,30250.0,30250.0,30195.0,30240.0,7,2025-05-06 08:45:00
1746521160,30240.0,30250.0,30210.0,30210.0,7,2025-05-06 08:46:00
1746521220,30210.0,30255.0,30210.0,30255.0,15,2025-05-06 08:47:00
1746521280,30255.0,30255.0,30215.0,30255.0,7,2025-05-06 08:48:00
1746521340,30255.0,30265.0,30215.0,30260.0,11,2025-05-06 08:49:00
1746521400,30260.0,30265.0,30220.0,30230.0,11,2025-05-06 08:50:00
1746521460,30230.0,30270.0,30225.0,30235.0,9,2025-05-06 08:51:00
1746521520,30235.0,30270.0,30230.0,30270.0,9,2025-05-06 08:52:00
1746521580,30270.0,30280.0,30235.0,30260.0,16,2025-05-06 08:53:00
1746521640,30260.0,30285.0,30235.0,30240.0,15,2025-05-06 08:54:00
1746521700,30240.0,30280.0,30225.0,30225.0,9,2025-05-06 08:55:00
1746521760,30220.0,30220.0,30150.0,30200.0,16,2025-05-06 08:56:00
1746521820,30200.0,30200.0,30125.0,30125.0,19,2025-05-06 08:57:00
1746521880,30135.0,30140.0,30075.0,30085.0,90,2025-05-06 08:58:00
1746521940,30085.0,30100.0,30075.0,30075.0,19,2025-05-06 08:59:00
1746522000,30075.0,30100.0,30075.0,30080.0,7,2025-05-06 09:00:00
1746522060,30080.0,30170.0,30080.0,30135.0,220,2025-05-06 09:01:00
1746522120,30125.0,30150.0,30125.0,30125.0,53,2025-05-06 09:02:00
1746522180,30160.0,30165.0,30120.0,30125.0,43,2025-05-06 09:03:00
1746522240,30125.0,30165.0,30115.0,30150.0,44,2025-05-06 09:04:00
1746522300,30165.0,30170.0,30110.0,30125.0,93,2025-05-06 09:05:00
1746522360,30160.0,30165.0,30120.0,30125.0,42,2025-05-06 09:06:00
1746522420,30150.0,30165.0,30125.0,30125.0,41,2025-05-06 09:07:00
1746522480,30120.0,30170.0,30115.0,30130.0,71,2025-05-06 09:08:00
1746522540,30170.0,30180.0,30135.0,30170.0,42,2025-05-06 09:09:00
1746522600,30175.0,30190.0,30140.0,30140.0,42,2025-05-06 09:10:00
1746522660,30140.0,30170.0,30130.0,30145.0,39,2025-05-06 09:11:00
1746522720,30145.0,30165.0,30120.0,30125.0,42,2025-05-06 09:12:00
1746522780,30165.0,30175.0,30130.0,30130.0,45,2025-05-06 09:13:00
1746522840,30170.0,30170.0,30120.0,30145.0,47,2025-05-06 09:14:00
1746522900,30145.0,30145.0,30120.0,30135.0,54,2025-05-06 09:15:00
1746522960,30135.0,30170.0,30125.0,30170.0,39,2025-05-06 09:16:00
1746523020,30170.0,30175.0,30130.0,30160.0,45,2025-05-06 09:17:00
1746523080,30160.0,30165.0,30115.0,30150.0,43,2025-05-06 09:18:00
1746523140,30175.0,30175.0,30125.0,30160.0,46,2025-05-06 09:19:00
1746523200,30140.0,30175.0,30130.0,30170.0,43,2025-05-06 09:20:00
1746523260,30170.0,30180.0,30145.0,30150.0,41,2025-05-06 09:21:00
1746523320,30150.0,30175.0,30145.0,30150.0,37,2025-05-06 09:22:00
1746523380,30150.0,30180.0,30140.0,30150.0,45,2025-05-06 09:23:00
1746523440,30150.0,30175.0,30140.0,30150.0,47,2025-05-06 09:24:00
1746523500,30150.0,30165.0,30120.0,30165.0,46,2025-05-06 09:25:00
1746523560,30165.0,30175.0,30130.0,30140.0,39,2025-05-06 09:26:00
1746523620,30140.0,30170.0,30140.0,30140.0,42,2025-05-06 09:27:00
1746523680,30180.0,30180.0,30135.0,30145.0,47,2025-05-06 09:28:00
1746523740,30170.0,30195.0,30130.0,30190.0,90,2025-05-06 09:29:00
1746523800,30190.0,30250.0,30190.0,30195.0,41,2025-05-06 09:30:00
1746523860,30195.0,30245.0,30190.0,30240.0,5,2025-05-06 09:31:00
1746523920,30240.0,30240.0,30200.0,30230.0,22,2025-05-06 09:32:00
1746523980,30230.0,30240.0,30230.0,30240.0,14,2025-05-06 09:33:00
1746524040,30270.0,30270.0,30230.0,30235.0,31,2025-05-06 09:34:00
1746524100,30235.0,30235.0,30220.0,30220.0,5,2025-05-06 09:35:00
1746524160,30220.0,30240.0,30205.0,30205.0,7,2025-05-06 09:36:00
1746524220,30230.0,30230.0,30190.0,30190.0,46,2025-05-06 09:37:00
1746524280,30190.0,30195.0,30170.0,30195.0,53,2025-05-06 09:38:00
1746524340,30180.0,30215.0,30170.0,30195.0,67,2025-05-06 09:39:00
1746524400,30195.0,30225.0,30180.0,30195.0,50,2025-05-06 09:40:00
1746524460,30170.0,30210.0,30170.0,30200.0,47,2025-05-06 09:41:00
1746524520,30185.0,30200.0,30160.0,30195.0,85,2025-05-06 09:42:00
1746524580,30200.0,30205.0,30170.0,30200.0,70,2025-05-06 09:43:00
1746524640,30190.0,30200.0,30160.0,30175.0,77,2025-05-06 09:44:00
1746524700,30170.0,30205.0,30165.0,30205.0,75,2025-05-06 09:45:00
1746524760,30190.0,30205.0,30150.0,30150.0,91,2025-05-06 09:46:00
1746524820,30205.0,30225.0,30160.0,30175.0,132,2025-05-06 09:47:00
1746524880,30175.0,30225.0,30150.0,30150.0,53,2025-05-06 09:48:00
1746524940,30150.0,30215.0,30150.0,30155.0,50,2025-05-06 09:49:00
1746525000,30185.0,30205.0,30150.0,30205.0,71,2025-05-06 09:50:00
1746525060,30150.0,30200.0,30150.0,30200.0,129,2025-05-06 09:51:00
1746525120,30200.0,30205.0,30150.0,30190.0,177,2025-05-06 09:52:00
1746525180,30155.0,30220.0,30155.0,30195.0,255,2025-05-06 09:53:00
1746525240,30165.0,30210.0,30150.0,30150.0,195,2025-05-06 09:54:00
1746525300,30150.0,30200.0,30150.0,30150.0,135,2025-05-06 09:55:00
1746525360,30150.0,30190.0,30060.0,30065.0,126,2025-05-06 09:56:00
1746525420,30050.0,30095.0,30015.0,30025.0,96,2025-05-06 09:57:00
1746525480,30025.0,30060.0,30025.0,30060.0,79,2025-05-06 09:58:00
1746525540,30060.0,30060.0,30025.0,30025.0,23,2025-05-06 09:59:00
1746589500,30105.0,30105.0,29950.0,29955.0,24,2025-05-07 03:45:00
1746589560,29955.0,29955.0,29765.0,29855.0,87,2025-05-07 03:46:00
1746589620,29910.0,29965.0,29890.0,29890.0,33,2025-05-07 03:47:00
1746589680,29890.0,29935.0,29865.0,29935.0,12,2025-05-07 03:48:00
1746589740,29905.0,29960.0,29905.0,29960.0,7,2025-05-07 03:49:00
1746589800,29960.0,29965.0,29960.0,29965.0,42,2025-05-07 03:50:00
1746589860,29965.0,29995.0,29930.0,29970.0,133,2025-05-07 03:51:00
1746589920,29925.0,29925.0,29815.0,29830.0,78,2025-05-07 03:52:00
1746589980,29820.0,29870.0,29750.0,29790.0,92,2025-05-07 03:53:00
1746590040,29790.0,29790.0,29730.0,29750.0,21,2025-05-07 03:54:00
1746590100,29750.0,29855.0,29750.0,29855.0,64,2025-05-07 03:55:00
1746590160,29855.0,29855.0,29815.0,29850.0,31,2025-05-07 03:56:00
1746590220,29850.0,29850.0,29835.0,29835.0,2,2025-05-07 03:57:00
1746590280,29835.0,29850.0,29835.0,29835.0,24,2025-05-07 03:58:00
1746590340,29835.0,29835.0,29815.0,29815.0,3,2025-05-07 03:59:00
1746590400,29815.0,29830.0,29795.0,29830.0,62,2025-05-07 04:00:00
1746590460,29830.0,29850.0,29830.0,29845.0,24,2025-05-07 04:01:00
1746590520,29845.0,29850.0,29815.0,29815.0,7,2025-05-07 04:02:00
1746590580,29815.0,29845.0,29805.0,29845.0,8,2025-05-07 04:03:00
1746590640,29825.0,29845.0,29820.0,29820.0,6,2025-05-07 04:04:00
1746590700,29820.0,29850.0,29820.0,29850.0,478,2025-05-07 04:05:00
1746590760,29850.0,29905.0,29850.0,29905.0,30,2025-05-07 04:06:00
1746590820,29905.0,29910.0,29905.0,29910.0,5,2025-05-07 04:07:00
1746590880,29910.0,29910.0,29840.0,29840.0,14,2025-05-07 04:08:00
1746590940,29840.0,29845.0,29840.0,29845.0,25,2025-05-07 04:09:00
1746591000,29805.0,29810.0,29805.0,29810.0,19,2025-05-07 04:10:00
1746591060,29810.0,29815.0,29810.0,29815.0,3,2025-05-07 04:11:00
1746591120,29815.0,29815.0,29795.0,29795.0,42,2025-05-07 04:12:00
1746591180,29780.0,29785.0,29755.0,29785.0,14,2025-05-07 04:13:00
1746591240,29760.0,29760.0,29760.0,29760.0,2,2025-05-07 04:14:00
1746591300,29760.0,29795.0,29760.0,29795.0,19,2025-05-07 04:15:00
1746591360,29795.0,29795.0,29760.0,29775.0,9,2025-05-07 04:16:00
1746591420,29755.0,29755.0,29700.0,29700.0,108,2025-05-07 04:17:00
1746591480,29700.0,29700.0,29700.0,29700.0,19,2025-05-07 04:18:00
1746591540,29700.0,29705.0,29690.0,29695.0,78,2025-05-07 04:19:00
1746591600,29695.0,29740.0,29665.0,29740.0,43,2025-05-07 04:20:00
1746591660,29740.0,29740.0,29645.0,29695.0,48,2025-05-07 04:21:00
1746591720,29695.0,29695.0,29680.0,29695.0,4,2025-05-07 04:22:00
1746591780,29680.0,29685.0,29635.0,29635.0,21,2025-05-07 04:23:00
1746591840,29635.0,29690.0,29630.0,29690.0,29,2025-05-07 04:24:00
1746591900,29690.0,29730.0,29690.0,29730.0,7,2025-05-07 04:25:00
1746591960,29730.0,29730.0,29685.0,29685.0,10,2025-05-07 04:26:00
1746592020,29685.0,29775.0,29685.0,29775.0,46,2025-05-07 04:27:00
1746592080,29775.0,29775.0,29775.0,29775.0,0,2025-05-07 04:28:00
1746592140,29775.0,29805.0,29775.0,29780.0,14,2025-05-07 04:29:00
1746592200,29780.0,29780.0,29710.0,29710.0,10,2025-05-07 04:30:00
1746592260,29710.0,29745.0,29705.0,29720.0,4,2025-05-07 04:31:00
1746592320,29720.0,29720.0,29720.0,29720.0,0,2025-05-07 04:32:00
1746592380,29720.0,29720.0,29715.0,29715.0,2,2025-05-07 04:33:00
1746592440,29715.0,29760.0,29715.0,29760.0,6,2025-05-07 04:34:00
1746592500,29760.0,29760.0,29740.0,29740.0,3,2025-05-07 04:35:00
1746592560,29740.0,29740.0,29720.0,29720.0,5,2025-05-07 04:36:00
1746592620,29720.0,29745.0,29720.0,29720.0,4,2025-05-07 04:37:00
1746592680,29720.0,29725.0,29720.0,29720.0,3,2025-05-07 04:38:00
1746592740,29720.0,29720.0,29700.0,29700.0,20,2025-05-07 04:39:00
1746592800,29700.0,29700.0,29685.0,29685.0,6,2025-05-07 04:40:00
1746592860,29685.0,29690.0,29685.0,29690.0,5,2025-05-07 04:41:00
1746592920,29690.0,29690.0,29690.0,29690.0,1,2025-05-07 04:42:00
1746592980,29690.0,29690.0,29630.0,29650.0,15,2025-05-07 04:43:00
1746593040,29650.0,29660.0,29650.0,29660.0,6,2025-05-07 04:44:00
1746593100,29660.0,29680.0,29660.0,29680.0,2,2025-05-07 04:45:00
1746593160,29680.0,29680.0,29660.0,29660.0,4,2025-05-07 04:46:00
1746593220,29660.0,29665.0,29660.0,29665.0,28,2025-05-07 04:47:00
1746593280,29665.0,29690.0,29665.0,29690.0,6,2025-05-07 04:48:00
1746593340,29690.0,29690.0,29660.0,29690.0,9,2025-05-07 04:49:00
1746593400,29690.0,29800.0,29680.0,29770.0,31,2025-05-07 04:50:00
1746593460,29795.0,29795.0,29790.0,29795.0,10,2025-05-07 04:51:00
1746593520,29795.0,29895.0,29780.0,29895.0,132,2025-05-07 04:52:00
1746593580,29895.0,29940.0,29895.0,29910.0,111,2025-05-07 04:53:00
1746593640,29910.0,29910.0,29825.0,29825.0,66,2025-05-07 04:54:00
1746593700,29825.0,29885.0,29820.0,29885.0,12,2025-05-07 04:55:00
1746593760,29885.0,29905.0,29885.0,29905.0,3,2025-05-07 04:56:00
1746593820,29905.0,29905.0,29905.0,29905.0,0,2025-05-07 04:57:00
1746593880,29895.0,29895.0,29880.0,29880.0,23,2025-05-07 04:58:00
1746593940,29880.0,29880.0,29830.0,29830.0,12,2025-05-07 04:59:00
1746594000,29830.0,29875.0,29830.0,29875.0,13,2025-05-07 05:00:00
1746594060,29875.0,29875.0,29850.0,29850.0,3,2025-05-07 05:01:00
1746594120,29850.0,29880.0,29840.0,29855.0,20,2025-05-07 05:02:00
1746594180,29855.0,29900.0,29855.0,29900.0,14,2025-05-07 05:03:00
1746594240,29900.0,29900.0,29900.0,29900.0,1,2025-05-07 05:04:00
1746594300,29885.0,29885.0,29850.0,29850.0,13,2025-05-07 05:05:00
1746594360,29850.0,29850.0,29850.0,29850.0,1,2025-05-07 05:06:00
1746594420,29850.0,29850.0,29850.0,29850.0,0,2025-05-07 05:07:00
1746594480,29850.0,29850.0,29830.0,29830.0,13,2025-05-07 05:08:00
1746594540,29830.0,29870.0,29830.0,29850.0,4,2025-05-07 05:09:00
1746594600,29850.0,29875.0,29835.0,29875.0,9,2025-05-07 05:10:00
1746594660,29875.0,29875.0,29845.0,29845.0,4,2025-05-07 05:11:00
1746594720,29845.0,29875.0,29845.0,29875.0,3,2025-05-07 05:12:00
1746594780,29880.0,29880.0,29845.0,29880.0,10,2025-05-07 05:13:00
1746594840,29880.0,29880.0,29850.0,29850.0,1,2025-05-07 05:14:00
1746594900,29850.0,29850.0,29850.0,29850.0,0,2025-05-07 05:15:00
1746594960,29850.0,29850.0,29830.0,29830.0,8,2025-05-07 05:16:00
1746595020,29830.0,29885.0,29830.0,29885.0,2,2025-05-07 05:17:00
1746595080,29885.0,29885.0,29815.0,29815.0,29,2025-05-07 05:18:00
1746595140,29815.0,29875.0,29815.0,29875.0,25,2025-05-07 05:19:00
1746595200,29875.0,29890.0,29855.0,29855.0,6,2025-05-07 05:20:00
1746595260,29855.0,29855.0,29840.0,29840.0,8,2025-05-07 05:21:00
1746595320,29840.0,29840.0,29700.0,29710.0,220,2025-05-07 05:22:00
1746595380,29710.0,29830.0,29710.0,29830.0,104,2025-05-07 05:23:00
1746595440,29805.0,29825.0,29805.0,29825.0,44,2025-05-07 05:24:00
1746595500,29825.0,29825.0,29825.0,29825.0,0,2025-05-07 05:25:00
1746595560,29825.0,29825.0,29790.0,29790.0,6,2025-05-07 05:26:00
1746595620,29790.0,29800.0,29790.0,29800.0,44,2025-05-07 05:27:00
1746595680,29800.0,29830.0,29800.0,29800.0,16,2025-05-07 05:28:00
1746595740,29800.0,29800.0,29800.0,29800.0,0,2025-05-07 05:29:00
1746595800,29800.0,29815.0,29800.0,29815.0,1,2025-05-07 05:30:00
1746595860,29815.0,29820.0,29810.0,29810.0,23,2025-05-07 05:31:00
1746595920,29810.0,29810.0,29810.0,29810.0,0,2025-05-07 05:32:00
1746595980,29810.0,29810.0,29810.0,29810.0,0,2025-05-07 05:33:00
1746596040,29810.0,29810.0,29810.0,29810.0,0,2025-05-07 05:34:00
1746596100,29810.0,29810.0,29810.0,29810.0,0,2025-05-07 05:35:00
1746596160,29820.0,29820.0,29775.0,29775.0,35,2025-05-07 05:36:00
1746596220,29755.0,29755.0,29650.0,29695.0,87,2025-05-07 05:37:00
1746596280,29685.0,29745.0,29685.0,29700.0,10,2025-05-07 05:38:00
1746596340,29700.0,29735.0,29700.0,29735.0,5,2025-05-07 05:39:00
1746596400,29735.0,29735.0,29735.0,29735.0,0,2025-05-07 05:40:00
1746596460,29735.0,29745.0,29710.0,29740.0,3,2025-05-07 05:41:00
1746596520,29740.0,29790.0,29740.0,29785.0,25,2025-05-07 05:42:00
1746596580,29785.0,29795.0,29755.0,29795.0,7,2025-05-07 05:43:00
1746596640,29795.0,29800.0,29760.0,29790.0,31,2025-05-07 05:44:00
1746596700,29790.0,29795.0,29755.0,29790.0,17,2025-05-07 05:45:00
1746596760,29795.0,29795.0,29755.0,29795.0,37,2025-05-07 05:46:00
1746596820,29800.0,29800.0,29800.0,29800.0,2,2025-05-07 05:47:00
1746596880,29800.0,29800.0,29770.0,29770.0,7,2025-05-07 05:48:00
1746596940,29770.0,29795.0,29770.0,29795.0,6,2025-05-07 05:49:00
1746597000,29795.0,29795.0,29795.0,29795.0,1,2025-05-07 05:50:00
1746597060,29795.0,29800.0,29770.0,29770.0,9,2025-05-07 05:51:00
1746597120,29770.0,29800.0,29770.0,29800.0,2,2025-05-07 05:52:00
1746597180,29795.0,29800.0,29770.0,29775.0,17,2025-05-07 05:53:00
1746597240,29790.0,29790.0,29775.0,29775.0,13,2025-05-07 05:54:00
1746597300,29775.0,29800.0,29770.0,29770.0,10,2025-05-07 05:55:00
1746597360,29770.0,29770.0,29770.0,29770.0,0,2025-05-07 05:56:00
1746597420,29770.0,29800.0,29770.0,29800.0,10,2025-05-07 05:57:00
1746597480,29800.0,29805.0,29800.0,29805.0,1,2025-05-07 05:58:00
1746597540,29820.0,29820.0,29810.0,29815.0,221,2025-05-07 05:59:00
1746597600,29815.0,29815.0,29800.0,29800.0,45,2025-05-07 06:00:00
1746597660,29800.0,29825.0,29800.0,29800.0,10,2025-05-07 06:01:00
1746597720,29820.0,29830.0,29800.0,29830.0,7,2025-05-07 06:02:00
1746597780,29800.0,29800.0,29790.0,29790.0,19,2025-05-07 06:03:00
1746597840,29790.0,29800.0,29790.0,29800.0,31,2025-05-07 06:04:00
1746597900,29800.0,29820.0,29800.0,29800.0,34,2025-05-07 06:05:00
1746597960,29800.0,29810.0,29800.0,29800.0,86,2025-05-07 06:06:00
1746598020,29800.0,29820.0,29800.0,29800.0,23,2025-05-07 06:07:00
1746598080,29800.0,29800.0,29795.0,29800.0,20,2025-05-07 06:08:00
1746598140,29800.0,29800.0,29780.0,29790.0,8,2025-05-07 06:09:00
1746598200,29790.0,29800.0,29790.0,29800.0,6,2025-05-07 06:10:00
1746598260,29800.0,29805.0,29800.0,29805.0,123,2025-05-07 06:11:00
1746598320,29800.0,29800.0,29790.0,29800.0,18,2025-05-07 06:12:00
1746598380,29800.0,29825.0,29800.0,29800.0,32,2025-05-07 06:13:00
1746598440,29800.0,29800.0,29765.0,29765.0,25,2025-05-07 06:14:00
1746598500,29800.0,29825.0,29800.0,29800.0,50,2025-05-07 06:15:00
1746598560,29800.0,29830.0,29800.0,29805.0,223,2025-05-07 06:16:00
1746598620,29800.0,29810.0,29800.0,29800.0,151,2025-05-07 06:17:00
1746598680,29800.0,29805.0,29790.0,29790.0,6,2025-05-07 06:18:00
1746598740,29790.0,29795.0,29770.0,29790.0,5,2025-05-07 06:19:00
1746598800,29790.0,29795.0,29790.0,29790.0,4,2025-05-07 06:20:00
1746598860,29790.0,29800.0,29790.0,29800.0,6,2025-05-07 06:21:00
1746598920,29790.0,29800.0,29770.0,29795.0,8,2025-05-07 06:22:00
1746598980,29795.0,29800.0,29745.0,29745.0,18,2025-05-07 06:23:00
1746599040,29765.0,29795.0,29765.0,29795.0,4,2025-05-07 06:24:00
1746599100,29795.0,29795.0,29790.0,29790.0,3,2025-05-07 06:25:00
1746599160,29790.0,29795.0,29790.0,29790.0,8,2025-05-07 06:26:00
1746599220,29790.0,29795.0,29790.0,29795.0,4,2025-05-07 06:27:00
1746599280,29795.0,29800.0,29795.0,29795.0,3,2025-05-07 06:28:00
1746599340,29795.0,29800.0,29770.0,29800.0,6,2025-05-07 06:29:00
1746599400,29800.0,29800.0,29775.0,29795.0,5,2025-05-07 06:30:00
1746599460,29795.0,29795.0,29775.0,29795.0,6,2025-05-07 06:31:00
1746599520,29795.0,29800.0,29795.0,29800.0,3,2025-05-07 06:32:00
1746599580,29800.0,29800.0,29765.0,29795.0,11,2025-05-07 06:33:00
1746599640,29795.0,29800.0,29775.0,29800.0,8,2025-05-07 06:34:00
1746599700,29800.0,29800.0,29800.0,29800.0,5,2025-05-07 06:35:00
1746599760,29800.0,29800.0,29795.0,29795.0,6,2025-05-07 06:36:00
1746599820,29800.0,29800.0,29800.0,29800.0,4,2025-05-07 06:37:00
1746599880,29800.0,29800.0,29800.0,29800.0,3,2025-05-07 06:38:00
1746599940,29800.0,29800.0,29800.0,29800.0,10,2025-05-07 06:39:00
1746600000,29800.0,29800.0,29765.0,29770.0,17,2025-05-07 06:40:00
1746600060,29770.0,29775.0,29750.0,29750.0,6,2025-05-07 06:41:00
1746600120,29750.0,29770.0,29750.0,29770.0,5,2025-05-07 06:42:00
1746600180,29770.0,29770.0,29725.0,29755.0,26,2025-05-07 06:43:00
1746600240,29755.0,29770.0,29755.0,29770.0,8,2025-05-07 06:44:00
1746600300,29770.0,29780.0,29770.0,29780.0,23,2025-05-07 06:45:00
1746600360,29785.0,29785.0,29770.0,29780.0,5,2025-05-07 06:46:00
1746600420,29780.0,29795.0,29780.0,29795.0,4,2025-05-07 06:47:00
1746600480,29800.0,29800.0,29770.0,29795.0,8,2025-05-07 06:48:00
1746600540,29795.0,29800.0,29770.0,29770.0,10,2025-05-07 06:49:00
1746600600,29770.0,29795.0,29770.0,29795.0,6,2025-05-07 06:50:00
1746600660,29795.0,29800.0,29780.0,29795.0,7,2025-05-07 06:51:00
1746600720,29795.0,29800.0,29795.0,29800.0,7,2025-05-07 06:52:00
1746600780,29800.0,29800.0,29800.0,29800.0,15,2025-05-07 06:53:00
1746600840,29780.0,29800.0,29780.0,29800.0,12,2025-05-07 06:54:00
1746600900,29800.0,29800.0,29770.0,29795.0,8,2025-05-07 06:55:00
1746600960,29755.0,29800.0,29755.0,29800.0,26,2025-05-07 06:56:00
1746601020,29800.0,29800.0,29770.0,29800.0,7,2025-05-07 06:57:00
1746601080,29800.0,29820.0,29800.0,29800.0,402,2025-05-07 06:58:00
1746601140,29800.0,29920.0,29795.0,29920.0,1480,2025-05-07 06:59:00
1746601200,29915.0,29980.0,29915.0,29970.0,55,2025-05-07 07:00:00
1746601260,29990.0,29990.0,29950.0,29990.0,4,2025-05-07 07:01:00
1746601320,29990.0,29990.0,29970.0,29970.0,5,2025-05-07 07:02:00
1746601380,29970.0,30050.0,29970.0,30020.0,53,2025-05-07 07:03:00
1746601440,30020.0,30020.0,30020.0,30020.0,10,2025-05-07 07:04:00
1746601500,30030.0,30035.0,30030.0,30030.0,4,2025-05-07 07:05:00
1746601560,30030.0,30035.0,30030.0,30035.0,7,2025-05-07 07:06:00
1746601620,30035.0,30035.0,30035.0,30035.0,2,2025-05-07 07:07:00
1746601680,30035.0,30090.0,30035.0,30055.0,16,2025-05-07 07:08:00
1746601740,30055.0,30055.0,30000.0,30000.0,16,2025-05-07 07:09:00
1746601800,30000.0,30000.0,29970.0,29970.0,11,2025-05-07 07:10:00
1746601860,29970.0,29970.0,29970.0,29970.0,1,2025-05-07 07:11:00
1746601920,29970.0,29995.0,29970.0,29995.0,7,2025-05-07 07:12:00
1746601980,29995.0,29995.0,29995.0,29995.0,0,2025-05-07 07:13:00
1746602040,30035.0,30035.0,30035.0,30035.0,3,2025-05-07 07:14:00
1746602100,30035.0,30035.0,30035.0,30035.0,3,2025-05-07 07:15:00
1746602160,30035.0,30295.0,30035.0,30295.0,110,2025-05-07 07:16:00
1746602220,30255.0,30295.0,30185.0,30200.0,89,2025-05-07 07:17:00
1746602280,30215.0,30215.0,30190.0,30200.0,43,2025-05-07 07:18:00
1746602340,30205.0,30210.0,30205.0,30210.0,3,2025-05-07 07:19:00
1746602400,30215.0,30265.0,30215.0,30230.0,15,2025-05-07 07:20:00
1746602460,30230.0,30350.0,30230.0,30300.0,172,2025-05-07 07:21:00
1746602520,30290.0,30340.0,30260.0,30300.0,27,2025-05-07 07:22:00
1746602580,30300.0,30340.0,30300.0,30340.0,10,2025-05-07 07:23:00
1746602640,30340.0,30340.0,30300.0,30305.0,8,2025-05-07 07:24:00
1746602700,30305.0,30335.0,30285.0,30285.0,5,2025-05-07 07:25:00
1746602760,30285.0,30290.0,30285.0,30290.0,3,2025-05-07 07:26:00
1746602820,30290.0,30290.0,30260.0,30260.0,7,2025-05-07 07:27:00
1746602880,30260.0,30260.0,30220.0,30220.0,4,2025-05-07 07:28:00
1746602940,30220.0,30220.0,30220.0,30220.0,8,2025-05-07 07:29:00
1746603000,30220.0,30220.0,30215.0,30215.0,5,2025-05-07 07:30:00
1746603060,30215.0,30215.0,30210.0,30210.0,10,2025-05-07 07:31:00
1746603120,30210.0,30215.0,30210.0,30210.0,3,2025-05-07 07:32:00
1746603180,30240.0,30240.0,30215.0,30220.0,14,2025-05-07 07:33:00
1746603240,30220.0,30220.0,30210.0,30210.0,4,2025-05-07 07:34:00
1746603300,30210.0,30210.0,30205.0,30205.0,6,2025-05-07 07:35:00
1746603360,30205.0,30210.0,30205.0,30210.0,3,2025-05-07 07:36:00
1746603420,30210.0,30210.0,30205.0,30205.0,5,2025-05-07 07:37:00
1746603480,30205.0,30205.0,30205.0,30205.0,4,2025-05-07 07:38:00
1746603540,30205.0,30205.0,30160.0,30185.0,22,2025-05-07 07:39:00
1746603600,30200.0,30200.0,30185.0,30185.0,5,2025-05-07 07:40:00
1746603660,30185.0,30215.0,30185.0,30215.0,4,2025-05-07 07:41:00
1746603720,30200.0,30200.0,30200.0,30200.0,6,2025-05-07 07:42:00
1746603780,30200.0,30200.0,30200.0,30200.0,7,2025-05-07 07:43:00
1746603840,30200.0,30200.0,30200.0,30200.0,5,2025-05-07 07:44:00
1746603900,30200.0,30200.0,30200.0,30200.0,7,2025-05-07 07:45:00
1746603960,30200.0,30200.0,30200.0,30200.0,5,2025-05-07 07:46:00
1746604020,30200.0,30215.0,30165.0,30165.0,9,2025-05-07 07:47:00
1746604080,30165.0,30200.0,30165.0,30200.0,22,2025-05-07 07:48:00
1746604140,30220.0,30220.0,30200.0,30200.0,16,2025-05-07 07:49:00
1746604200,30200.0,30210.0,30200.0,30200.0,6,2025-05-07 07:50:00
1746604260,30200.0,30205.0,30200.0,30205.0,5,2025-05-07 07:51:00
1746604320,30205.0,30205.0,30200.0,30200.0,5,2025-05-07 07:52:00
1746604380,30200.0,30220.0,30200.0,30220.0,9,2025-05-07 07:53:00
1746604440,30220.0,30220.0,30200.0,30200.0,8,2025-05-07 07:54:00
1746604500,30200.0,30200.0,30200.0,30200.0,7,2025-05-07 07:55:00
1746604560,30225.0,30225.0,30225.0,30225.0,33,2025-05-07 07:56:00
1746604620,30225.0,30225.0,30200.0,30200.0,6,2025-05-07 07:57:00
1746604680,30200.0,30210.0,30200.0,30200.0,5,2025-05-07 07:58:00
1746604740,30200.0,30200.0,30200.0,30200.0,4,2025-05-07 07:59:00
1746604800,30200.0,30205.0,30200.0,30200.0,4,2025-05-07 08:00:00
1746604860,30200.0,30200.0,30200.0,30200.0,5,2025-05-07 08:01:00
1746604920,30200.0,30200.0,30200.0,30200.0,4,2025-05-07 08:02:00
1746604980,30200.0,30230.0,30200.0,30205.0,19,2025-05-07 08:03:00
1746605040,30205.0,30205.0,30200.0,30200.0,4,2025-05-07 08:04:00
1746605100,30200.0,30200.0,30200.0,30200.0,4,2025-05-07 08:05:00
1746605160,30200.0,30200.0,30200.0,30200.0,7,2025-05-07 08:06:00
1746605220,30205.0,30205.0,30200.0,30200.0,4,2025-05-07 08:07:00
1746605280,30200.0,30240.0,30200.0,30200.0,14,2025-05-07 08:08:00
1746605340,30250.0,30250.0,30230.0,30230.0,11,2025-05-07 08:09:00
1746605400,30210.0,30230.0,30210.0,30210.0,6,2025-05-07 08:10:00
1746605460,30210.0,30210.0,30205.0,30205.0,9,2025-05-07 08:11:00
1746605520,30205.0,30205.0,30200.0,30200.0,4,2025-05-07 08:12:00
1746605580,30200.0,30255.0,30200.0,30255.0,12,2025-05-07 08:13:00
1746605640,30255.0,30255.0,30210.0,30210.0,5,2025-05-07 08:14:00
1746605700,30220.0,30220.0,30210.0,30210.0,4,2025-05-07 08:15:00
1746605760,30210.0,30210.0,30205.0,30205.0,3,2025-05-07 08:16:00
1746605820,30205.0,30205.0,30200.0,30205.0,11,2025-05-07 08:17:00
1746605880,30205.0,30205.0,30200.0,30200.0,2,2025-05-07 08:18:00
1746605940,30200.0,30205.0,30200.0,30205.0,1,2025-05-07 08:19:00
1746606000,30205.0,30210.0,30200.0,30210.0,3,2025-05-07 08:20:00
1746606060,30210.0,30210.0,30210.0,30210.0,3,2025-05-07 08:21:00
1746606120,30210.0,30210.0,30210.0,30210.0,2,2025-05-07 08:22:00
1746606180,30210.0,30210.0,30210.0,30210.0,2,2025-05-07 08:23:00
1746606240,30210.0,30210.0,30210.0,30210.0,1,2025-05-07 08:24:00
1746606300,30210.0,30210.0,30210.0,30210.0,6,2025-05-07 08:25:00
1746606360,30210.0,30240.0,30210.0,30210.0,4,2025-05-07 08:26:00
1746606420,30210.0,30270.0,30210.0,30270.0,19,2025-05-07 08:27:00
1746606480,30270.0,30270.0,30255.0,30255.0,2,2025-05-07 08:28:00
1746606540,30255.0,30300.0,30255.0,30270.0,34,2025-05-07 08:29:00
1746606600,30270.0,30300.0,30270.0,30300.0,1,2025-05-07 08:30:00
1746606660,30300.0,30325.0,30300.0,30325.0,30,2025-05-07 08:31:00
1746606720,30325.0,30325.0,30325.0,30325.0,3,2025-05-07 08:32:00
1746606780,30325.0,30325.0,30325.0,30325.0,0,2025-05-07 08:33:00
1746606840,30305.0,30325.0,30305.0,30325.0,6,2025-05-07 08:34:00
1746606900,30325.0,30325.0,30305.0,30305.0,42,2025-05-07 08:35:00
1746606960,30305.0,30315.0,30305.0,30315.0,1,2025-05-07 08:36:00
1746607020,30315.0,30315.0,30315.0,30315.0,1,2025-05-07 08:37:00
1746607080,30315.0,30315.0,30315.0,30315.0,1,2025-05-07 08:38:00
1746607140,30315.0,30315.0,30315.0,30315.0,2,2025-05-07 08:39:00
1746607200,30315.0,30400.0,30315.0,30365.0,53,2025-05-07 08:40:00
1746607260,30365.0,30380.0,30365.0,30380.0,2,2025-05-07 08:41:00
1746607320,30380.0,30380.0,30370.0,30370.0,6,2025-05-07 08:42:00
1746607380,30370.0,30370.0,30345.0,30370.0,7,2025-05-07 08:43:00
1746607440,30370.0,30370.0,30305.0,30315.0,40,2025-05-07 08:44:00
1746607500,30315.0,30360.0,30315.0,30355.0,7,2025-05-07 08:45:00
1746607560,30355.0,30370.0,30335.0,30340.0,7,2025-05-07 08:46:00
1746607620,30340.0,30365.0,30335.0,30335.0,6,2025-05-07 08:47:00
1746607680,30335.0,30365.0,30330.0,30335.0,11,2025-05-07 08:48:00
1746607740,30335.0,30365.0,30305.0,30305.0,18,2025-05-07 08:49:00
1746607800,30305.0,30335.0,30300.0,30300.0,5,2025-05-07 08:50:00
1746607860,30330.0,30360.0,30300.0,30305.0,41,2025-05-07 08:51:00
1746607920,30305.0,30315.0,30275.0,30315.0,7,2025-05-07 08:52:00
1746607980,30315.0,30320.0,30280.0,30315.0,6,2025-05-07 08:53:00
1746608040,30315.0,30315.0,30260.0,30300.0,15,2025-05-07 08:54:00
1746608100,30260.0,30260.0,30200.0,30200.0,136,2025-05-07 08:55:00
1746608160,30200.0,30300.0,30200.0,30300.0,263,2025-05-07 08:56:00
1746608220,30300.0,30360.0,30255.0,30360.0,30,2025-05-07 08:57:00
1746608280,30360.0,30380.0,30360.0,30375.0,18,2025-05-07 08:58:00
1746608340,30375.0,30375.0,30330.0,30335.0,10,2025-05-07 08:59:00
1746608400,30335.0,30370.0,30335.0,30340.0,6,2025-05-07 09:00:00
1746608460,30340.0,30380.0,30340.0,30355.0,15,2025-05-07 09:01:00
1746608520,30355.0,30400.0,30355.0,30360.0,14,2025-05-07 09:02:00
1746608580,30360.0,30390.0,30360.0,30360.0,7,2025-05-07 09:03:00
1746608640,30390.0,30390.0,30360.0,30360.0,5,2025-05-07 09:04:00
1746608700,30390.0,30390.0,30365.0,30365.0,7,2025-05-07 09:05:00
1746608760,30395.0,30395.0,30365.0,30365.0,6,2025-05-07 09:06:00
1746608820,30365.0,30385.0,30350.0,30385.0,11,2025-05-07 09:07:00
1746608880,30385.0,30395.0,30350.0,30395.0,6,2025-05-07 09:08:00
1746608940,30395.0,30395.0,30355.0,30395.0,8,2025-05-07 09:09:00
1746609000,30395.0,30395.0,30360.0,30375.0,5,2025-05-07 09:10:00
1746609060,30375.0,30375.0,30340.0,30340.0,9,2025-05-07 09:11:00
1746609120,30340.0,30360.0,30335.0,30360.0,9,2025-05-07 09:12:00
1746609180,30345.0,30375.0,30345.0,30375.0,9,2025-05-07 09:13:00
1746609240,30375.0,30555.0,30340.0,30555.0,206,2025-05-07 09:14:00
1746609300,30555.0,30585.0,30530.0,30530.0,43,2025-05-07 09:15:00
1746609360,30570.0,30580.0,30520.0,30520.0,10,2025-05-07 09:16:00
1746609420,30535.0,30550.0,30450.0,30505.0,409,2025-05-07 09:17:00
1746609480,30505.0,30530.0,30500.0,30530.0,249,2025-05-07 09:18:00
1746609540,30510.0,30530.0,30510.0,30530.0,11,2025-05-07 09:19:00
1746609600,30525.0,30525.0,30520.0,30520.0,6,2025-05-07 09:20:00
1746609660,30520.0,30520.0,30515.0,30515.0,12,2025-05-07 09:21:00
1746609720,30515.0,30515.0,30515.0,30515.0,4,2025-05-07 09:22:00
1746609780,30515.0,30520.0,30515.0,30520.0,6,2025-05-07 09:23:00
1746609840,30520.0,30520.0,30510.0,30510.0,6,2025-05-07 09:24:00
1746609900,30510.0,30520.0,30505.0,30520.0,6,2025-05-07 09:25:00
1746609960,30520.0,30520.0,30515.0,30520.0,5,2025-05-07 09:26:00
1746610020,30520.0,30520.0,30500.0,30500.0,15,2025-05-07 09:27:00
1746610080,30500.0,30500.0,30445.0,30450.0,17,2025-05-07 09:28:00
1746610140,30450.0,30450.0,30405.0,30420.0,99,2025-05-07 09:29:00
1746610200,30410.0,30415.0,30410.0,30415.0,28,2025-05-07 09:30:00
1746610260,30415.0,30445.0,30400.0,30445.0,54,2025-05-07 09:31:00
1746610320,30445.0,30450.0,30440.0,30440.0,10,2025-05-07 09:32:00
1746610380,30440.0,30440.0,30415.0,30440.0,7,2025-05-07 09:33:00
1746610440,30440.0,30460.0,30440.0,30460.0,6,2025-05-07 09:34:00
1746610500,30460.0,30465.0,30460.0,30465.0,5,2025-05-07 09:35:00
1746610560,30465.0,30465.0,30420.0,30420.0,15,2025-05-07 09:36:00
1746610620,30420.0,30535.0,30410.0,30415.0,222,2025-05-07 09:37:00
1746610680,30415.0,30450.0,30415.0,30415.0,4,2025-05-07 09:38:00
1746610740,30405.0,30445.0,30405.0,30405.0,22,2025-05-07 09:39:00
1746610800,30405.0,30405.0,30315.0,30315.0,30,2025-05-07 09:40:00
1746610860,30315.0,30345.0,30315.0,30330.0,7,2025-05-07 09:41:00
1746610920,30310.0,30335.0,30300.0,30310.0,9,2025-05-07 09:42:00
1746610980,30310.0,30310.0,30275.0,30275.0,6,2025-05-07 09:43:00
1746611040,30295.0,30370.0,30295.0,30315.0,20,2025-05-07 09:44:00
1746611100,30305.0,30335.0,30305.0,30335.0,10,2025-05-07 09:45:00
1746611160,30335.0,30360.0,30290.0,30340.0,48,2025-05-07 09:46:00
1746611220,30335.0,30335.0,30280.0,30325.0,11,2025-05-07 09:47:00
1746611280,30285.0,30320.0,30285.0,30315.0,13,2025-05-07 09:48:00
1746611340,30315.0,30315.0,30265.0,30310.0,11,2025-05-07 09:49:00
1746611400,30300.0,30335.0,30165.0,30165.0,135,2025-05-07 09:50:00
1746611460,30165.0,30200.0,30165.0,30200.0,33,2025-05-07 09:51:00
1746611520,30200.0,30200.0,30195.0,30195.0,4,2025-05-07 09:52:00
1746611580,30190.0,30215.0,30175.0,30215.0,42,2025-05-07 09:53:00
1746611640,30215.0,30265.0,30185.0,30260.0,28,2025-05-07 09:54:00
1746611700,30260.0,30285.0,30130.0,30280.0,15,2025-05-07 09:55:00
1746611760,30280.0,30280.0,30175.0,30180.0,33,2025-05-07 09:56:00
1746611820,30215.0,30280.0,30180.0,30180.0,24,2025-05-07 09:57:00
1746611880,30180.0,30210.0,30125.0,30180.0,10,2025-05-07 09:58:00
1746611940,30180.0,30180.0,30140.0,30170.0,26,2025-05-07 09:59:00
1746675900,30050.0,30525.0,30050.0,30480.0,51,2025-05-08 03:45:00
1746675960,30440.0,30480.0,30300.0,30300.0,20,2025-05-08 03:46:00
1746676020,30300.0,30300.0,30280.0,30280.0,1,2025-05-08 03:47:00
1746676080,30280.0,30280.0,30195.0,30205.0,22,2025-05-08 03:48:00
1746676140,30205.0,30270.0,30205.0,30260.0,42,2025-05-08 03:49:00
1746676200,30260.0,30270.0,30240.0,30270.0,9,2025-05-08 03:50:00
1746676260,30215.0,30290.0,30215.0,30290.0,32,2025-05-08 03:51:00
1746676320,30290.0,30295.0,30235.0,30295.0,14,2025-05-08 03:52:00
1746676380,30295.0,30320.0,30295.0,30315.0,12,2025-05-08 03:53:00
1746676440,30315.0,30315.0,30305.0,30305.0,1,2025-05-08 03:54:00
1746676500,30305.0,30305.0,30275.0,30300.0,3,2025-05-08 03:55:00
1746676560,30300.0,30300.0,30260.0,30265.0,8,2025-05-08 03:56:00
1746676620,30265.0,30265.0,30215.0,30265.0,4,2025-05-08 03:57:00
1746676680,30265.0,30265.0,30265.0,30265.0,0,2025-05-08 03:58:00
1746676740,30265.0,30265.0,30230.0,30230.0,6,2025-05-08 03:59:00
1746676800,30230.0,30250.0,30230.0,30230.0,4,2025-05-08 04:00:00
1746676860,30230.0,30240.0,30230.0,30235.0,6,2025-05-08 04:01:00
1746676920,30235.0,30260.0,30230.0,30230.0,56,2025-05-08 04:02:00
1746676980,30230.0,30235.0,30230.0,30235.0,4,2025-05-08 04:03:00
1746677040,30235.0,30250.0,30235.0,30250.0,1,2025-05-08 04:04:00
1746677100,30250.0,30250.0,30235.0,30240.0,11,2025-05-08 04:05:00
1746677160,30240.0,30240.0,30235.0,30240.0,5,2025-05-08 04:06:00
1746677220,30240.0,30240.0,30205.0,30205.0,6,2025-05-08 04:07:00
1746677280,30205.0,30240.0,30205.0,30235.0,15,2025-05-08 04:08:00
1746677340,30235.0,30235.0,30235.0,30235.0,5,2025-05-08 04:09:00
1746677400,30235.0,30255.0,30235.0,30255.0,11,2025-05-08 04:10:00
1746677460,30255.0,30255.0,30160.0,30160.0,24,2025-05-08 04:11:00
1746677520,30160.0,30160.0,30130.0,30130.0,12,2025-05-08 04:12:00
1746677580,30130.0,30155.0,30130.0,30155.0,9,2025-05-08 04:13:00
1746677640,30155.0,30160.0,30140.0,30160.0,2,2025-05-08 04:14:00
1746677700,30150.0,30160.0,30150.0,30160.0,8,2025-05-08 04:15:00
1746677760,30160.0,30160.0,30160.0,30160.0,2,2025-05-08 04:16:00
1746677820,30155.0,30155.0,30150.0,30150.0,14,2025-05-08 04:17:00
1746677880,30150.0,30150.0,30100.0,30105.0,17,2025-05-08 04:18:00
1746677940,30105.0,30105.0,30050.0,30050.0,42,2025-05-08 04:19:00
1746678000,30050.0,30120.0,30050.0,30120.0,33,2025-05-08 04:20:00
1746678060,30120.0,30120.0,30095.0,30100.0,15,2025-05-08 04:21:00
1746678120,30100.0,30100.0,30100.0,30100.0,0,2025-05-08 04:22:00
1746678180,30100.0,30100.0,30095.0,30100.0,6,2025-05-08 04:23:00
1746678240,30100.0,30100.0,30100.0,30100.0,1,2025-05-08 04:24:00
1746678300,30100.0,30125.0,30100.0,30125.0,3,2025-05-08 04:25:00
1746678360,30150.0,30150.0,30105.0,30105.0,11,2025-05-08 04:26:00
1746678420,30105.0,30145.0,30105.0,30110.0,5,2025-05-08 04:27:00
1746678480,30110.0,30115.0,30105.0,30105.0,4,2025-05-08 04:28:00
1746678540,30105.0,30105.0,30105.0,30105.0,0,2025-05-08 04:29:00
1746678600,30105.0,30105.0,30095.0,30095.0,5,2025-05-08 04:30:00
1746678660,30065.0,30095.0,30050.0,30050.0,45,2025-05-08 04:31:00
1746678720,30085.0,30175.0,30080.0,30140.0,48,2025-05-08 04:32:00
1746678780,30140.0,30175.0,30120.0,30120.0,5,2025-05-08 04:33:00
1746678840,30120.0,30165.0,30095.0,30105.0,31,2025-05-08 04:34:00
1746678900,30080.0,30125.0,30070.0,30070.0,15,2025-05-08 04:35:00
1746678960,30070.0,30115.0,30060.0,30060.0,5,2025-05-08 04:36:00
1746679020,30095.0,30095.0,30005.0,30090.0,68,2025-05-08 04:37:00
1746679080,30090.0,30090.0,30035.0,30080.0,6,2025-05-08 04:38:00
1746679140,30080.0,30080.0,30045.0,30065.0,3,2025-05-08 04:39:00
1746679200,30065.0,30075.0,30045.0,30050.0,8,2025-05-08 04:40:00
1746679260,30050.0,30060.0,30040.0,30060.0,6,2025-05-08 04:41:00
1746679320,30060.0,30060.0,30020.0,30040.0,18,2025-05-08 04:42:00
1746679380,30040.0,30050.0,30015.0,30015.0,4,2025-05-08 04:43:00
1746679440,30015.0,30115.0,30005.0,30115.0,95,2025-05-08 04:44:00
1746679500,30115.0,30115.0,30055.0,30055.0,3,2025-05-08 04:45:00
1746679560,30055.0,30075.0,30045.0,30075.0,23,2025-05-08 04:46:00
1746679620,30090.0,30090.0,30060.0,30090.0,6,2025-05-08 04:47:00
1746679680,30090.0,30090.0,30045.0,30070.0,4,2025-05-08 04:48:00
1746679740,30070.0,30075.0,30045.0,30075.0,3,2025-05-08 04:49:00
1746679800,30075.0,30075.0,30050.0,30050.0,4,2025-05-08 04:50:00
1746679860,30075.0,30400.0,30075.0,30230.0,399,2025-05-08 04:51:00
1746679920,30265.0,30305.0,30170.0,30170.0,185,2025-05-08 04:52:00
1746679980,30155.0,30205.0,30150.0,30150.0,80,2025-05-08 04:53:00
1746680040,30150.0,30190.0,30135.0,30190.0,30,2025-05-08 04:54:00
1746680100,30185.0,30190.0,30150.0,30180.0,28,2025-05-08 04:55:00
1746680160,30180.0,30180.0,30140.0,30150.0,9,2025-05-08 04:56:00
1746680220,30150.0,30160.0,30115.0,30160.0,38,2025-05-08 04:57:00
1746680280,30160.0,30160.0,30115.0,30145.0,7,2025-05-08 04:58:00
1746680340,30145.0,30165.0,30130.0,30165.0,12,2025-05-08 04:59:00
1746680400,30165.0,30165.0,30135.0,30135.0,5,2025-05-08 05:00:00
1746680460,30135.0,30150.0,30115.0,30115.0,5,2025-05-08 05:01:00
1746680520,30115.0,30160.0,30055.0,30160.0,130,2025-05-08 05:02:00
1746680580,30160.0,30160.0,30055.0,30095.0,27,2025-05-08 05:03:00
1746680640,30095.0,30100.0,30095.0,30100.0,15,2025-05-08 05:04:00
1746680700,30100.0,30100.0,30095.0,30095.0,20,2025-05-08 05:05:00
1746680760,30095.0,30095.0,30070.0,30095.0,4,2025-05-08 05:06:00
1746680820,30090.0,30095.0,30060.0,30095.0,13,2025-05-08 05:07:00
1746680880,30095.0,30100.0,30070.0,30100.0,13,2025-05-08 05:08:00
1746680940,30100.0,30100.0,30075.0,30100.0,2,2025-05-08 05:09:00
1746681000,30100.0,30110.0,30070.0,30110.0,3,2025-05-08 05:10:00
1746681060,30110.0,30110.0,30080.0,30080.0,5,2025-05-08 05:11:00
1746681120,30080.0,30110.0,30080.0,30110.0,1,2025-05-08 05:12:00
1746681180,30110.0,30110.0,30070.0,30070.0,4,2025-05-08 05:13:00
1746681240,30070.0,30095.0,30070.0,30095.0,1,2025-05-08 05:14:00
1746681300,30095.0,30110.0,30095.0,30110.0,1,2025-05-08 05:15:00
1746681360,30110.0,30115.0,30055.0,30115.0,12,2025-05-08 05:16:00
1746681420,30115.0,30115.0,30100.0,30100.0,1,2025-05-08 05:17:00
1746681480,30100.0,30115.0,30080.0,30080.0,4,2025-05-08 05:18:00
1746681540,30080.0,30115.0,30080.0,30115.0,12,2025-05-08 05:19:00
1746681600,30115.0,30115.0,30065.0,30085.0,14,2025-05-08 05:20:00
1746681660,30085.0,30115.0,30085.0,30115.0,1,2025-05-08 05:21:00
1746681720,30115.0,30120.0,30115.0,30120.0,2,2025-05-08 05:22:00
1746681780,30080.0,30280.0,30080.0,30180.0,316,2025-05-08 05:23:00
1746681840,30180.0,30220.0,30180.0,30180.0,30,2025-05-08 05:24:00
1746681900,30180.0,30190.0,30180.0,30190.0,1,2025-05-08 05:25:00
1746681960,30185.0,30185.0,30145.0,30145.0,12,2025-05-08 05:26:00
1746682020,30145.0,30205.0,30145.0,30205.0,6,2025-05-08 05:27:00
1746682080,30205.0,30205.0,30200.0,30200.0,2,2025-05-08 05:28:00
1746682140,30200.0,30225.0,30200.0,30225.0,3,2025-05-08 05:29:00
1746682200,30225.0,30230.0,30225.0,30230.0,1,2025-05-08 05:30:00
1746682260,30230.0,30245.0,30220.0,30220.0,6,2025-05-08 05:31:00
1746682320,30215.0,30245.0,30210.0,30210.0,6,2025-05-08 05:32:00
1746682380,30210.0,30230.0,30195.0,30195.0,6,2025-05-08 05:33:00
1746682440,30195.0,30205.0,30195.0,30200.0,2,2025-05-08 05:34:00
1746682500,30200.0,30200.0,30165.0,30165.0,4,2025-05-08 05:35:00
1746682560,30165.0,30215.0,30165.0,30215.0,1,2025-05-08 05:36:00
1746682620,30215.0,30220.0,30215.0,30220.0,1,2025-05-08 05:37:00
1746682680,30175.0,30225.0,30175.0,30225.0,4,2025-05-08 05:38:00
1746682740,30225.0,30225.0,30215.0,30220.0,2,2025-05-08 05:39:00
1746682800,30220.0,30220.0,30220.0,30220.0,5,2025-05-08 05:40:00
1746682860,30220.0,30220.0,30215.0,30215.0,1,2025-05-08 05:41:00
1746682920,30215.0,30225.0,30175.0,30175.0,11,2025-05-08 05:42:00
1746682980,30175.0,30220.0,30175.0,30220.0,1,2025-05-08 05:43:00
1746683040,30220.0,30220.0,30215.0,30215.0,1,2025-05-08 05:44:00
1746683100,30200.0,30205.0,30165.0,30205.0,57,2025-05-08 05:45:00
1746683160,30205.0,30205.0,30160.0,30195.0,7,2025-05-08 05:46:00
1746683220,30195.0,30195.0,30155.0,30190.0,2,2025-05-08 05:47:00
1746683280,30190.0,30190.0,30150.0,30150.0,4,2025-05-08 05:48:00
1746683340,30150.0,30180.0,30150.0,30180.0,1,2025-05-08 05:49:00
1746683400,30180.0,30190.0,30145.0,30190.0,2,2025-05-08 05:50:00
1746683460,30150.0,30185.0,30150.0,30185.0,2,2025-05-08 05:51:00
1746683520,30185.0,30190.0,30185.0,30190.0,1,2025-05-08 05:52:00
1746683580,30190.0,30190.0,30190.0,30190.0,1,2025-05-08 05:53:00
1746683640,30190.0,30190.0,30190.0,30190.0,2,2025-05-08 05:54:00
1746683700,30190.0,30190.0,30190.0,30190.0,1,2025-05-08 05:55:00
1746683760,30190.0,30190.0,30190.0,30190.0,1,2025-05-08 05:56:00
1746683820,30190.0,30190.0,30190.0,30190.0,1,2025-05-08 05:57:00
1746683880,30190.0,30190.0,30190.0,30190.0,1,2025-05-08 05:58:00
1746683940,30190.0,30190.0,30190.0,30190.0,1,2025-05-08 05:59:00
1746684000,30190.0,30190.0,30140.0,30160.0,9,2025-05-08 06:00:00
1746684060,30160.0,30160.0,30150.0,30150.0,2,2025-05-08 06:01:00
1746684120,30150.0,30150.0,30140.0,30140.0,7,2025-05-08 06:02:00
1746684180,30140.0,30255.0,30140.0,30255.0,103,2025-05-08 06:03:00
1746684240,30165.0,30210.0,30165.0,30210.0,4,2025-05-08 06:04:00
1746684300,30210.0,30210.0,30180.0,30210.0,13,2025-05-08 06:05:00
1746684360,30210.0,30210.0,30185.0,30185.0,3,2025-05-08 06:06:00
1746684420,30185.0,30200.0,30185.0,30200.0,1,2025-05-08 06:07:00
1746684480,30200.0,30200.0,30195.0,30200.0,12,2025-05-08 06:08:00
1746684540,30200.0,30200.0,30190.0,30200.0,3,2025-05-08 06:09:00
1746684600,30200.0,30200.0,30190.0,30190.0,3,2025-05-08 06:10:00
1746684660,30225.0,30280.0,30225.0,30250.0,28,2025-05-08 06:11:00
1746684720,30250.0,30270.0,30250.0,30250.0,5,2025-05-08 06:12:00
1746684780,30250.0,30270.0,30250.0,30250.0,21,2025-05-08 06:13:00
1746684840,30270.0,30280.0,30235.0,30275.0,64,2025-05-08 06:14:00
1746684900,30275.0,30275.0,30270.0,30270.0,1,2025-05-08 06:15:00
1746684960,30230.0,30270.0,30230.0,30270.0,11,2025-05-08 06:16:00
1746685020,30270.0,30270.0,30240.0,30240.0,7,2025-05-08 06:17:00
1746685080,30235.0,30245.0,30235.0,30245.0,4,2025-05-08 06:18:00
1746685140,30245.0,30245.0,30245.0,30245.0,1,2025-05-08 06:19:00
1746685200,30245.0,30245.0,30245.0,30245.0,2,2025-05-08 06:20:00
1746685260,30245.0,30245.0,30245.0,30245.0,1,2025-05-08 06:21:00
1746685320,30245.0,30275.0,30235.0,30250.0,21,2025-05-08 06:22:00
1746685380,30250.0,30250.0,30250.0,30250.0,1,2025-05-08 06:23:00
1746685440,30265.0,30265.0,30250.0,30250.0,2,2025-05-08 06:24:00
1746685500,30250.0,30250.0,30245.0,30245.0,2,2025-05-08 06:25:00
1746685560,30245.0,30245.0,30225.0,30230.0,17,2025-05-08 06:26:00
1746685620,30200.0,30245.0,30200.0,30245.0,36,2025-05-08 06:27:00
1746685680,30245.0,30245.0,30210.0,30210.0,5,2025-05-08 06:28:00
1746685740,30210.0,30245.0,30210.0,30245.0,1,2025-05-08 06:29:00
1746685800,30245.0,30250.0,30245.0,30250.0,1,2025-05-08 06:30:00
1746685860,30250.0,30250.0,30250.0,30250.0,1,2025-05-08 06:31:00
1746685920,30250.0,30260.0,30220.0,30220.0,2,2025-05-08 06:32:00
1746685980,30260.0,30260.0,30260.0,30260.0,11,2025-05-08 06:33:00
1746686040,30275.0,30275.0,30265.0,30275.0,12,2025-05-08 06:34:00
1746686100,30275.0,30275.0,30230.0,30230.0,4,2025-05-08 06:35:00
1746686160,30230.0,30270.0,30230.0,30270.0,1,2025-05-08 06:36:00
1746686220,30270.0,30270.0,30225.0,30235.0,12,2025-05-08 06:37:00
1746686280,30235.0,30235.0,30195.0,30205.0,53,2025-05-08 06:38:00
1746686340,30205.0,30250.0,30205.0,30250.0,1,2025-05-08 06:39:00
1746686400,30250.0,30255.0,30250.0,30255.0,4,2025-05-08 06:40:00
1746686460,30255.0,30265.0,30225.0,30225.0,9,2025-05-08 06:41:00
1746686520,30225.0,30255.0,30220.0,30220.0,3,2025-05-08 06:42:00
1746686580,30255.0,30255.0,30220.0,30220.0,3,2025-05-08 06:43:00
1746686640,30220.0,30245.0,30220.0,30220.0,6,2025-05-08 06:44:00
1746686700,30215.0,30215.0,30215.0,30215.0,4,2025-05-08 06:45:00
1746686760,30215.0,30245.0,30205.0,30205.0,3,2025-05-08 06:46:00
1746686820,30205.0,30245.0,30205.0,30245.0,1,2025-05-08 06:47:00
1746686880,30245.0,30245.0,30240.0,30240.0,1,2025-05-08 06:48:00
1746686940,30240.0,30240.0,30210.0,30210.0,2,2025-05-08 06:49:00
1746687000,30210.0,30240.0,30210.0,30240.0,1,2025-05-08 06:50:00
1746687060,30240.0,30255.0,30215.0,30215.0,14,2025-05-08 06:51:00
1746687120,30215.0,30255.0,30215.0,30215.0,5,2025-05-08 06:52:00
1746687180,30250.0,30250.0,30200.0,30240.0,10,2025-05-08 06:53:00
1746687240,30240.0,30240.0,30195.0,30235.0,4,2025-05-08 06:54:00
1746687300,30235.0,30235.0,30200.0,30200.0,2,2025-05-08 06:55:00
1746687360,30200.0,30230.0,30190.0,30230.0,8,2025-05-08 06:56:00
1746687420,30230.0,30230.0,30195.0,30230.0,2,2025-05-08 06:57:00
1746687480,30230.0,30230.0,30230.0,30230.0,1,2025-05-08 06:58:00
1746687540,30230.0,30230.0,30195.0,30195.0,3,2025-05-08 06:59:00
1746687600,30195.0,30230.0,30195.0,30230.0,1,2025-05-08 07:00:00
1746687660,30230.0,30230.0,30230.0,30230.0,1,2025-05-08 07:01:00
1746687720,30230.0,30230.0,30195.0,30230.0,3,2025-05-08 07:02:00
1746687780,30225.0,30225.0,30225.0,30225.0,2,2025-05-08 07:03:00
1746687840,30225.0,30225.0,30190.0,30190.0,4,2025-05-08 07:04:00
1746687900,30190.0,30200.0,30190.0,30200.0,3,2025-05-08 07:05:00
1746687960,30200.0,30230.0,30200.0,30200.0,2,2025-05-08 07:06:00
1746688020,30200.0,30205.0,30200.0,30205.0,3,2025-05-08 07:07:00
1746688080,30205.0,30230.0,30135.0,30135.0,26,2025-05-08 07:08:00
1746688140,30200.0,30210.0,30200.0,30205.0,51,2025-05-08 07:09:00
1746688200,30205.0,30250.0,30205.0,30215.0,38,2025-05-08 07:10:00
1746688260,30215.0,30255.0,30215.0,30255.0,1,2025-05-08 07:11:00
1746688320,30255.0,30260.0,30255.0,30260.0,2,2025-05-08 07:12:00
1746688380,30260.0,30260.0,30220.0,30260.0,2,2025-05-08 07:13:00
1746688440,30260.0,30275.0,30255.0,30275.0,14,2025-05-08 07:14:00
1746688500,30275.0,30290.0,30275.0,30290.0,41,2025-05-08 07:15:00
1746688560,30245.0,30285.0,30245.0,30285.0,2,2025-05-08 07:16:00
1746688620,30285.0,30285.0,30285.0,30285.0,1,2025-05-08 07:17:00
1746688680,30285.0,30285.0,30275.0,30275.0,1,2025-05-08 07:18:00
1746688740,30275.0,30280.0,30245.0,30280.0,22,2025-05-08 07:19:00
1746688800,30280.0,30280.0,30275.0,30275.0,1,2025-05-08 07:20:00
1746688860,30275.0,30380.0,30275.0,30360.0,167,2025-05-08 07:21:00
1746688920,30390.0,30425.0,30390.0,30425.0,51,2025-05-08 07:22:00
1746688980,30415.0,30495.0,30415.0,30495.0,55,2025-05-08 07:23:00
1746689040,30495.0,30495.0,30450.0,30480.0,2,2025-05-08 07:24:00
1746689100,30455.0,30455.0,30450.0,30450.0,5,2025-05-08 07:25:00
1746689160,30420.0,30445.0,30420.0,30445.0,6,2025-05-08 07:26:00
1746689220,30445.0,30445.0,30415.0,30445.0,41,2025-05-08 07:27:00
1746689280,30445.0,30450.0,30445.0,30450.0,11,2025-05-08 07:28:00
1746689340,30450.0,30465.0,30450.0,30465.0,1,2025-05-08 07:29:00
1746689400,30465.0,30465.0,30445.0,30445.0,24,2025-05-08 07:30:00
1746689460,30445.0,30470.0,30440.0,30440.0,17,2025-05-08 07:31:00
1746689520,30440.0,30475.0,30440.0,30475.0,11,2025-05-08 07:32:00
1746689580,30475.0,30475.0,30475.0,30475.0,1,2025-05-08 07:33:00
1746689640,30475.0,30475.0,30440.0,30470.0,6,2025-05-08 07:34:00
1746689700,30470.0,30470.0,30425.0,30425.0,10,2025-05-08 07:35:00
1746689760,30425.0,30465.0,30425.0,30465.0,3,2025-05-08 07:36:00
1746689820,30465.0,30495.0,30465.0,30470.0,2780,2025-05-08 07:37:00
1746689880,30470.0,30500.0,30470.0,30500.0,6,2025-05-08 07:38:00
1746689940,30380.0,30435.0,30380.0,30435.0,103,2025-05-08 07:39:00
1746690000,30405.0,30405.0,30400.0,30400.0,6,2025-05-08 07:40:00
1746690060,30400.0,30400.0,30390.0,30390.0,2,2025-05-08 07:41:00
1746690120,30355.0,30395.0,30320.0,30345.0,26,2025-05-08 07:42:00
1746690180,30345.0,30345.0,30335.0,30345.0,6,2025-05-08 07:43:00
1746690240,30345.0,30345.0,30340.0,30340.0,1,2025-05-08 07:44:00
1746690300,30340.0,30345.0,30340.0,30345.0,1,2025-05-08 07:45:00
1746690360,30325.0,30375.0,30325.0,30370.0,19,2025-05-08 07:46:00
1746690420,30370.0,30390.0,30370.0,30390.0,6,2025-05-08 07:47:00
1746690480,30390.0,30390.0,30335.0,30335.0,31,2025-05-08 07:48:00
1746690540,30330.0,30355.0,30300.0,30300.0,113,2025-05-08 07:49:00
1746690600,30300.0,30300.0,30220.0,30255.0,18,2025-05-08 07:50:00
1746690660,30275.0,30275.0,30255.0,30275.0,5,2025-05-08 07:51:00
1746690720,30275.0,30275.0,30240.0,30275.0,6,2025-05-08 07:52:00
1746690780,30275.0,30280.0,30245.0,30270.0,5,2025-05-08 07:53:00
1746690840,30270.0,30270.0,30245.0,30245.0,8,2025-05-08 07:54:00
1746690900,30230.0,30230.0,30200.0,30200.0,9,2025-05-08 07:55:00
1746690960,30200.0,30215.0,30190.0,30195.0,6,2025-05-08 07:56:00
1746691020,30200.0,30230.0,30200.0,30205.0,4,2025-05-08 07:57:00
1746691080,30205.0,30235.0,30190.0,30235.0,8,2025-05-08 07:58:00
1746691140,30210.0,30240.0,30205.0,30205.0,4,2025-05-08 07:59:00
1746691200,30205.0,30300.0,30205.0,30300.0,28,2025-05-08 08:00:00
1746691260,30300.0,30300.0,30265.0,30265.0,15,2025-05-08 08:01:00
1746691320,30265.0,30290.0,30250.0,30290.0,4,2025-05-08 08:02:00
1746691380,30290.0,30295.0,30260.0,30260.0,6,2025-05-08 08:03:00
1746691440,30260.0,30310.0,30260.0,30285.0,28,2025-05-08 08:04:00
1746691500,30285.0,30315.0,30280.0,30295.0,4,2025-05-08 08:05:00
1746691560,30295.0,30300.0,30275.0,30295.0,5,2025-05-08 08:06:00
1746691620,30255.0,30295.0,30255.0,30275.0,6,2025-05-08 08:07:00
1746691680,30275.0,30275.0,30265.0,30265.0,3,2025-05-08 08:08:00
1746691740,30270.0,30300.0,30255.0,30300.0,7,2025-05-08 08:09:00
1746691800,30310.0,30310.0,30255.0,30255.0,4,2025-05-08 08:10:00
1746691860,30290.0,30320.0,30255.0,30320.0,10,2025-05-08 08:11:00
1746691920,30320.0,30320.0,30265.0,30270.0,18,2025-05-08 08:12:00
1746691980,30270.0,30295.0,30260.0,30260.0,4,2025-05-08 08:13:00
1746692040,30260.0,30295.0,30260.0,30275.0,6,2025-05-08 08:14:00
1746692100,30260.0,30305.0,30260.0,30275.0,28,2025-05-08 08:15:00
1746692160,30275.0,30305.0,30275.0,30275.0,4,2025-05-08 08:16:00
1746692220,30265.0,30300.0,30265.0,30275.0,5,2025-05-08 08:17:00
1746692280,30275.0,30350.0,30270.0,30350.0,26,2025-05-08 08:18:00
1746692340,30350.0,30360.0,30335.0,30340.0,4,2025-05-08 08:19:00
1746692400,30360.0,30360.0,30305.0,30330.0,8,2025-05-08 08:20:00
1746692460,30330.0,30350.0,30305.0,30310.0,31,2025-05-08 08:21:00
1746692520,30310.0,30350.0,30310.0,30350.0,8,2025-05-08 08:22:00
1746692580,30350.0,30355.0,30315.0,30320.0,6,2025-05-08 08:23:00
1746692640,30320.0,30340.0,30310.0,30310.0,3,2025-05-08 08:24:00
1746692700,30310.0,30320.0,30285.0,30285.0,10,2025-05-08 08:25:00
1746692760,30285.0,30305.0,30270.0,30270.0,3,2025-05-08 08:26:00
1746692820,30270.0,30300.0,30270.0,30275.0,5,2025-05-08 08:27:00
1746692880,30275.0,30305.0,30275.0,30295.0,10,2025-05-08 08:28:00
1746692940,30295.0,30330.0,30295.0,30305.0,7,2025-05-08 08:29:00
1746693000,30305.0,30325.0,30280.0,30325.0,2,2025-05-08 08:30:00
1746693060,30325.0,30450.0,30325.0,30450.0,3628,2025-05-08 08:31:00
1746693120,30450.0,30475.0,30450.0,30475.0,6,2025-05-08 08:32:00
1746693180,30445.0,30445.0,30365.0,30440.0,15,2025-05-08 08:33:00
1746693240,30440.0,30440.0,30440.0,30440.0,6,2025-05-08 08:34:00
1746693300,30440.0,30440.0,30440.0,30440.0,1,2025-05-08 08:35:00
1746693360,30410.0,30430.0,30410.0,30430.0,2,2025-05-08 08:36:00
1746693420,30430.0,30435.0,30430.0,30435.0,1,2025-05-08 08:37:00
1746693480,30435.0,30435.0,30435.0,30435.0,1,2025-05-08 08:38:00
1746693540,30435.0,30435.0,30405.0,30435.0,7,2025-05-08 08:39:00
1746693600,30405.0,30405.0,30310.0,30335.0,373,2025-05-08 08:40:00
1746693660,30335.0,30335.0,30295.0,30295.0,4,2025-05-08 08:41:00
1746693720,30295.0,30295.0,30250.0,30250.0,9,2025-05-08 08:42:00
1746693780,30250.0,30250.0,30250.0,30250.0,18,2025-05-08 08:43:00
1746693840,30250.0,30250.0,30225.0,30240.0,2,2025-05-08 08:44:00
1746693900,30215.0,30245.0,30215.0,30245.0,6,2025-05-08 08:45:00
1746693960,30245.0,30245.0,30245.0,30245.0,9,2025-05-08 08:46:00
1746694020,30245.0,30245.0,30240.0,30240.0,20,2025-05-08 08:47:00
1746694080,30240.0,30245.0,30240.0,30245.0,1,2025-05-08 08:48:00
1746694140,30245.0,30245.0,30240.0,30240.0,2,2025-05-08 08:49:00
1746694200,30240.0,30240.0,30215.0,30235.0,3,2025-05-08 08:50:00
1746694260,30235.0,30240.0,30235.0,30240.0,1,2025-05-08 08:51:00
1746694320,30240.0,30240.0,30230.0,30230.0,1,2025-05-08 08:52:00
1746694380,30230.0,30230.0,30190.0,30190.0,6,2025-05-08 08:53:00
1746694440,30190.0,30190.0,30175.0,30180.0,2,2025-05-08 08:54:00
1746694500,30180.0,30180.0,30180.0,30180.0,1,2025-05-08 08:55:00
1746694560,30180.0,30180.0,30145.0,30145.0,5,2025-05-08 08:56:00
1746694620,30145.0,30170.0,30145.0,30170.0,4,2025-05-08 08:57:00
1746694680,30170.0,30190.0,30165.0,30190.0,8,2025-05-08 08:58:00
1746694740,30195.0,30195.0,30170.0,30185.0,3,2025-05-08 08:59:00
1746694800,30185.0,30185.0,30145.0,30145.0,11,2025-05-08 09:00:00
1746694860,30145.0,30145.0,30115.0,30145.0,16,2025-05-08 09:01:00
1746694920,30145.0,30145.0,30145.0,30145.0,1,2025-05-08 09:02:00
1746694980,30145.0,30150.0,30145.0,30145.0,3,2025-05-08 09:03:00
1746695040,30145.0,30145.0,30145.0,30145.0,2,2025-05-08 09:04:00
1746695100,30145.0,30145.0,30115.0,30135.0,5,2025-05-08 09:05:00
1746695160,30135.0,30135.0,30120.0,30120.0,1,2025-05-08 09:06:00
1746695220,30120.0,30120.0,30080.0,30080.0,21,2025-05-08 09:07:00
1746695280,30080.0,30095.0,30080.0,30095.0,2,2025-05-08 09:08:00
1746695340,30095.0,30095.0,30070.0,30085.0,27,2025-05-08 09:09:00
1746695400,30085.0,30125.0,30085.0,30125.0,34,2025-05-08 09:10:00
1746695460,30125.0,30140.0,30085.0,30085.0,16,2025-05-08 09:11:00
1746695520,30085.0,30115.0,30085.0,30115.0,2,2025-05-08 09:12:00
1746695580,30115.0,30135.0,30100.0,30100.0,19,2025-05-08 09:13:00
1746695640,30100.0,30120.0,30100.0,30120.0,1,2025-05-08 09:14:00
1746695700,30120.0,30160.0,30115.0,30115.0,25,2025-05-08 09:15:00
1746695760,30115.0,30115.0,30090.0,30090.0,4,2025-05-08 09:16:00
1746695820,30090.0,30105.0,30060.0,30060.0,24,2025-05-08 09:17:00
1746695880,30060.0,30075.0,30060.0,30060.0,16,2025-05-08 09:18:00
1746695940,30055.0,30055.0,30045.0,30050.0,26,2025-05-08 09:19:00
1746696000,30050.0,30055.0,30025.0,30030.0,12,2025-05-08 09:20:00
1746696060,30030.0,30030.0,29980.0,29980.0,88,2025-05-08 09:21:00
1746696120,29980.0,29980.0,29950.0,29950.0,3,2025-05-08 09:22:00
1746696180,29950.0,29955.0,29940.0,29945.0,7,2025-05-08 09:23:00
1746696240,29945.0,29975.0,29945.0,29965.0,19,2025-05-08 09:24:00
1746696300,29940.0,29960.0,29905.0,29905.0,11,2025-05-08 09:25:00
1746696360,29905.0,29965.0,29905.0,29965.0,18,2025-05-08 09:26:00
1746696420,29965.0,29965.0,29940.0,29940.0,4,2025-05-08 09:27:00
1746696480,29930.0,29930.0,29870.0,29890.0,26,2025-05-08 09:28:00
1746696540,29890.0,29890.0,29855.0,29885.0,6,2025-05-08 09:29:00
1746696600,29885.0,29940.0,29870.0,29940.0,43,2025-05-08 09:30:00
1746696660,29940.0,29940.0,29940.0,29940.0,0,2025-05-08 09:31:00
1746696720,29975.0,30005.0,29945.0,30005.0,21,2025-05-08 09:32:00
1746696780,30005.0,30005.0,30005.0,30005.0,1,2025-05-08 09:33:00
1746696840,30005.0,30005.0,29990.0,29990.0,23,2025-05-08 09:34:00
1746696900,29990.0,29990.0,29990.0,29990.0,0,2025-05-08 09:35:00
1746696960,29990.0,30000.0,29990.0,30000.0,8,2025-05-08 09:36:00
1746697020,30000.0,30000.0,29985.0,29985.0,1,2025-05-08 09:37:00
1746697080,29985.0,30040.0,29985.0,30040.0,12,2025-05-08 09:38:00
1746697140,30040.0,30040.0,30015.0,30015.0,1,2025-05-08 09:39:00
1746697200,30015.0,30035.0,30015.0,30035.0,4,2025-05-08 09:40:00
1746697260,30035.0,30040.0,30005.0,30040.0,14,2025-05-08 09:41:00
1746697320,30040.0,30040.0,30010.0,30010.0,6,2025-05-08 09:42:00
1746697380,30040.0,30045.0,30000.0,30005.0,17,2025-05-08 09:43:00
1746697440,30005.0,30005.0,29990.0,29990.0,9,2025-05-08 09:44:00
1746697500,29990.0,30005.0,29985.0,29985.0,31,2025-05-08 09:45:00
1746697560,29985.0,30015.0,29985.0,30000.0,19,2025-05-08 09:46:00
1746697620,30000.0,30010.0,29980.0,29980.0,51,2025-05-08 09:47:00
1746697680,29980.0,30015.0,29975.0,29975.0,16,2025-05-08 09:48:00
1746697740,29975.0,29975.0,29975.0,29975.0,3,2025-05-08 09:49:00
1746697800,29975.0,30020.0,29975.0,30000.0,42,2025-05-08 09:50:00
1746697860,30000.0,30025.0,30000.0,30020.0,6,2025-05-08 09:51:00
1746697920,30020.0,30070.0,30005.0,30070.0,86,2025-05-08 09:52:00
1746697980,30070.0,30075.0,30030.0,30030.0,15,2025-05-08 09:53:00
1746698040,30040.0,30070.0,30040.0,30060.0,8,2025-05-08 09:54:00
1746698100,30060.0,30060.0,30040.0,30040.0,2,2025-05-08 09:55:00
1746698160,30040.0,30040.0,30025.0,30025.0,22,2025-05-08 09:56:00
1746698220,30025.0,30025.0,30005.0,30010.0,7,2025-05-08 09:57:00
1746698280,30030.0,30055.0,30030.0,30055.0,23,2025-05-08 09:58:00
1746698340,30055.0,30125.0,29990.0,29990.0,42,2025-05-08 09:59:00
1746762300,29800.0,29805.0,29785.0,29785.0,28,2025-05-09 03:45:00
1746762360,29785.0,29815.0,29640.0,29645.0,40,2025-05-09 03:46:00
1746762420,29605.0,29725.0,29605.0,29725.0,40,2025-05-09 03:47:00
1746762480,29725.0,29820.0,29725.0,29730.0,31,2025-05-09 03:48:00
1746762540,29730.0,29730.0,29700.0,29700.0,32,2025-05-09 03:49:00
1746762600,29730.0,29745.0,29730.0,29730.0,12,2025-05-09 03:50:00
1746762660,29700.0,29715.0,29645.0,29675.0,38,2025-05-09 03:51:00
1746762720,29675.0,29675.0,29620.0,29620.0,14,2025-05-09 03:52:00
1746762780,29620.0,29635.0,29600.0,29635.0,23,2025-05-09 03:53:00
1746762840,29670.0,29670.0,29625.0,29635.0,61,2025-05-09 03:54:00
1746762900,29645.0,29645.0,29645.0,29645.0,20,2025-05-09 03:55:00
1746762960,29685.0,29685.0,29685.0,29685.0,4,2025-05-09 03:56:00
1746763020,29685.0,29690.0,29685.0,29690.0,2,2025-05-09 03:57:00
1746763080,29690.0,29690.0,29655.0,29655.0,7,2025-05-09 03:58:00
1746763140,29655.0,29655.0,29635.0,29650.0,9,2025-05-09 03:59:00
1746763200,29650.0,29655.0,29650.0,29655.0,4,2025-05-09 04:00:00
1746763260,29655.0,29660.0,29645.0,29645.0,11,2025-05-09 04:01:00
1746763320,29645.0,29650.0,29630.0,29630.0,19,2025-05-09 04:02:00
1746763380,29630.0,29630.0,29605.0,29630.0,11,2025-05-09 04:03:00
1746763440,29630.0,29640.0,29605.0,29640.0,3,2025-05-09 04:04:00
1746763500,29640.0,29640.0,29600.0,29600.0,28,2025-05-09 04:05:00
1746763560,29605.0,29620.0,29605.0,29620.0,3,2025-05-09 04:06:00
1746763620,29620.0,29655.0,29620.0,29655.0,59,2025-05-09 04:07:00
1746763680,29655.0,29660.0,29655.0,29660.0,1,2025-05-09 04:08:00
1746763740,29660.0,29730.0,29660.0,29730.0,34,2025-05-09 04:09:00
1746763800,29730.0,29730.0,29720.0,29720.0,5,2025-05-09 04:10:00
1746763860,29730.0,29730.0,29720.0,29720.0,8,2025-05-09 04:11:00
1746763920,29720.0,29720.0,29720.0,29720.0,0,2025-05-09 04:12:00
1746763980,29720.0,29750.0,29720.0,29750.0,1,2025-05-09 04:13:00
1746764040,29750.0,29750.0,29710.0,29710.0,1,2025-05-09 04:14:00
1746764100,29710.0,29710.0,29705.0,29705.0,3,2025-05-09 04:15:00
1746764160,29705.0,29705.0,29705.0,29705.0,1,2025-05-09 04:16:00
1746764220,29705.0,29705.0,29700.0,29700.0,5,2025-05-09 04:17:00
1746764280,29700.0,29700.0,29675.0,29675.0,1,2025-05-09 04:18:00
1746764340,29675.0,29675.0,29665.0,29665.0,2,2025-05-09 04:19:00
1746764400,29665.0,29665.0,29665.0,29665.0,0,2025-05-09 04:20:00
1746764460,29665.0,29665.0,29665.0,29665.0,0,2025-05-09 04:21:00
1746764520,29665.0,29665.0,29665.0,29665.0,1,2025-05-09 04:22:00
1746764580,29665.0,29665.0,29665.0,29665.0,0,2025-05-09 04:23:00
1746764640,29665.0,29665.0,29600.0,29600.0,76,2025-05-09 04:24:00
1746764700,29605.0,29625.0,29605.0,29605.0,5,2025-05-09 04:25:00
1746764760,29605.0,29605.0,29570.0,29570.0,24,2025-05-09 04:26:00
1746764820,29570.0,29570.0,29555.0,29555.0,2,2025-05-09 04:27:00
1746764880,29555.0,29600.0,29555.0,29600.0,7,2025-05-09 04:28:00
1746764940,29600.0,29605.0,29600.0,29605.0,17,2025-05-09 04:29:00
1746765000,29605.0,29605.0,29585.0,29585.0,57,2025-05-09 04:30:00
1746765060,29585.0,29605.0,29555.0,29555.0,16,2025-05-09 04:31:00
1746765120,29555.0,29585.0,29555.0,29585.0,4,2025-05-09 04:32:00
1746765180,29585.0,29585.0,29555.0,29555.0,2,2025-05-09 04:33:00
1746765240,29555.0,29555.0,29555.0,29555.0,6,2025-05-09 04:34:00
1746765300,29555.0,29580.0,29555.0,29580.0,6,2025-05-09 04:35:00
1746765360,29580.0,29580.0,29580.0,29580.0,10,2025-05-09 04:36:00
1746765420,29580.0,29580.0,29560.0,29580.0,3,2025-05-09 04:37:00
1746765480,29580.0,29580.0,29560.0,29560.0,7,2025-05-09 04:38:00
1746765540,29560.0,29565.0,29560.0,29560.0,3,2025-05-09 04:39:00
1746765600,29560.0,29600.0,29560.0,29595.0,6,2025-05-09 04:40:00
1746765660,29595.0,29625.0,29595.0,29620.0,3,2025-05-09 04:41:00
1746765720,29620.0,29650.0,29615.0,29615.0,10,2025-05-09 04:42:00
1746765780,29615.0,29650.0,29615.0,29650.0,1,2025-05-09 04:43:00
1746765840,29650.0,29670.0,29650.0,29670.0,5,2025-05-09 04:44:00
1746765900,29685.0,29685.0,29640.0,29640.0,6,2025-05-09 04:45:00
1746765960,29685.0,29695.0,29675.0,29695.0,6,2025-05-09 04:46:00
1746766020,29695.0,29695.0,29695.0,29695.0,10,2025-05-09 04:47:00
1746766080,29695.0,29695.0,29695.0,29695.0,2,2025-05-09 04:48:00
1746766140,29695.0,29700.0,29690.0,29690.0,20,2025-05-09 04:49:00
1746766200,29690.0,29690.0,29690.0,29690.0,0,2025-05-09 04:50:00
1746766260,29690.0,29690.0,29690.0,29690.0,0,2025-05-09 04:51:00
1746766320,29690.0,29690.0,29650.0,29650.0,21,2025-05-09 04:52:00
1746766380,29650.0,29710.0,29650.0,29710.0,3,2025-05-09 04:53:00
1746766440,29710.0,29710.0,29710.0,29710.0,1,2025-05-09 04:54:00
1746766500,29680.0,29710.0,29680.0,29710.0,8,2025-05-09 04:55:00
1746766560,29715.0,29730.0,29715.0,29730.0,3,2025-05-09 04:56:00
1746766620,29730.0,29730.0,29730.0,29730.0,0,2025-05-09 04:57:00
1746766680,29700.0,29715.0,29680.0,29715.0,4,2025-05-09 04:58:00
1746766740,29715.0,29715.0,29715.0,29715.0,0,2025-05-09 04:59:00
1746766800,29715.0,29715.0,29715.0,29715.0,0,2025-05-09 05:00:00
1746766860,29715.0,29715.0,29690.0,29690.0,2,2025-05-09 05:01:00
1746766920,29690.0,29690.0,29690.0,29690.0,0,2025-05-09 05:02:00
1746766980,29690.0,29690.0,29665.0,29690.0,2,2025-05-09 05:03:00
1746767040,29690.0,29690.0,29690.0,29690.0,1,2025-05-09 05:04:00
1746767100,29690.0,29690.0,29690.0,29690.0,1,2025-05-09 05:05:00
1746767160,29690.0,29695.0,29690.0,29695.0,6,2025-05-09 05:06:00
1746767220,29695.0,29725.0,29695.0,29725.0,3,2025-05-09 05:07:00
1746767280,29725.0,29725.0,29655.0,29655.0,31,2025-05-09 05:08:00
1746767340,29655.0,29695.0,29655.0,29695.0,2,2025-05-09 05:09:00
1746767400,29695.0,29700.0,29695.0,29700.0,2,2025-05-09 05:10:00
1746767460,29700.0,29700.0,29685.0,29685.0,12,2025-05-09 05:11:00
1746767520,29690.0,29695.0,29690.0,29695.0,2,2025-05-09 05:12:00
1746767580,29695.0,29695.0,29695.0,29695.0,0,2025-05-09 05:13:00
1746767640,29695.0,29695.0,29695.0,29695.0,0,2025-05-09 05:14:00
1746767700,29695.0,29695.0,29695.0,29695.0,0,2025-05-09 05:15:00
1746767760,29695.0,29695.0,29695.0,29695.0,1,2025-05-09 05:16:00
1746767820,29695.0,29695.0,29695.0,29695.0,0,2025-05-09 05:17:00
1746767880,29695.0,29700.0,29695.0,29700.0,4,2025-05-09 05:18:00
1746767940,29730.0,29730.0,29730.0,29730.0,1,2025-05-09 05:19:00
1746768000,29730.0,29750.0,29705.0,29750.0,15,2025-05-09 05:20:00
1746768060,29750.0,29935.0,29745.0,29935.0,158,2025-05-09 05:21:00
1746768120,30005.0,30025.0,29960.0,29995.0,127,2025-05-09 05:22:00
1746768180,29970.0,29995.0,29970.0,29995.0,4,2025-05-09 05:23:00
1746768240,29995.0,29995.0,29950.0,29950.0,5,2025-05-09 05:24:00
1746768300,29950.0,29970.0,29945.0,29945.0,4,2025-05-09 05:25:00
1746768360,29945.0,29945.0,29910.0,29915.0,16,2025-05-09 05:26:00
1746768420,29915.0,29915.0,29910.0,29910.0,5,2025-05-09 05:27:00
1746768480,29875.0,29885.0,29840.0,29840.0,22,2025-05-09 05:28:00
1746768540,29840.0,29870.0,29840.0,29870.0,2,2025-05-09 05:29:00
1746768600,29870.0,29870.0,29840.0,29870.0,11,2025-05-09 05:30:00
1746768660,29870.0,29870.0,29815.0,29815.0,3,2025-05-09 05:31:00
1746768720,29845.0,29895.0,29810.0,29895.0,134,2025-05-09 05:32:00
1746768780,29895.0,29940.0,29895.0,29940.0,5,2025-05-09 05:33:00
1746768840,29940.0,29940.0,29890.0,29890.0,12,2025-05-09 05:34:00
1746768900,29890.0,29940.0,29890.0,29940.0,1,2025-05-09 05:35:00
1746768960,29940.0,29940.0,29895.0,29930.0,5,2025-05-09 05:36:00
1746769020,29930.0,29930.0,29930.0,29930.0,7,2025-05-09 05:37:00
1746769080,29930.0,29940.0,29930.0,29940.0,3,2025-05-09 05:38:00
1746769140,29940.0,29940.0,29920.0,29920.0,3,2025-05-09 05:39:00
1746769200,29920.0,29930.0,29915.0,29930.0,3,2025-05-09 05:40:00
1746769260,29930.0,29940.0,29930.0,29940.0,2,2025-05-09 05:41:00
1746769320,29940.0,29940.0,29940.0,29940.0,3,2025-05-09 05:42:00
1746769380,29940.0,29950.0,29810.0,29850.0,27,2025-05-09 05:43:00
1746769440,29850.0,29855.0,29825.0,29855.0,6,2025-05-09 05:44:00
1746769500,29855.0,29900.0,29855.0,29890.0,3,2025-05-09 05:45:00
1746769560,29890.0,29925.0,29890.0,29925.0,2,2025-05-09 05:46:00
1746769620,29925.0,29935.0,29925.0,29930.0,2,2025-05-09 05:47:00
1746769680,29930.0,29945.0,29930.0,29945.0,1,2025-05-09 05:48:00
1746769740,29935.0,29945.0,29935.0,29945.0,2,2025-05-09 05:49:00
1746769800,29945.0,29950.0,29945.0,29950.0,3,2025-05-09 05:50:00
1746769860,29950.0,29950.0,29950.0,29950.0,2,2025-05-09 05:51:00
1746769920,29950.0,29950.0,29950.0,29950.0,2,2025-05-09 05:52:00
1746769980,29950.0,29965.0,29950.0,29965.0,6,2025-05-09 05:53:00
1746770040,29965.0,29965.0,29965.0,29965.0,2,2025-05-09 05:54:00
1746770100,29965.0,29965.0,29895.0,29930.0,20,2025-05-09 05:55:00
1746770160,29930.0,29990.0,29930.0,29980.0,12,2025-05-09 05:56:00
1746770220,29980.0,29990.0,29980.0,29990.0,2,2025-05-09 05:57:00
1746770280,29990.0,29990.0,29985.0,29985.0,2,2025-05-09 05:58:00
1746770340,29990.0,29990.0,29990.0,29990.0,25,2025-05-09 05:59:00
1746770400,29990.0,30005.0,29990.0,30005.0,22,2025-05-09 06:00:00
1746770460,30020.0,30020.0,30010.0,30020.0,3,2025-05-09 06:01:00
1746770520,30020.0,30020.0,30010.0,30010.0,3,2025-05-09 06:02:00
1746770580,30010.0,30010.0,30000.0,30000.0,3,2025-05-09 06:03:00
1746770640,30000.0,30000.0,30000.0,30000.0,2,2025-05-09 06:04:00
1746770700,30000.0,30000.0,30000.0,30000.0,1,2025-05-09 06:05:00
1746770760,30000.0,30000.0,30000.0,30000.0,2,2025-05-09 06:06:00
1746770820,30000.0,30010.0,30000.0,30010.0,8,2025-05-09 06:07:00
1746770880,30015.0,30035.0,29995.0,30035.0,14,2025-05-09 06:08:00
1746770940,30035.0,30035.0,30025.0,30035.0,2,2025-05-09 06:09:00
1746771000,30035.0,30035.0,30035.0,30035.0,2,2025-05-09 06:10:00
1746771060,30035.0,30050.0,30035.0,30050.0,3,2025-05-09 06:11:00
1746771120,30050.0,30050.0,30015.0,30035.0,33,2025-05-09 06:12:00
1746771180,30035.0,30035.0,30000.0,30000.0,7,2025-05-09 06:13:00
1746771240,30000.0,30020.0,29970.0,29970.0,6,2025-05-09 06:14:00
1746771300,29970.0,29985.0,29930.0,29945.0,19,2025-05-09 06:15:00
1746771360,29945.0,29960.0,29945.0,29960.0,2,2025-05-09 06:16:00
1746771420,29960.0,29960.0,29950.0,29955.0,2,2025-05-09 06:17:00
1746771480,29955.0,29955.0,29945.0,29945.0,6,2025-05-09 06:18:00
1746771540,29955.0,29955.0,29955.0,29955.0,2,2025-05-09 06:19:00
1746771600,29955.0,29955.0,29890.0,29930.0,6,2025-05-09 06:20:00
1746771660,29930.0,29930.0,29915.0,29915.0,2,2025-05-09 06:21:00
1746771720,29885.0,29930.0,29885.0,29930.0,11,2025-05-09 06:22:00
1746771780,29930.0,29960.0,29930.0,29950.0,8,2025-05-09 06:23:00
1746771840,29965.0,29995.0,29965.0,29995.0,28,2025-05-09 06:24:00
1746771900,29995.0,30015.0,29995.0,30015.0,3,2025-05-09 06:25:00
1746771960,30015.0,30030.0,29925.0,30000.0,44,2025-05-09 06:26:00
1746772020,30005.0,30015.0,30005.0,30015.0,2,2025-05-09 06:27:00
1746772080,30015.0,30015.0,30010.0,30015.0,2,2025-05-09 06:28:00
1746772140,30015.0,30020.0,29975.0,30020.0,5,2025-05-09 06:29:00
1746772200,30020.0,30020.0,30010.0,30020.0,13,2025-05-09 06:30:00
1746772260,30020.0,30020.0,29960.0,29960.0,4,2025-05-09 06:31:00
1746772320,29960.0,29960.0,29960.0,29960.0,0,2025-05-09 06:32:00
1746772380,29960.0,29970.0,29950.0,29970.0,5,2025-05-09 06:33:00
1746772440,29970.0,29970.0,29970.0,29970.0,0,2025-05-09 06:34:00
1746772500,29970.0,29970.0,29925.0,29925.0,1,2025-05-09 06:35:00
1746772560,29925.0,29925.0,29915.0,29915.0,2,2025-05-09 06:36:00
1746772620,29950.0,29955.0,29950.0,29955.0,12,2025-05-09 06:37:00
1746772680,29955.0,29955.0,29955.0,29955.0,0,2025-05-09 06:38:00
1746772740,29955.0,29955.0,29955.0,29955.0,1,2025-05-09 06:39:00
1746772800,29955.0,29955.0,29955.0,29955.0,0,2025-05-09 06:40:00
1746772860,29955.0,29955.0,29925.0,29955.0,3,2025-05-09 06:41:00
1746772920,29955.0,29955.0,29915.0,29915.0,3,2025-05-09 06:42:00
1746772980,29915.0,29965.0,29915.0,29965.0,5,2025-05-09 06:43:00
1746773040,29965.0,29980.0,29945.0,29970.0,9,2025-05-09 06:44:00
1746773100,29970.0,29970.0,29905.0,29935.0,7,2025-05-09 06:45:00
1746773160,29935.0,29955.0,29935.0,29955.0,1,2025-05-09 06:46:00
1746773220,29955.0,29955.0,29955.0,29955.0,0,2025-05-09 06:47:00
1746773280,29955.0,29955.0,29920.0,29920.0,2,2025-05-09 06:48:00
1746773340,29920.0,29920.0,29920.0,29920.0,0,2025-05-09 06:49:00
1746773400,29920.0,29920.0,29920.0,29920.0,0,2025-05-09 06:50:00
1746773460,29920.0,29920.0,29900.0,29920.0,7,2025-05-09 06:51:00
1746773520,29920.0,29920.0,29920.0,29920.0,2,2025-05-09 06:52:00
1746773580,29920.0,29920.0,29920.0,29920.0,1,2025-05-09 06:53:00
1746773640,29920.0,29920.0,29920.0,29920.0,0,2025-05-09 06:54:00
1746773700,29920.0,29920.0,29920.0,29920.0,0,2025-05-09 06:55:00
1746773760,29920.0,29920.0,29920.0,29920.0,0,2025-05-09 06:56:00
1746773820,29920.0,29920.0,29890.0,29890.0,1,2025-05-09 06:57:00
1746773880,29890.0,29950.0,29890.0,29950.0,32,2025-05-09 06:58:00
1746773940,29950.0,29965.0,29950.0,29965.0,2,2025-05-09 06:59:00
1746774000,29965.0,29965.0,29930.0,29955.0,4,2025-05-09 07:00:00
1746774060,29955.0,29955.0,29955.0,29955.0,0,2025-05-09 07:01:00
1746774120,29955.0,29955.0,29925.0,29950.0,6,2025-05-09 07:02:00
1746774180,29950.0,29965.0,29910.0,29910.0,22,2025-05-09 07:03:00
1746774240,29910.0,29950.0,29910.0,29950.0,1,2025-05-09 07:04:00
1746774300,29950.0,29950.0,29950.0,29950.0,0,2025-05-09 07:05:00
1746774360,29950.0,29950.0,29950.0,29950.0,0,2025-05-09 07:06:00
1746774420,29950.0,29950.0,29950.0,29950.0,0,2025-05-09 07:07:00
1746774480,29950.0,29950.0,29925.0,29925.0,3,2025-05-09 07:08:00
1746774540,29925.0,29925.0,29925.0,29925.0,0,2025-05-09 07:09:00
1746774600,29885.0,29885.0,29885.0,29885.0,1,2025-05-09 07:10:00
1746774660,29885.0,29915.0,29885.0,29915.0,2,2025-05-09 07:11:00
1746774720,29915.0,29920.0,29915.0,29920.0,1,2025-05-09 07:12:00
1746774780,29920.0,29925.0,29920.0,29925.0,2,2025-05-09 07:13:00
1746774840,29925.0,29925.0,29925.0,29925.0,0,2025-05-09 07:14:00
1746774900,29925.0,29925.0,29925.0,29925.0,1,2025-05-09 07:15:00
1746774960,29925.0,29925.0,29925.0,29925.0,1,2025-05-09 07:16:00
1746775020,29925.0,29925.0,29925.0,29925.0,1,2025-05-09 07:17:00
1746775080,29925.0,29925.0,29925.0,29925.0,1,2025-05-09 07:18:00
1746775140,29925.0,29925.0,29925.0,29925.0,0,2025-05-09 07:19:00
1746775200,29925.0,29925.0,29925.0,29925.0,0,2025-05-09 07:20:00
1746775260,29925.0,29925.0,29860.0,29860.0,15,2025-05-09 07:21:00
1746775320,29860.0,29885.0,29860.0,29885.0,3,2025-05-09 07:22:00
1746775380,29885.0,29885.0,29885.0,29885.0,1,2025-05-09 07:23:00
1746775440,29885.0,29890.0,29885.0,29890.0,1,2025-05-09 07:24:00
1746775500,29890.0,29890.0,29890.0,29890.0,0,2025-05-09 07:25:00
1746775560,29890.0,29890.0,29890.0,29890.0,0,2025-05-09 07:26:00
1746775620,29890.0,29890.0,29890.0,29890.0,0,2025-05-09 07:27:00
1746775680,29890.0,29890.0,29890.0,29890.0,0,2025-05-09 07:28:00
1746775740,29890.0,29890.0,29890.0,29890.0,0,2025-05-09 07:29:00
1746775800,29890.0,29890.0,29890.0,29890.0,0,2025-05-09 07:30:00
1746775860,29890.0,29890.0,29820.0,29820.0,22,2025-05-09 07:31:00
1746775920,29820.0,29875.0,29820.0,29875.0,5,2025-05-09 07:32:00
1746775980,29875.0,29920.0,29875.0,29920.0,32,2025-05-09 07:33:00
1746776040,29920.0,29925.0,29855.0,29855.0,6,2025-05-09 07:34:00
1746776100,29895.0,29895.0,29860.0,29890.0,4,2025-05-09 07:35:00
1746776160,29890.0,29890.0,29890.0,29890.0,0,2025-05-09 07:36:00
1746776220,29845.0,29850.0,29825.0,29850.0,13,2025-05-09 07:37:00
1746776280,29850.0,29925.0,29850.0,29925.0,36,2025-05-09 07:38:00
1746776340,29925.0,29925.0,29905.0,29925.0,2,2025-05-09 07:39:00
1746776400,29925.0,29925.0,29925.0,29925.0,2,2025-05-09 07:40:00
1746776460,29925.0,29925.0,29925.0,29925.0,1,2025-05-09 07:41:00
1746776520,29925.0,29925.0,29925.0,29925.0,0,2025-05-09 07:42:00
1746776580,29925.0,29925.0,29925.0,29925.0,1,2025-05-09 07:43:00
1746776640,29925.0,29925.0,29925.0,29925.0,2,2025-05-09 07:44:00
1746776700,29925.0,29925.0,29925.0,29925.0,0,2025-05-09 07:45:00
1746776760,29925.0,29950.0,29905.0,29950.0,15,2025-05-09 07:46:00
1746776820,29950.0,29975.0,29950.0,29975.0,1,2025-05-09 07:47:00
1746776880,29975.0,29975.0,29940.0,29940.0,5,2025-05-09 07:48:00
1746776940,29940.0,29960.0,29940.0,29960.0,1,2025-05-09 07:49:00
1746777000,29960.0,29960.0,29960.0,29960.0,0,2025-05-09 07:50:00
1746777060,29960.0,29960.0,29940.0,29940.0,4,2025-05-09 07:51:00
1746777120,29940.0,29940.0,29940.0,29940.0,0,2025-05-09 07:52:00
1746777180,29940.0,29940.0,29940.0,29940.0,0,2025-05-09 07:53:00
1746777240,29940.0,29940.0,29935.0,29935.0,3,2025-05-09 07:54:00
1746777300,29935.0,29935.0,29935.0,29935.0,0,2025-05-09 07:55:00
1746777360,29935.0,29935.0,29900.0,29900.0,3,2025-05-09 07:56:00
1746777420,29900.0,29925.0,29900.0,29925.0,4,2025-05-09 07:57:00
1746777480,29925.0,29925.0,29850.0,29900.0,11,2025-05-09 07:58:00
1746777540,29900.0,29900.0,29900.0,29900.0,0,2025-05-09 07:59:00
1746777600,29900.0,29900.0,29900.0,29900.0,0,2025-05-09 08:00:00
1746777660,29900.0,29900.0,29900.0,29900.0,0,2025-05-09 08:01:00
1746777720,29900.0,29900.0,29900.0,29900.0,0,2025-05-09 08:02:00
1746777780,29900.0,29900.0,29900.0,29900.0,0,2025-05-09 08:03:00
1746777840,29900.0,29900.0,29900.0,29900.0,0,2025-05-09 08:04:00
1746777900,29900.0,29905.0,29875.0,29905.0,6,2025-05-09 08:05:00
1746777960,29905.0,29905.0,29905.0,29905.0,0,2025-05-09 08:06:00
1746778020,29905.0,29920.0,29900.0,29920.0,8,2025-05-09 08:07:00
1746778080,29920.0,29920.0,29890.0,29890.0,1,2025-05-09 08:08:00
1746778140,29890.0,29890.0,29890.0,29890.0,0,2025-05-09 08:09:00
1746778200,29890.0,29890.0,29890.0,29890.0,0,2025-05-09 08:10:00
1746778260,29890.0,29890.0,29890.0,29890.0,0,2025-05-09 08:11:00
1746778320,29890.0,29925.0,29890.0,29925.0,1,2025-05-09 08:12:00
1746778380,29925.0,29925.0,29890.0,29890.0,2,2025-05-09 08:13:00
1746778440,29890.0,29950.0,29890.0,29950.0,11,2025-05-09 08:14:00
1746778500,29950.0,29950.0,29950.0,29950.0,0,2025-05-09 08:15:00
1746778560,29950.0,29965.0,29950.0,29960.0,3,2025-05-09 08:16:00
1746778620,29960.0,29960.0,29960.0,29960.0,0,2025-05-09 08:17:00
1746778680,29960.0,29960.0,29950.0,29950.0,1,2025-05-09 08:18:00
1746778740,29950.0,29950.0,29915.0,29915.0,1,2025-05-09 08:19:00
1746778800,29915.0,29915.0,29915.0,29915.0,0,2025-05-09 08:20:00
1746778860,29915.0,29945.0,29915.0,29945.0,5,2025-05-09 08:21:00
1746778920,29945.0,29945.0,29945.0,29945.0,0,2025-05-09 08:22:00
1746778980,29945.0,29950.0,29945.0,29950.0,2,2025-05-09 08:23:00
1746779040,29950.0,29950.0,29950.0,29950.0,0,2025-05-09 08:24:00
1746779100,29950.0,29950.0,29950.0,29950.0,0,2025-05-09 08:25:00
1746779160,29950.0,29950.0,29950.0,29950.0,0,2025-05-09 08:26:00
1746779220,29950.0,29950.0,29945.0,29945.0,1,2025-05-09 08:27:00
1746779280,29945.0,29945.0,29945.0,29945.0,0,2025-05-09 08:28:00
1746779340,29945.0,29945.0,29945.0,29945.0,0,2025-05-09 08:29:00
1746779400,29945.0,29950.0,29945.0,29950.0,2,2025-05-09 08:30:00
1746779460,29950.0,29985.0,29950.0,29985.0,9,2025-05-09 08:31:00
1746779520,29985.0,29985.0,29985.0,29985.0,0,2025-05-09 08:32:00
1746779580,29985.0,29995.0,29985.0,29995.0,6,2025-05-09 08:33:00
1746779640,29995.0,29995.0,29965.0,29990.0,2,2025-05-09 08:34:00
1746779700,29990.0,29990.0,29990.0,29990.0,0,2025-05-09 08:35:00
1746779760,29990.0,29995.0,29990.0,29995.0,6,2025-05-09 08:36:00
1746779820,29995.0,29995.0,29995.0,29995.0,1,2025-05-09 08:37:00
1746779880,29995.0,29995.0,29995.0,29995.0,0,2025-05-09 08:38:00
1746779940,29995.0,29995.0,29995.0,29995.0,1,2025-05-09 08:39:00
1746780000,29995.0,29995.0,29995.0,29995.0,0,2025-05-09 08:40:00
1746780060,29995.0,29995.0,29995.0,29995.0,5,2025-05-09 08:41:00
1746780120,29995.0,30025.0,29995.0,30025.0,5,2025-05-09 08:42:00
1746780180,30025.0,30025.0,29985.0,29985.0,1,2025-05-09 08:43:00
1746780240,29985.0,29985.0,29985.0,29985.0,0,2025-05-09 08:44:00
1746780300,29985.0,29985.0,29985.0,29985.0,0,2025-05-09 08:45:00
1746780360,29985.0,30020.0,29985.0,29985.0,17,2025-05-09 08:46:00
1746780420,29985.0,30000.0,29980.0,29980.0,12,2025-05-09 08:47:00
1746780480,29980.0,30015.0,29980.0,29980.0,3,2025-05-09 08:48:00
1746780540,29980.0,29980.0,29960.0,29960.0,1,2025-05-09 08:49:00
1746780600,29975.0,29975.0,29975.0,29975.0,2,2025-05-09 08:50:00
1746780660,29975.0,29975.0,29955.0,29955.0,1,2025-05-09 08:51:00
1746780720,29955.0,29970.0,29930.0,29970.0,6,2025-05-09 08:52:00
1746780780,29970.0,29970.0,29915.0,29915.0,3,2025-05-09 08:53:00
1746780840,29915.0,29970.0,29915.0,29970.0,8,2025-05-09 08:54:00
1746780900,29970.0,29970.0,29950.0,29950.0,1,2025-05-09 08:55:00
1746780960,29950.0,29950.0,29930.0,29930.0,1,2025-05-09 08:56:00
1746781020,29930.0,29930.0,29930.0,29930.0,2,2025-05-09 08:57:00
1746781080,29930.0,29960.0,29930.0,29960.0,3,2025-05-09 08:58:00
1746781140,29960.0,29965.0,29930.0,29965.0,6,2025-05-09 08:59:00
1746781200,29970.0,29970.0,29940.0,29940.0,2,2025-05-09 09:00:00
1746781260,29940.0,29945.0,29935.0,29935.0,3,2025-05-09 09:01:00
1746781320,29935.0,29965.0,29930.0,29965.0,2,2025-05-09 09:02:00
1746781380,29965.0,29975.0,29930.0,29975.0,5,2025-05-09 09:03:00
1746781440,29975.0,29975.0,29930.0,29930.0,4,2025-05-09 09:04:00
1746781500,29930.0,29970.0,29930.0,29965.0,7,2025-05-09 09:05:00
1746781560,29965.0,29975.0,29940.0,29940.0,6,2025-05-09 09:06:00
1746781620,29940.0,29970.0,29940.0,29970.0,7,2025-05-09 09:07:00
1746781680,29970.0,29995.0,29970.0,29980.0,9,2025-05-09 09:08:00
1746781740,29980.0,29980.0,29980.0,29980.0,2,2025-05-09 09:09:00
1746781800,29980.0,29995.0,29980.0,29995.0,3,2025-05-09 09:10:00
1746781860,29995.0,29995.0,29980.0,29980.0,2,2025-05-09 09:11:00
1746781920,29980.0,29995.0,29965.0,29965.0,16,2025-05-09 09:12:00
1746781980,29965.0,29965.0,29945.0,29945.0,2,2025-05-09 09:13:00
1746782040,29945.0,29985.0,29945.0,29945.0,4,2025-05-09 09:14:00
1746782100,29945.0,29980.0,29935.0,29965.0,13,2025-05-09 09:15:00
1746782160,29965.0,29965.0,29940.0,29940.0,1,2025-05-09 09:16:00
1746782220,29940.0,29960.0,29930.0,29930.0,4,2025-05-09 09:17:00
1746782280,29930.0,29970.0,29930.0,29930.0,4,2025-05-09 09:18:00
1746782340,29930.0,29975.0,29930.0,29955.0,12,2025-05-09 09:19:00
1746782400,29955.0,29990.0,29955.0,29990.0,21,2025-05-09 09:20:00
1746782460,29990.0,30000.0,29970.0,29970.0,11,2025-05-09 09:21:00
1746782520,29970.0,30025.0,29970.0,29990.0,4,2025-05-09 09:22:00
1746782580,29990.0,30005.0,29975.0,30005.0,28,2025-05-09 09:23:00
1746782640,30005.0,30005.0,29985.0,29985.0,3,2025-05-09 09:24:00
1746782700,29985.0,29985.0,29955.0,29955.0,5,2025-05-09 09:25:00
1746782760,29985.0,29985.0,29985.0,29985.0,1,2025-05-09 09:26:00
1746782820,29985.0,29995.0,29985.0,29995.0,1,2025-05-09 09:27:00
1746782880,29995.0,30215.0,29995.0,30210.0,150,2025-05-09 09:28:00
1746782940,30210.0,30210.0,30180.0,30210.0,38,2025-05-09 09:29:00
1746783000,30210.0,30215.0,30180.0,30180.0,41,2025-05-09 09:30:00
1746783060,30180.0,30250.0,30180.0,30185.0,60,2025-05-09 09:31:00
1746783120,30220.0,30260.0,30220.0,30230.0,23,2025-05-09 09:32:00
1746783180,30240.0,30300.0,30240.0,30300.0,40,2025-05-09 09:33:00
1746783240,30300.0,30300.0,30300.0,30300.0,0,2025-05-09 09:34:00
1746783300,30275.0,30295.0,30275.0,30290.0,6,2025-05-09 09:35:00
1746783360,30290.0,30290.0,30290.0,30290.0,0,2025-05-09 09:36:00
1746783420,30290.0,30290.0,30230.0,30230.0,2,2025-05-09 09:37:00
1746783480,30230.0,30255.0,30195.0,30200.0,16,2025-05-09 09:38:00
1746783540,30200.0,30205.0,30160.0,30205.0,63,2025-05-09 09:39:00
1746783600,30145.0,30175.0,30055.0,30055.0,21,2025-05-09 09:40:00
1746783660,30130.0,30130.0,30095.0,30095.0,52,2025-05-09 09:41:00
1746783720,30095.0,30095.0,30095.0,30095.0,0,2025-05-09 09:42:00
1746783780,30095.0,30135.0,30085.0,30130.0,25,2025-05-09 09:43:00
1746783840,30130.0,30130.0,30080.0,30080.0,1,2025-05-09 09:44:00
1746783900,30080.0,30235.0,30080.0,30185.0,19,2025-05-09 09:45:00
1746783960,30135.0,30235.0,30135.0,30170.0,31,2025-05-09 09:46:00
1746784020,30170.0,30170.0,30115.0,30115.0,13,2025-05-09 09:47:00
1746784080,30115.0,30190.0,30115.0,30190.0,1,2025-05-09 09:48:00
1746784140,30190.0,30190.0,30110.0,30110.0,1,2025-05-09 09:49:00
1746784200,30110.0,30215.0,30095.0,30095.0,30,2025-05-09 09:50:00
1746784260,30175.0,30175.0,30090.0,30105.0,20,2025-05-09 09:51:00
1746784320,30105.0,30140.0,30095.0,30100.0,8,2025-05-09 09:52:00
1746784380,30100.0,30110.0,30060.0,30060.0,8,2025-05-09 09:53:00
1746784440,30105.0,30110.0,30010.0,30040.0,15,2025-05-09 09:54:00
1746784500,30040.0,30045.0,30040.0,30045.0,2,2025-05-09 09:55:00
1746784560,30045.0,30095.0,30045.0,30095.0,15,2025-05-09 09:56:00
1746784620,30095.0,30110.0,30085.0,30110.0,22,2025-05-09 09:57:00
1746784680,30110.0,30140.0,30045.0,30140.0,44,2025-05-09 09:58:00
1746784740,30060.0,30170.0,30060.0,30060.0,7,2025-05-09 09:59:00
1747021500,30300.0,30595.0,30300.0,30455.0,84,2025-05-12 03:45:00
1747021560,30435.0,30435.0,30340.0,30360.0,47,2025-05-12 03:46:00
1747021620,30360.0,30420.0,30330.0,30395.0,54,2025-05-12 03:47:00
1747021680,30330.0,30330.0,30220.0,30300.0,24,2025-05-12 03:48:00
1747021740,30300.0,30315.0,30205.0,30280.0,32,2025-05-12 03:49:00
1747021800,30280.0,30355.0,30280.0,30305.0,18,2025-05-12 03:50:00
1747021860,30305.0,30355.0,30300.0,30300.0,4,2025-05-12 03:51:00
1747021920,30300.0,30300.0,30260.0,30295.0,9,2025-05-12 03:52:00
1747021980,30250.0,30290.0,30250.0,30250.0,60,2025-05-12 03:53:00
1747022040,30220.0,30245.0,30205.0,30205.0,36,2025-05-12 03:54:00
1747022100,30250.0,30250.0,30250.0,30250.0,8,2025-05-12 03:55:00
1747022160,30250.0,30265.0,30220.0,30220.0,9,2025-05-12 03:56:00
1747022220,30220.0,30290.0,30205.0,30205.0,24,2025-05-12 03:57:00
1747022280,30205.0,30255.0,30155.0,30200.0,42,2025-05-12 03:58:00
1747022340,30200.0,30220.0,30200.0,30220.0,2,2025-05-12 03:59:00
1747022400,30220.0,30270.0,30200.0,30270.0,34,2025-05-12 04:00:00
1747022460,30270.0,30290.0,30270.0,30275.0,9,2025-05-12 04:01:00
1747022520,30290.0,30290.0,30230.0,30255.0,34,2025-05-12 04:02:00
1747022580,30255.0,30265.0,30220.0,30265.0,23,2025-05-12 04:03:00
1747022640,30265.0,30285.0,30265.0,30285.0,8,2025-05-12 04:04:00
1747022700,30250.0,30250.0,30245.0,30245.0,2,2025-05-12 04:05:00
1747022760,30245.0,30245.0,30225.0,30225.0,14,2025-05-12 04:06:00
1747022820,30295.0,30295.0,30260.0,30260.0,29,2025-05-12 04:07:00
1747022880,30260.0,30340.0,30260.0,30340.0,2,2025-05-12 04:08:00
1747022940,30340.0,30340.0,30280.0,30300.0,2,2025-05-12 04:09:00
1747023000,30300.0,30300.0,30300.0,30300.0,1,2025-05-12 04:10:00
1747023060,30300.0,30350.0,30300.0,30315.0,4,2025-05-12 04:11:00
1747023120,30315.0,30370.0,30295.0,30295.0,19,2025-05-12 04:12:00
1747023180,30295.0,30325.0,30280.0,30280.0,27,2025-05-12 04:13:00
1747023240,30280.0,30300.0,30280.0,30300.0,1,2025-05-12 04:14:00
1747023300,30300.0,30300.0,30220.0,30280.0,16,2025-05-12 04:15:00
1747023360,30280.0,30280.0,30250.0,30250.0,4,2025-05-12 04:16:00
1747023420,30250.0,30250.0,30210.0,30210.0,5,2025-05-12 04:17:00
1747023480,30210.0,30285.0,30210.0,30285.0,2,2025-05-12 04:18:00
1747023540,30285.0,30285.0,30235.0,30235.0,2,2025-05-12 04:19:00
1747023600,30235.0,30270.0,30235.0,30270.0,9,2025-05-12 04:20:00
1747023660,30270.0,30270.0,30230.0,30230.0,1,2025-05-12 04:21:00
1747023720,30230.0,30230.0,30230.0,30230.0,1,2025-05-12 04:22:00
1747023780,30230.0,30275.0,30230.0,30275.0,1,2025-05-12 04:23:00
1747023840,30275.0,30275.0,30275.0,30275.0,0,2025-05-12 04:24:00
1747023900,30265.0,30265.0,30265.0,30265.0,15,2025-05-12 04:25:00
1747023960,30265.0,30270.0,30250.0,30250.0,10,2025-05-12 04:26:00
1747024020,30250.0,30275.0,30250.0,30275.0,7,2025-05-12 04:27:00
1747024080,30275.0,30330.0,30275.0,30330.0,9,2025-05-12 04:28:00
1747024140,30330.0,30330.0,30295.0,30295.0,2,2025-05-12 04:29:00
1747024200,30295.0,30300.0,30295.0,30300.0,15,2025-05-12 04:30:00
1747024260,30300.0,30300.0,30300.0,30300.0,0,2025-05-12 04:31:00
1747024320,30300.0,30330.0,30300.0,30330.0,8,2025-05-12 04:32:00
1747024380,30330.0,30330.0,30330.0,30330.0,0,2025-05-12 04:33:00
1747024440,30330.0,30330.0,30250.0,30295.0,3,2025-05-12 04:34:00
1747024500,30295.0,30295.0,30295.0,30295.0,0,2025-05-12 04:35:00
1747024560,30295.0,30300.0,30295.0,30300.0,3,2025-05-12 04:36:00
1747024620,30300.0,30300.0,30300.0,30300.0,0,2025-05-12 04:37:00
1747024680,30300.0,30300.0,30275.0,30275.0,2,2025-05-12 04:38:00
1747024740,30275.0,30275.0,30270.0,30270.0,9,2025-05-12 04:39:00
1747024800,30270.0,30300.0,30270.0,30270.0,9,2025-05-12 04:40:00
1747024860,30270.0,30300.0,30270.0,30300.0,1,2025-05-12 04:41:00
1747024920,30300.0,30300.0,30300.0,30300.0,6,2025-05-12 04:42:00
1747024980,30300.0,30320.0,30300.0,30320.0,1,2025-05-12 04:43:00
1747025040,30320.0,30400.0,30310.0,30400.0,15,2025-05-12 04:44:00
1747025100,30400.0,30400.0,30380.0,30380.0,2,2025-05-12 04:45:00
1747025160,30380.0,30415.0,30380.0,30415.0,33,2025-05-12 04:46:00
1747025220,30415.0,30415.0,30345.0,30345.0,6,2025-05-12 04:47:00
1747025280,30345.0,30410.0,30345.0,30410.0,16,2025-05-12 04:48:00
1747025340,30410.0,30410.0,30360.0,30405.0,4,2025-05-12 04:49:00
1747025400,30405.0,30450.0,30355.0,30450.0,69,2025-05-12 04:50:00
1747025460,30450.0,30475.0,30450.0,30475.0,2,2025-05-12 04:51:00
1747025520,30475.0,30480.0,30420.0,30420.0,15,2025-05-12 04:52:00
1747025580,30420.0,30450.0,30420.0,30450.0,5,2025-05-12 04:53:00
1747025640,30450.0,30450.0,30415.0,30445.0,5,2025-05-12 04:54:00
1747025700,30445.0,30450.0,30410.0,30450.0,4,2025-05-12 04:55:00
1747025760,30450.0,30450.0,30450.0,30450.0,5,2025-05-12 04:56:00
1747025820,30450.0,30450.0,30360.0,30410.0,13,2025-05-12 04:57:00
1747025880,30410.0,30440.0,30410.0,30420.0,4,2025-05-12 04:58:00
1747025940,30420.0,30425.0,30420.0,30425.0,2,2025-05-12 04:59:00
1747026000,30425.0,30435.0,30380.0,30430.0,9,2025-05-12 05:00:00
1747026060,30430.0,30435.0,30385.0,30435.0,7,2025-05-12 05:01:00
1747026120,30435.0,30440.0,30385.0,30440.0,6,2025-05-12 05:02:00
1747026180,30440.0,30440.0,30355.0,30390.0,18,2025-05-12 05:03:00
1747026240,30390.0,30440.0,30390.0,30400.0,4,2025-05-12 05:04:00
1747026300,30400.0,30445.0,30365.0,30415.0,14,2025-05-12 05:05:00
1747026360,30415.0,30440.0,30350.0,30350.0,9,2025-05-12 05:06:00
1747026420,30350.0,30435.0,30340.0,30405.0,10,2025-05-12 05:07:00
1747026480,30405.0,30480.0,30405.0,30480.0,107,2025-05-12 05:08:00
1747026540,30480.0,30480.0,30440.0,30475.0,5,2025-05-12 05:09:00
1747026600,30420.0,30450.0,30420.0,30440.0,6,2025-05-12 05:10:00
1747026660,30440.0,30440.0,30430.0,30430.0,2,2025-05-12 05:11:00
1747026720,30430.0,30440.0,30430.0,30440.0,3,2025-05-12 05:12:00
1747026780,30440.0,30440.0,30415.0,30415.0,5,2025-05-12 05:13:00
1747026840,30440.0,30440.0,30400.0,30400.0,53,2025-05-12 05:14:00
1747026900,30440.0,30440.0,30395.0,30395.0,4,2025-05-12 05:15:00
1747026960,30395.0,30395.0,30340.0,30340.0,3,2025-05-12 05:16:00
1747027020,30340.0,30360.0,30340.0,30360.0,3,2025-05-12 05:17:00
1747027080,30360.0,30385.0,30360.0,30385.0,3,2025-05-12 05:18:00
1747027140,30385.0,30385.0,30380.0,30380.0,2,2025-05-12 05:19:00
1747027200,30380.0,30380.0,30375.0,30380.0,3,2025-05-12 05:20:00
1747027260,30370.0,30400.0,30370.0,30400.0,6,2025-05-12 05:21:00
1747027320,30400.0,30400.0,30350.0,30400.0,7,2025-05-12 05:22:00
1747027380,30400.0,30400.0,30315.0,30335.0,9,2025-05-12 05:23:00
1747027440,30335.0,30370.0,30335.0,30370.0,4,2025-05-12 05:24:00
1747027500,30370.0,30375.0,30370.0,30375.0,2,2025-05-12 05:25:00
1747027560,30375.0,30405.0,30375.0,30405.0,4,2025-05-12 05:26:00
1747027620,30405.0,30405.0,30385.0,30385.0,3,2025-05-12 05:27:00
1747027680,30385.0,30400.0,30385.0,30400.0,6,2025-05-12 05:28:00
1747027740,30400.0,30405.0,30400.0,30400.0,6,2025-05-12 05:29:00
1747027800,30400.0,30405.0,30400.0,30400.0,5,2025-05-12 05:30:00
1747027860,30400.0,30405.0,30400.0,30405.0,3,2025-05-12 05:31:00
1747027920,30405.0,30405.0,30405.0,30405.0,6,2025-05-12 05:32:00
1747027980,30405.0,30405.0,30405.0,30405.0,2,2025-05-12 05:33:00
1747028040,30405.0,30405.0,30375.0,30400.0,6,2025-05-12 05:34:00
1747028100,30400.0,30400.0,30365.0,30400.0,3,2025-05-12 05:35:00
1747028160,30400.0,30400.0,30330.0,30330.0,7,2025-05-12 05:36:00
1747028220,30330.0,30380.0,30330.0,30380.0,2,2025-05-12 05:37:00
1747028280,30380.0,30395.0,30380.0,30395.0,5,2025-05-12 05:38:00
1747028340,30395.0,30400.0,30395.0,30400.0,3,2025-05-12 05:39:00
1747028400,30400.0,30400.0,30400.0,30400.0,5,2025-05-12 05:40:00
1747028460,30400.0,30400.0,30400.0,30400.0,2,2025-05-12 05:41:00
1747028520,30400.0,30405.0,30370.0,30405.0,24,2025-05-12 05:42:00
1747028580,30405.0,30405.0,30345.0,30345.0,5,2025-05-12 05:43:00
1747028640,30345.0,30405.0,30345.0,30405.0,4,2025-05-12 05:44:00
1747028700,30405.0,30405.0,30375.0,30405.0,6,2025-05-12 05:45:00
1747028760,30405.0,30405.0,30405.0,30405.0,13,2025-05-12 05:46:00
1747028820,30405.0,30405.0,30405.0,30405.0,2,2025-05-12 05:47:00
1747028880,30405.0,30445.0,30405.0,30445.0,4,2025-05-12 05:48:00
1747028940,30445.0,30445.0,30445.0,30445.0,3,2025-05-12 05:49:00
1747029000,30445.0,30445.0,30385.0,30440.0,5,2025-05-12 05:50:00
1747029060,30440.0,30450.0,30440.0,30440.0,2,2025-05-12 05:51:00
1747029120,30440.0,30445.0,30345.0,30420.0,23,2025-05-12 05:52:00
1747029180,30420.0,30420.0,30370.0,30370.0,6,2025-05-12 05:53:00
1747029240,30370.0,30420.0,30370.0,30415.0,3,2025-05-12 05:54:00
1747029300,30415.0,30425.0,30415.0,30425.0,7,2025-05-12 05:55:00
1747029360,30425.0,30425.0,30285.0,30360.0,57,2025-05-12 05:56:00
1747029420,30360.0,30360.0,30345.0,30345.0,2,2025-05-12 05:57:00
1747029480,30355.0,30355.0,30285.0,30345.0,33,2025-05-12 05:58:00
1747029540,30345.0,30350.0,30290.0,30350.0,3,2025-05-12 05:59:00
1747029600,30350.0,30355.0,30305.0,30350.0,4,2025-05-12 06:00:00
1747029660,30350.0,30350.0,30285.0,30350.0,12,2025-05-12 06:01:00
1747029720,30350.0,30350.0,30290.0,30290.0,7,2025-05-12 06:02:00
1747029780,30290.0,30350.0,30290.0,30350.0,2,2025-05-12 06:03:00
1747029840,30350.0,30355.0,30325.0,30325.0,5,2025-05-12 06:04:00
1747029900,30325.0,30345.0,30325.0,30345.0,2,2025-05-12 06:05:00
1747029960,30345.0,30350.0,30320.0,30350.0,7,2025-05-12 06:06:00
1747030020,30350.0,30355.0,30345.0,30345.0,2,2025-05-12 06:07:00
1747030080,30345.0,30355.0,30345.0,30345.0,3,2025-05-12 06:08:00
1747030140,30345.0,30345.0,30290.0,30340.0,15,2025-05-12 06:09:00
1747030200,30340.0,30355.0,30340.0,30340.0,3,2025-05-12 06:10:00
1747030260,30340.0,30340.0,30340.0,30340.0,2,2025-05-12 06:11:00
1747030320,30340.0,30340.0,30285.0,30325.0,21,2025-05-12 06:12:00
1747030380,30325.0,30325.0,30315.0,30315.0,2,2025-05-12 06:13:00
1747030440,30315.0,30330.0,30315.0,30330.0,4,2025-05-12 06:14:00
1747030500,30330.0,30345.0,30330.0,30345.0,4,2025-05-12 06:15:00
1747030560,30345.0,30345.0,30285.0,30335.0,6,2025-05-12 06:16:00
1747030620,30335.0,30350.0,30315.0,30350.0,8,2025-05-12 06:17:00
1747030680,30350.0,30350.0,30330.0,30350.0,3,2025-05-12 06:18:00
1747030740,30350.0,30355.0,30350.0,30355.0,2,2025-05-12 06:19:00
1747030800,30355.0,30355.0,30310.0,30325.0,14,2025-05-12 06:20:00
1747030860,30325.0,30355.0,30325.0,30340.0,18,2025-05-12 06:21:00
1747030920,30340.0,30350.0,30305.0,30350.0,4,2025-05-12 06:22:00
1747030980,30350.0,30350.0,30350.0,30350.0,4,2025-05-12 06:23:00
1747031040,30350.0,30370.0,30350.0,30365.0,4,2025-05-12 06:24:00
1747031100,30365.0,30370.0,30365.0,30370.0,3,2025-05-12 06:25:00
1747031160,30370.0,30375.0,30370.0,30375.0,4,2025-05-12 06:26:00
1747031220,30375.0,30375.0,30375.0,30375.0,2,2025-05-12 06:27:00
1747031280,30375.0,30375.0,30375.0,30375.0,4,2025-05-12 06:28:00
1747031340,30375.0,30375.0,30375.0,30375.0,2,2025-05-12 06:29:00
1747031400,30375.0,30375.0,30375.0,30375.0,4,2025-05-12 06:30:00
1747031460,30375.0,30375.0,30370.0,30370.0,2,2025-05-12 06:31:00
1747031520,30370.0,30370.0,30310.0,30320.0,5,2025-05-12 06:32:00
1747031580,30320.0,30320.0,30280.0,30320.0,3,2025-05-12 06:33:00
1747031640,30320.0,30320.0,30250.0,30250.0,19,2025-05-12 06:34:00
1747031700,30250.0,30300.0,30230.0,30285.0,10,2025-05-12 06:35:00
1747031760,30285.0,30285.0,30240.0,30240.0,3,2025-05-12 06:36:00
1747031820,30240.0,30280.0,30240.0,30280.0,3,2025-05-12 06:37:00
1747031880,30280.0,30295.0,30280.0,30295.0,3,2025-05-12 06:38:00
1747031940,30295.0,30295.0,30295.0,30295.0,2,2025-05-12 06:39:00
1747032000,30295.0,30300.0,30200.0,30245.0,61,2025-05-12 06:40:00
1747032060,30245.0,30245.0,30185.0,30235.0,5,2025-05-12 06:41:00
1747032120,30235.0,30250.0,30235.0,30250.0,9,2025-05-12 06:42:00
1747032180,30250.0,30250.0,30150.0,30150.0,47,2025-05-12 06:43:00
1747032240,30150.0,30185.0,30150.0,30185.0,15,2025-05-12 06:44:00
1747032300,30185.0,30185.0,30185.0,30185.0,6,2025-05-12 06:45:00
1747032360,30185.0,30200.0,30180.0,30200.0,4,2025-05-12 06:46:00
1747032420,30200.0,30200.0,30200.0,30200.0,2,2025-05-12 06:47:00
1747032480,30200.0,30200.0,30150.0,30200.0,4,2025-05-12 06:48:00
1747032540,30200.0,30200.0,30200.0,30200.0,3,2025-05-12 06:49:00
1747032600,30200.0,30200.0,30200.0,30200.0,3,2025-05-12 06:50:00
1747032660,30200.0,30200.0,30200.0,30200.0,33,2025-05-12 06:51:00
1747032720,30200.0,30225.0,30175.0,30200.0,10,2025-05-12 06:52:00
1747032780,30175.0,30195.0,30165.0,30195.0,9,2025-05-12 06:53:00
1747032840,30195.0,30210.0,30195.0,30210.0,3,2025-05-12 06:54:00
1747032900,30210.0,30225.0,30165.0,30225.0,4,2025-05-12 06:55:00
1747032960,30225.0,30240.0,30165.0,30200.0,30,2025-05-12 06:56:00
1747033020,30200.0,30225.0,30165.0,30225.0,7,2025-05-12 06:57:00
1747033080,30225.0,30230.0,30220.0,30220.0,3,2025-05-12 06:58:00
1747033140,30220.0,30235.0,30220.0,30225.0,2,2025-05-12 06:59:00
1747033200,30225.0,30225.0,30225.0,30225.0,3,2025-05-12 07:00:00
1747033260,30225.0,30235.0,30195.0,30195.0,3,2025-05-12 07:01:00
1747033320,30195.0,30240.0,30195.0,30240.0,6,2025-05-12 07:02:00
1747033380,30240.0,30240.0,30235.0,30235.0,2,2025-05-12 07:03:00
1747033440,30235.0,30240.0,30235.0,30240.0,5,2025-05-12 07:04:00
1747033500,30240.0,30240.0,30240.0,30240.0,3,2025-05-12 07:05:00
1747033560,30240.0,30240.0,30215.0,30240.0,8,2025-05-12 07:06:00
1747033620,30240.0,30240.0,30165.0,30165.0,12,2025-05-12 07:07:00
1747033680,30165.0,30240.0,30165.0,30240.0,3,2025-05-12 07:08:00
1747033740,30235.0,30280.0,30235.0,30280.0,23,2025-05-12 07:09:00
1747033800,30280.0,30280.0,30240.0,30240.0,4,2025-05-12 07:10:00
1747033860,30240.0,30275.0,30240.0,30275.0,2,2025-05-12 07:11:00
1747033920,30275.0,30275.0,30275.0,30275.0,3,2025-05-12 07:12:00
1747033980,30275.0,30275.0,30235.0,30270.0,5,2025-05-12 07:13:00
1747034040,30270.0,30275.0,30200.0,30200.0,45,2025-05-12 07:14:00
1747034100,30200.0,30240.0,30200.0,30220.0,3,2025-05-12 07:15:00
1747034160,30220.0,30240.0,30220.0,30240.0,16,2025-05-12 07:16:00
1747034220,30220.0,30245.0,30180.0,30190.0,9,2025-05-12 07:17:00
1747034280,30190.0,30245.0,30190.0,30245.0,6,2025-05-12 07:18:00
1747034340,30245.0,30245.0,30190.0,30190.0,3,2025-05-12 07:19:00
1747034400,30190.0,30245.0,30190.0,30190.0,5,2025-05-12 07:20:00
1747034460,30190.0,30240.0,30190.0,30235.0,15,2025-05-12 07:21:00
1747034520,30190.0,30225.0,30175.0,30225.0,15,2025-05-12 07:22:00
1747034580,30225.0,30235.0,30225.0,30235.0,2,2025-05-12 07:23:00
1747034640,30235.0,30240.0,30185.0,30185.0,5,2025-05-12 07:24:00
1747034700,30185.0,30240.0,30165.0,30240.0,4,2025-05-12 07:25:00
1747034760,30240.0,30240.0,30175.0,30240.0,8,2025-05-12 07:26:00
1747034820,30240.0,30240.0,30240.0,30240.0,2,2025-05-12 07:27:00
1747034880,30240.0,30240.0,30205.0,30240.0,4,2025-05-12 07:28:00
1747034940,30240.0,30240.0,30200.0,30200.0,8,2025-05-12 07:29:00
1747035000,30200.0,30240.0,30200.0,30240.0,5,2025-05-12 07:30:00
1747035060,30240.0,30240.0,30185.0,30235.0,7,2025-05-12 07:31:00
1747035120,30235.0,30235.0,30235.0,30235.0,3,2025-05-12 07:32:00
1747035180,30235.0,30240.0,30200.0,30200.0,10,2025-05-12 07:33:00
1747035240,30200.0,30245.0,30200.0,30245.0,3,2025-05-12 07:34:00
1747035300,30245.0,30245.0,30245.0,30245.0,5,2025-05-12 07:35:00
1747035360,30245.0,30245.0,30245.0,30245.0,3,2025-05-12 07:36:00
1747035420,30245.0,30250.0,30245.0,30250.0,4,2025-05-12 07:37:00
1747035480,30250.0,30250.0,30060.0,30060.0,71,2025-05-12 07:38:00
1747035540,30060.0,30195.0,30060.0,30195.0,12,2025-05-12 07:39:00
1747035600,30195.0,30245.0,30195.0,30220.0,4,2025-05-12 07:40:00
1747035660,30220.0,30245.0,30205.0,30245.0,3,2025-05-12 07:41:00
1747035720,30245.0,30245.0,30200.0,30240.0,5,2025-05-12 07:42:00
1747035780,30240.0,30240.0,30150.0,30215.0,27,2025-05-12 07:43:00
1747035840,30215.0,30215.0,30190.0,30215.0,5,2025-05-12 07:44:00
1747035900,30215.0,30215.0,30215.0,30215.0,2,2025-05-12 07:45:00
1747035960,30215.0,30235.0,30215.0,30235.0,4,2025-05-12 07:46:00
1747036020,30240.0,30245.0,30175.0,30215.0,9,2025-05-12 07:47:00
1747036080,30215.0,30235.0,30215.0,30235.0,3,2025-05-12 07:48:00
1747036140,30235.0,30235.0,30140.0,30140.0,20,2025-05-12 07:49:00
1747036200,30140.0,30225.0,30140.0,30225.0,4,2025-05-12 07:50:00
1747036260,30225.0,30235.0,30225.0,30235.0,2,2025-05-12 07:51:00
1747036320,30235.0,30235.0,30180.0,30230.0,4,2025-05-12 07:52:00
1747036380,30180.0,30200.0,30180.0,30200.0,14,2025-05-12 07:53:00
1747036440,30200.0,30230.0,30165.0,30230.0,5,2025-05-12 07:54:00
1747036500,30230.0,30235.0,30195.0,30195.0,4,2025-05-12 07:55:00
1747036560,30195.0,30235.0,30185.0,30185.0,6,2025-05-12 07:56:00
1747036620,30185.0,30200.0,30185.0,30200.0,2,2025-05-12 07:57:00
1747036680,30200.0,30230.0,30170.0,30230.0,4,2025-05-12 07:58:00
1747036740,30230.0,30235.0,30150.0,30150.0,30,2025-05-12 07:59:00
1747036800,30150.0,30230.0,30150.0,30225.0,6,2025-05-12 08:00:00
1747036860,30225.0,30230.0,30165.0,30165.0,70,2025-05-12 08:01:00
1747036920,30165.0,30225.0,30165.0,30175.0,8,2025-05-12 08:02:00
1747036980,30175.0,30215.0,30130.0,30195.0,8,2025-05-12 08:03:00
1747037040,30195.0,30210.0,30155.0,30210.0,6,2025-05-12 08:04:00
1747037100,30210.0,30215.0,30140.0,30150.0,7,2025-05-12 08:05:00
1747037160,30150.0,30205.0,30135.0,30155.0,9,2025-05-12 08:06:00
1747037220,30155.0,30195.0,30145.0,30165.0,8,2025-05-12 08:07:00
1747037280,30165.0,30195.0,30080.0,30175.0,54,2025-05-12 08:08:00
1747037340,30175.0,30175.0,30135.0,30175.0,4,2025-05-12 08:09:00
1747037400,30175.0,30175.0,30125.0,30165.0,6,2025-05-12 08:10:00
1747037460,30165.0,30195.0,30140.0,30150.0,15,2025-05-12 08:11:00
1747037520,30150.0,30225.0,30150.0,30195.0,17,2025-05-12 08:12:00
1747037580,30195.0,30220.0,30160.0,30165.0,280,2025-05-12 08:13:00
1747037640,30165.0,30210.0,30165.0,30165.0,4,2025-05-12 08:14:00
1747037700,30165.0,30210.0,30160.0,30210.0,5,2025-05-12 08:15:00
1747037760,30175.0,30220.0,30170.0,30220.0,5,2025-05-12 08:16:00
1747037820,30220.0,30230.0,30170.0,30225.0,12,2025-05-12 08:17:00
1747037880,30225.0,30235.0,30190.0,30235.0,12,2025-05-12 08:18:00
1747037940,30235.0,30235.0,30190.0,30190.0,109,2025-05-12 08:19:00
1747038000,30190.0,30245.0,30165.0,30195.0,22,2025-05-12 08:20:00
1747038060,30195.0,30200.0,30165.0,30175.0,5,2025-05-12 08:21:00
1747038120,30175.0,30220.0,30175.0,30220.0,5,2025-05-12 08:22:00
1747038180,30175.0,30235.0,30175.0,30235.0,5,2025-05-12 08:23:00
1747038240,30235.0,30235.0,30175.0,30215.0,10,2025-05-12 08:24:00
1747038300,30215.0,30220.0,30160.0,30205.0,261,2025-05-12 08:25:00
1747038360,30205.0,30205.0,30125.0,30155.0,40,2025-05-12 08:26:00
1747038420,30155.0,30155.0,30105.0,30105.0,10,2025-05-12 08:27:00
1747038480,30105.0,30155.0,30105.0,30150.0,9,2025-05-12 08:28:00
1747038540,30150.0,30150.0,30010.0,30020.0,76,2025-05-12 08:29:00
1747038600,30020.0,30175.0,30020.0,30155.0,38,2025-05-12 08:30:00
1747038660,30100.0,30165.0,30100.0,30100.0,5,2025-05-12 08:31:00
1747038720,30100.0,30170.0,30100.0,30170.0,7,2025-05-12 08:32:00
1747038780,30170.0,30170.0,30110.0,30120.0,9,2025-05-12 08:33:00
1747038840,30120.0,30170.0,30115.0,30115.0,6,2025-05-12 08:34:00
1747038900,30115.0,30170.0,30115.0,30125.0,6,2025-05-12 08:35:00
1747038960,30125.0,30170.0,30120.0,30160.0,17,2025-05-12 08:36:00
1747039020,30160.0,30170.0,30125.0,30125.0,5,2025-05-12 08:37:00
1747039080,30125.0,30170.0,30120.0,30170.0,4,2025-05-12 08:38:00
1747039140,30125.0,30170.0,30125.0,30135.0,12,2025-05-12 08:39:00
1747039200,30115.0,30170.0,30115.0,30170.0,11,2025-05-12 08:40:00
1747039260,30170.0,30170.0,30115.0,30160.0,7,2025-05-12 08:41:00
1747039320,30160.0,30175.0,30120.0,30170.0,7,2025-05-12 08:42:00
1747039380,30170.0,30170.0,30120.0,30120.0,7,2025-05-12 08:43:00
1747039440,30120.0,30170.0,30120.0,30120.0,12,2025-05-12 08:44:00
1747039500,30120.0,30165.0,30120.0,30135.0,4,2025-05-12 08:45:00
1747039560,30130.0,30170.0,30115.0,30170.0,25,2025-05-12 08:46:00
1747039620,30130.0,30175.0,30110.0,30160.0,36,2025-05-12 08:47:00
1747039680,30145.0,30145.0,30100.0,30145.0,9,2025-05-12 08:48:00
1747039740,30145.0,30145.0,30100.0,30145.0,5,2025-05-12 08:49:00
1747039800,30140.0,30140.0,30100.0,30100.0,16,2025-05-12 08:50:00
1747039860,30100.0,30140.0,30100.0,30100.0,6,2025-05-12 08:51:00
1747039920,30100.0,30140.0,30100.0,30140.0,6,2025-05-12 08:52:00
1747039980,30140.0,30140.0,30100.0,30100.0,37,2025-05-12 08:53:00
1747040040,30100.0,30150.0,30100.0,30150.0,30,2025-05-12 08:54:00
1747040100,30115.0,30150.0,30115.0,30115.0,6,2025-05-12 08:55:00
1747040160,30115.0,30150.0,30115.0,30150.0,8,2025-05-12 08:56:00
1747040220,30150.0,30165.0,30120.0,30165.0,24,2025-05-12 08:57:00
1747040280,30165.0,30170.0,30125.0,30170.0,7,2025-05-12 08:58:00
1747040340,30170.0,30170.0,30130.0,30130.0,4,2025-05-12 08:59:00
1747040400,30130.0,30170.0,30130.0,30170.0,7,2025-05-12 09:00:00
1747040460,30170.0,30170.0,30130.0,30130.0,4,2025-05-12 09:01:00
1747040520,30130.0,30165.0,30130.0,30130.0,7,2025-05-12 09:02:00
1747040580,30130.0,30160.0,30130.0,30160.0,4,2025-05-12 09:03:00
1747040640,30160.0,30160.0,30130.0,30160.0,5,2025-05-12 09:04:00
1747040700,30160.0,30160.0,30130.0,30160.0,7,2025-05-12 09:05:00
1747040760,30160.0,30160.0,30130.0,30160.0,6,2025-05-12 09:06:00
1747040820,30160.0,30160.0,30130.0,30130.0,6,2025-05-12 09:07:00
1747040880,30130.0,30160.0,30110.0,30155.0,13,2025-05-12 09:08:00
1747040940,30155.0,30160.0,30115.0,30115.0,4,2025-05-12 09:09:00
1747041000,30115.0,30155.0,30115.0,30115.0,40,2025-05-12 09:10:00
1747041060,30115.0,30155.0,30115.0,30155.0,8,2025-05-12 09:11:00
1747041120,30120.0,30155.0,30115.0,30155.0,57,2025-05-12 09:12:00
1747041180,30155.0,30155.0,30110.0,30145.0,19,2025-05-12 09:13:00
1747041240,30145.0,30155.0,30110.0,30150.0,9,2025-05-12 09:14:00
1747041300,30110.0,30150.0,30110.0,30145.0,18,2025-05-12 09:15:00
1747041360,30145.0,30150.0,30110.0,30150.0,13,2025-05-12 09:16:00
1747041420,30150.0,30150.0,30110.0,30115.0,7,2025-05-12 09:17:00
1747041480,30115.0,30150.0,30110.0,30145.0,16,2025-05-12 09:18:00
1747041540,30115.0,30160.0,30115.0,30160.0,10,2025-05-12 09:19:00
1747041600,30160.0,30160.0,30115.0,30155.0,11,2025-05-12 09:20:00
1747041660,30155.0,30155.0,30115.0,30155.0,7,2025-05-12 09:21:00
1747041720,30115.0,30155.0,30110.0,30155.0,9,2025-05-12 09:22:00
1747041780,30155.0,30155.0,30115.0,30115.0,8,2025-05-12 09:23:00
1747041840,30115.0,30150.0,30110.0,30115.0,18,2025-05-12 09:24:00
1747041900,30115.0,30145.0,30115.0,30115.0,10,2025-05-12 09:25:00
1747041960,30140.0,30140.0,30115.0,30130.0,8,2025-05-12 09:26:00
1747042020,30115.0,30130.0,30110.0,30130.0,7,2025-05-12 09:27:00
1747042080,30130.0,30130.0,30110.0,30130.0,9,2025-05-12 09:28:00
1747042140,30130.0,30130.0,30100.0,30130.0,8,2025-05-12 09:29:00
1747042200,30130.0,30135.0,30100.0,30130.0,16,2025-05-12 09:30:00
1747042260,30090.0,30100.0,30035.0,30060.0,81,2025-05-12 09:31:00
1747042320,30060.0,30090.0,30060.0,30090.0,13,2025-05-12 09:32:00
1747042380,30090.0,30090.0,30065.0,30070.0,7,2025-05-12 09:33:00
1747042440,30065.0,30090.0,30060.0,30080.0,9,2025-05-12 09:34:00
1747042500,30060.0,30095.0,30060.0,30095.0,13,2025-05-12 09:35:00
1747042560,30100.0,30100.0,30060.0,30095.0,19,2025-05-12 09:36:00
1747042620,30095.0,30095.0,30065.0,30090.0,6,2025-05-12 09:37:00
1747042680,30090.0,30090.0,30065.0,30090.0,11,2025-05-12 09:38:00
1747042740,30090.0,30090.0,30070.0,30090.0,3,2025-05-12 09:39:00
1747042800,30090.0,30105.0,30070.0,30070.0,6,2025-05-12 09:40:00
1747042860,30070.0,30075.0,30050.0,30055.0,21,2025-05-12 09:41:00
1747042920,30055.0,30090.0,30055.0,30065.0,6,2025-05-12 09:42:00
1747042980,30065.0,30085.0,30055.0,30060.0,20,2025-05-12 09:43:00
1747043040,30055.0,30080.0,30055.0,30055.0,12,2025-05-12 09:44:00
1747043100,30055.0,30090.0,30055.0,30090.0,39,2025-05-12 09:45:00
1747043160,30065.0,30075.0,30055.0,30055.0,18,2025-05-12 09:46:00
1747043220,30055.0,30090.0,30055.0,30055.0,43,2025-05-12 09:47:00
1747043280,30055.0,30060.0,30055.0,30060.0,7,2025-05-12 09:48:00
1747043340,30060.0,30080.0,30060.0,30060.0,18,2025-05-12 09:49:00
1747043400,30060.0,30085.0,30030.0,30030.0,55,2025-05-12 09:50:00
1747043460,30030.0,30080.0,30030.0,30080.0,16,2025-05-12 09:51:00
1747043520,30080.0,30085.0,30040.0,30040.0,43,2025-05-12 09:52:00
1747043580,30085.0,30085.0,30040.0,30040.0,9,2025-05-12 09:53:00
1747043640,30045.0,30075.0,30045.0,30075.0,16,2025-05-12 09:54:00
1747043700,30075.0,30085.0,30050.0,30085.0,17,2025-05-12 09:55:00
1747043760,30085.0,30085.0,30050.0,30080.0,15,2025-05-12 09:56:00
1747043820,30065.0,30075.0,30065.0,30075.0,27,2025-05-12 09:57:00
1747043880,30075.0,30075.0,30070.0,30075.0,63,2025-05-12 09:58:00
1747043940,30075.0,30085.0,30050.0,30085.0,30,2025-05-12 09:59:00
1747107900,30000.0,30500.0,30000.0,30215.0,110,2025-05-13 03:45:00
1747107960,30215.0,30280.0,30165.0,30280.0,28,2025-05-13 03:46:00
1747108020,30280.0,30280.0,30205.0,30220.0,50,2025-05-13 03:47:00
1747108080,30220.0,30220.0,30005.0,30175.0,136,2025-05-13 03:48:00
1747108140,30130.0,30130.0,30075.0,30075.0,105,2025-05-13 03:49:00
1747108200,30075.0,30195.0,30075.0,30145.0,47,2025-05-13 03:50:00
1747108260,30145.0,30170.0,30085.0,30170.0,43,2025-05-13 03:51:00
1747108320,30170.0,30170.0,30075.0,30145.0,35,2025-05-13 03:52:00
1747108380,30145.0,30200.0,30115.0,30200.0,58,2025-05-13 03:53:00
1747108440,30155.0,30280.0,30155.0,30245.0,114,2025-05-13 03:54:00
1747108500,30245.0,30300.0,30245.0,30245.0,101,2025-05-13 03:55:00
1747108560,30300.0,30300.0,30145.0,30145.0,57,2025-05-13 03:56:00
1747108620,30145.0,30215.0,30145.0,30215.0,5,2025-05-13 03:57:00
1747108680,30215.0,30240.0,30200.0,30240.0,6,2025-05-13 03:58:00
1747108740,30220.0,30220.0,30180.0,30180.0,4,2025-05-13 03:59:00
1747108800,30180.0,30180.0,30130.0,30180.0,41,2025-05-13 04:00:00
1747108860,30180.0,30220.0,30150.0,30150.0,6,2025-05-13 04:01:00
1747108920,30150.0,30160.0,30140.0,30140.0,15,2025-05-13 04:02:00
1747108980,30140.0,30220.0,30140.0,30220.0,24,2025-05-13 04:03:00
1747109040,30220.0,30225.0,30220.0,30220.0,8,2025-05-13 04:04:00
1747109100,30220.0,30225.0,30220.0,30225.0,1,2025-05-13 04:05:00
1747109160,30225.0,30225.0,30160.0,30185.0,5,2025-05-13 04:06:00
1747109220,30185.0,30255.0,30185.0,30255.0,55,2025-05-13 04:07:00
1747109280,30255.0,30255.0,30255.0,30255.0,0,2025-05-13 04:08:00
1747109340,30255.0,30255.0,30195.0,30245.0,25,2025-05-13 04:09:00
1747109400,30245.0,30245.0,30180.0,30180.0,25,2025-05-13 04:10:00
1747109460,30190.0,30190.0,30185.0,30185.0,33,2025-05-13 04:11:00
1747109520,30185.0,30220.0,30185.0,30220.0,4,2025-05-13 04:12:00
1747109580,30220.0,30220.0,30180.0,30180.0,7,2025-05-13 04:13:00
1747109640,30180.0,30180.0,30180.0,30180.0,1,2025-05-13 04:14:00
1747109700,30180.0,30210.0,30150.0,30200.0,17,2025-05-13 04:15:00
1747109760,30200.0,30240.0,30200.0,30240.0,22,2025-05-13 04:16:00
1747109820,30175.0,30275.0,30175.0,30240.0,24,2025-05-13 04:17:00
1747109880,30175.0,30205.0,30175.0,30205.0,11,2025-05-13 04:18:00
1747109940,30205.0,30205.0,30205.0,30205.0,2,2025-05-13 04:19:00
1747110000,30205.0,30205.0,30170.0,30170.0,116,2025-05-13 04:20:00
1747110060,30170.0,30170.0,30145.0,30155.0,19,2025-05-13 04:21:00
1747110120,30155.0,30155.0,30155.0,30155.0,0,2025-05-13 04:22:00
1747110180,30155.0,30155.0,30155.0,30155.0,0,2025-05-13 04:23:00
1747110240,30155.0,30155.0,30150.0,30150.0,1,2025-05-13 04:24:00
1747110300,30150.0,30150.0,30120.0,30145.0,20,2025-05-13 04:25:00
1747110360,30145.0,30170.0,30145.0,30160.0,312,2025-05-13 04:26:00
1747110420,30145.0,30185.0,30145.0,30185.0,7,2025-05-13 04:27:00
1747110480,30155.0,30195.0,30145.0,30185.0,35,2025-05-13 04:28:00
1747110540,30185.0,30190.0,30160.0,30190.0,8,2025-05-13 04:29:00
1747110600,30190.0,30190.0,30145.0,30190.0,11,2025-05-13 04:30:00
1747110660,30150.0,30150.0,30150.0,30150.0,1,2025-05-13 04:31:00
1747110720,30150.0,30155.0,30150.0,30155.0,5,2025-05-13 04:32:00
1747110780,30155.0,30155.0,30140.0,30140.0,3,2025-05-13 04:33:00
1747110840,30140.0,30140.0,30140.0,30140.0,0,2025-05-13 04:34:00
1747110900,30140.0,30140.0,30140.0,30140.0,0,2025-05-13 04:35:00
1747110960,30140.0,30140.0,30140.0,30140.0,0,2025-05-13 04:36:00
1747111020,30140.0,30185.0,30140.0,30185.0,25,2025-05-13 04:37:00
1747111080,30185.0,30195.0,30185.0,30195.0,5,2025-05-13 04:38:00
1747111140,30195.0,30195.0,30195.0,30195.0,1,2025-05-13 04:39:00
1747111200,30155.0,30155.0,30155.0,30155.0,2,2025-05-13 04:40:00
1747111260,30155.0,30155.0,30155.0,30155.0,0,2025-05-13 04:41:00
1747111320,30190.0,30190.0,30140.0,30140.0,9,2025-05-13 04:42:00
1747111380,30140.0,30140.0,30140.0,30140.0,0,2025-05-13 04:43:00
1747111440,30140.0,30140.0,30140.0,30140.0,0,2025-05-13 04:44:00
1747111500,30140.0,30195.0,30140.0,30195.0,5,2025-05-13 04:45:00
1747111560,30195.0,30195.0,30195.0,30195.0,0,2025-05-13 04:46:00
1747111620,30195.0,30200.0,30155.0,30200.0,2,2025-05-13 04:47:00
1747111680,30200.0,30200.0,30200.0,30200.0,10,2025-05-13 04:48:00
1747111740,30200.0,30200.0,30200.0,30200.0,2,2025-05-13 04:49:00
1747111800,30200.0,30215.0,30200.0,30215.0,5,2025-05-13 04:50:00
1747111860,30215.0,30235.0,30215.0,30235.0,1,2025-05-13 04:51:00
1747111920,30235.0,30235.0,30235.0,30235.0,0,2025-05-13 04:52:00
1747111980,30235.0,30235.0,30235.0,30235.0,1,2025-05-13 04:53:00
1747112040,30235.0,30235.0,30235.0,30235.0,0,2025-05-13 04:54:00
1747112100,30235.0,30235.0,30235.0,30235.0,0,2025-05-13 04:55:00
1747112160,30235.0,30235.0,30230.0,30230.0,2,2025-05-13 04:56:00
1747112220,30230.0,30235.0,30230.0,30235.0,1,2025-05-13 04:57:00
1747112280,30235.0,30235.0,30195.0,30195.0,6,2025-05-13 04:58:00
1747112340,30195.0,30230.0,30195.0,30230.0,7,2025-05-13 04:59:00
1747112400,30230.0,30245.0,30180.0,30180.0,21,2025-05-13 05:00:00
1747112460,30180.0,30300.0,30180.0,30300.0,176,2025-05-13 05:01:00
1747112520,30300.0,30350.0,30285.0,30320.0,93,2025-05-13 05:02:00
1747112580,30335.0,30345.0,30255.0,30285.0,20,2025-05-13 05:03:00
1747112640,30285.0,30285.0,30225.0,30255.0,8,2025-05-13 05:04:00
1747112700,30255.0,30265.0,30195.0,30195.0,8,2025-05-13 05:05:00
1747112760,30230.0,30245.0,30195.0,30195.0,32,2025-05-13 05:06:00
1747112820,30195.0,30220.0,30160.0,30160.0,25,2025-05-13 05:07:00
1747112880,30160.0,30205.0,30155.0,30200.0,6,2025-05-13 05:08:00
1747112940,30200.0,30205.0,30155.0,30195.0,5,2025-05-13 05:09:00
1747113000,30195.0,30215.0,30165.0,30215.0,5,2025-05-13 05:10:00
1747113060,30215.0,30220.0,30165.0,30205.0,4,2025-05-13 05:11:00
1747113120,30205.0,30215.0,30180.0,30180.0,3,2025-05-13 05:12:00
1747113180,30180.0,30220.0,30170.0,30215.0,7,2025-05-13 05:13:00
1747113240,30215.0,30215.0,30170.0,30215.0,3,2025-05-13 05:14:00
1747113300,30215.0,30240.0,30185.0,30185.0,5,2025-05-13 05:15:00
1747113360,30185.0,30240.0,30185.0,30240.0,3,2025-05-13 05:16:00
1747113420,30240.0,30240.0,30190.0,30190.0,3,2025-05-13 05:17:00
1747113480,30190.0,30240.0,30185.0,30185.0,3,2025-05-13 05:18:00
1747113540,30185.0,30235.0,30185.0,30190.0,10,2025-05-13 05:19:00
1747113600,30190.0,30245.0,30190.0,30235.0,6,2025-05-13 05:20:00
1747113660,30235.0,30255.0,30195.0,30195.0,37,2025-05-13 05:21:00
1747113720,30195.0,30245.0,30195.0,30200.0,12,2025-05-13 05:22:00
1747113780,30235.0,30250.0,30200.0,30250.0,9,2025-05-13 05:23:00
1747113840,30250.0,30260.0,30205.0,30205.0,9,2025-05-13 05:24:00
1747113900,30205.0,30260.0,30200.0,30250.0,5,2025-05-13 05:25:00
1747113960,30220.0,30255.0,30200.0,30200.0,8,2025-05-13 05:26:00
1747114020,30200.0,30245.0,30200.0,30200.0,5,2025-05-13 05:27:00
1747114080,30200.0,30245.0,30195.0,30245.0,13,2025-05-13 05:28:00
1747114140,30245.0,30245.0,30200.0,30205.0,15,2025-05-13 05:29:00
1747114200,30205.0,30250.0,30160.0,30160.0,74,2025-05-13 05:30:00
1747114260,30160.0,30160.0,30145.0,30145.0,33,2025-05-13 05:31:00
1747114320,30145.0,30180.0,30145.0,30150.0,3,2025-05-13 05:32:00
1747114380,30150.0,30190.0,30150.0,30150.0,2,2025-05-13 05:33:00
1747114440,30150.0,30190.0,30150.0,30190.0,4,2025-05-13 05:34:00
1747114500,30190.0,30195.0,30170.0,30170.0,2,2025-05-13 05:35:00
1747114560,30170.0,30210.0,30170.0,30210.0,13,2025-05-13 05:36:00
1747114620,30210.0,30220.0,30170.0,30210.0,4,2025-05-13 05:37:00
1747114680,30210.0,30215.0,30160.0,30210.0,6,2025-05-13 05:38:00
1747114740,30210.0,30225.0,30180.0,30180.0,3,2025-05-13 05:39:00
1747114800,30210.0,30210.0,30180.0,30210.0,4,2025-05-13 05:40:00
1747114860,30210.0,30280.0,30210.0,30235.0,48,2025-05-13 05:41:00
1747114920,30235.0,30280.0,30235.0,30275.0,4,2025-05-13 05:42:00
1747114980,30275.0,30275.0,30205.0,30240.0,17,2025-05-13 05:43:00
1747115040,30240.0,30260.0,30240.0,30260.0,2,2025-05-13 05:44:00
1747115100,30260.0,30260.0,30220.0,30260.0,6,2025-05-13 05:45:00
1747115160,30260.0,30260.0,30215.0,30255.0,5,2025-05-13 05:46:00
1747115220,30255.0,30255.0,30245.0,30245.0,3,2025-05-13 05:47:00
1747115280,30245.0,30250.0,30245.0,30250.0,3,2025-05-13 05:48:00
1747115340,30255.0,30255.0,30230.0,30255.0,12,2025-05-13 05:49:00
1747115400,30255.0,30255.0,30255.0,30255.0,3,2025-05-13 05:50:00
1747115460,30255.0,30255.0,30255.0,30255.0,5,2025-05-13 05:51:00
1747115520,30255.0,30255.0,30255.0,30255.0,2,2025-05-13 05:52:00
1747115580,30255.0,30255.0,30160.0,30250.0,17,2025-05-13 05:53:00
1747115640,30250.0,30250.0,30250.0,30250.0,4,2025-05-13 05:54:00
1747115700,30250.0,30250.0,30250.0,30250.0,5,2025-05-13 05:55:00
1747115760,30250.0,30250.0,30165.0,30245.0,23,2025-05-13 05:56:00
1747115820,30245.0,30260.0,30210.0,30260.0,68,2025-05-13 05:57:00
1747115880,30230.0,30290.0,30230.0,30290.0,9,2025-05-13 05:58:00
1747115940,30290.0,30290.0,30230.0,30290.0,12,2025-05-13 05:59:00
1747116000,30290.0,30290.0,30285.0,30290.0,3,2025-05-13 06:00:00
1747116060,30290.0,30290.0,30290.0,30290.0,4,2025-05-13 06:01:00
1747116120,30290.0,30290.0,30290.0,30290.0,5,2025-05-13 06:02:00
1747116180,30290.0,30320.0,30290.0,30320.0,125,2025-05-13 06:03:00
1747116240,30320.0,30320.0,30315.0,30320.0,4,2025-05-13 06:04:00
1747116300,30320.0,30320.0,30320.0,30320.0,3,2025-05-13 06:05:00
1747116360,30325.0,30325.0,30325.0,30325.0,39,2025-05-13 06:06:00
1747116420,30325.0,30340.0,30325.0,30340.0,23,2025-05-13 06:07:00
1747116480,30340.0,30340.0,30260.0,30305.0,18,2025-05-13 06:08:00
1747116540,30305.0,30305.0,30295.0,30295.0,2,2025-05-13 06:09:00
1747116600,30295.0,30300.0,30295.0,30300.0,5,2025-05-13 06:10:00
1747116660,30300.0,30300.0,30300.0,30300.0,5,2025-05-13 06:11:00
1747116720,30300.0,30310.0,30300.0,30310.0,4,2025-05-13 06:12:00
1747116780,30310.0,30310.0,30265.0,30310.0,7,2025-05-13 06:13:00
1747116840,30310.0,30320.0,30310.0,30315.0,5,2025-05-13 06:14:00
1747116900,30315.0,30320.0,30315.0,30320.0,5,2025-05-13 06:15:00
1747116960,30270.0,30310.0,30255.0,30295.0,11,2025-05-13 06:16:00
1747117020,30295.0,30300.0,30285.0,30300.0,5,2025-05-13 06:17:00
1747117080,30300.0,30300.0,30300.0,30300.0,2,2025-05-13 06:18:00
1747117140,30300.0,30300.0,30265.0,30300.0,21,2025-05-13 06:19:00
1747117200,30300.0,30310.0,30295.0,30310.0,4,2025-05-13 06:20:00
1747117260,30310.0,30310.0,30300.0,30300.0,14,2025-05-13 06:21:00
1747117320,30315.0,30315.0,30315.0,30315.0,23,2025-05-13 06:22:00
1747117380,30315.0,30315.0,30290.0,30310.0,8,2025-05-13 06:23:00
1747117440,30310.0,30320.0,30310.0,30320.0,6,2025-05-13 06:24:00
1747117500,30320.0,30325.0,30320.0,30325.0,3,2025-05-13 06:25:00
1747117560,30325.0,30335.0,30325.0,30335.0,2,2025-05-13 06:26:00
1747117620,30335.0,30340.0,30335.0,30340.0,10,2025-05-13 06:27:00
1747117680,30340.0,30340.0,30275.0,30275.0,17,2025-05-13 06:28:00
1747117740,30275.0,30320.0,30275.0,30320.0,4,2025-05-13 06:29:00
1747117800,30320.0,30320.0,30275.0,30275.0,6,2025-05-13 06:30:00
1747117860,30295.0,30295.0,30290.0,30290.0,5,2025-05-13 06:31:00
1747117920,30290.0,30290.0,30280.0,30285.0,8,2025-05-13 06:32:00
1747117980,30285.0,30285.0,30235.0,30270.0,55,2025-05-13 06:33:00
1747118040,30270.0,30280.0,30270.0,30270.0,11,2025-05-13 06:34:00
1747118100,30270.0,30280.0,30270.0,30280.0,5,2025-05-13 06:35:00
1747118160,30280.0,30280.0,30280.0,30280.0,6,2025-05-13 06:36:00
1747118220,30280.0,30280.0,30280.0,30280.0,6,2025-05-13 06:37:00
1747118280,30280.0,30280.0,30260.0,30275.0,5,2025-05-13 06:38:00
1747118340,30275.0,30285.0,30275.0,30285.0,11,2025-05-13 06:39:00
1747118400,30295.0,30325.0,30295.0,30325.0,15,2025-05-13 06:40:00
1747118460,30325.0,30340.0,30300.0,30300.0,4,2025-05-13 06:41:00
1747118520,30300.0,30300.0,30300.0,30300.0,4,2025-05-13 06:42:00
1747118580,30300.0,30300.0,30265.0,30280.0,9,2025-05-13 06:43:00
1747118640,30295.0,30305.0,30295.0,30305.0,4,2025-05-13 06:44:00
1747118700,30305.0,30320.0,30305.0,30320.0,5,2025-05-13 06:45:00
1747118760,30320.0,30320.0,30320.0,30320.0,6,2025-05-13 06:46:00
1747118820,30320.0,30320.0,30320.0,30320.0,7,2025-05-13 06:47:00
1747118880,30335.0,30335.0,30330.0,30330.0,4,2025-05-13 06:48:00
1747118940,30330.0,30335.0,30295.0,30310.0,5,2025-05-13 06:49:00
1747119000,30310.0,30320.0,30310.0,30310.0,3,2025-05-13 06:50:00
1747119060,30340.0,30340.0,30340.0,30340.0,90,2025-05-13 06:51:00
1747119120,30340.0,30340.0,30290.0,30290.0,8,2025-05-13 06:52:00
1747119180,30290.0,30340.0,30290.0,30340.0,5,2025-05-13 06:53:00
1747119240,30340.0,30340.0,30295.0,30315.0,6,2025-05-13 06:54:00
1747119300,30315.0,30335.0,30280.0,30335.0,18,2025-05-13 06:55:00
1747119360,30335.0,30340.0,30335.0,30340.0,6,2025-05-13 06:56:00
1747119420,30320.0,30340.0,30320.0,30340.0,4,2025-05-13 06:57:00
1747119480,30340.0,30340.0,30290.0,30340.0,5,2025-05-13 06:58:00
1747119540,30340.0,30340.0,30295.0,30335.0,5,2025-05-13 06:59:00
1747119600,30340.0,30340.0,30335.0,30335.0,5,2025-05-13 07:00:00
1747119660,30340.0,30340.0,30340.0,30340.0,7,2025-05-13 07:01:00
1747119720,30340.0,30340.0,30335.0,30335.0,4,2025-05-13 07:02:00
1747119780,30335.0,30340.0,30335.0,30340.0,4,2025-05-13 07:03:00
1747119840,30290.0,30325.0,30290.0,30305.0,10,2025-05-13 07:04:00
1747119900,30330.0,30330.0,30330.0,30330.0,4,2025-05-13 07:05:00
1747119960,30330.0,30335.0,30285.0,30285.0,5,2025-05-13 07:06:00
1747120020,30285.0,30335.0,30285.0,30335.0,6,2025-05-13 07:07:00
1747120080,30335.0,30335.0,30290.0,30330.0,4,2025-05-13 07:08:00
1747120140,30330.0,30340.0,30310.0,30330.0,4,2025-05-13 07:09:00
1747120200,30295.0,30340.0,30295.0,30340.0,11,2025-05-13 07:10:00
1747120260,30340.0,30345.0,30295.0,30345.0,59,2025-05-13 07:11:00
1747120320,30345.0,30345.0,30285.0,30300.0,16,2025-05-13 07:12:00
1747120380,30300.0,30300.0,30280.0,30280.0,4,2025-05-13 07:13:00
1747120440,30290.0,30295.0,30290.0,30295.0,5,2025-05-13 07:14:00
1747120500,30295.0,30295.0,30250.0,30250.0,15,2025-05-13 07:15:00
1747120560,30290.0,30295.0,30200.0,30275.0,49,2025-05-13 07:16:00
1747120620,30275.0,30280.0,30250.0,30270.0,5,2025-05-13 07:17:00
1747120680,30290.0,30300.0,30255.0,30295.0,16,2025-05-13 07:18:00
1747120740,30305.0,30335.0,30260.0,30315.0,19,2025-05-13 07:19:00
1747120800,30315.0,30315.0,30255.0,30255.0,10,2025-05-13 07:20:00
1747120860,30255.0,30320.0,30255.0,30320.0,11,2025-05-13 07:21:00
1747120920,30320.0,30320.0,30265.0,30265.0,6,2025-05-13 07:22:00
1747120980,30265.0,30325.0,30265.0,30285.0,8,2025-05-13 07:23:00
1747121040,30285.0,30315.0,30275.0,30310.0,6,2025-05-13 07:24:00
1747121100,30310.0,30330.0,30245.0,30245.0,12,2025-05-13 07:25:00
1747121160,30315.0,30320.0,30315.0,30320.0,4,2025-05-13 07:26:00
1747121220,30320.0,30335.0,30260.0,30315.0,6,2025-05-13 07:27:00
1747121280,30315.0,30315.0,30250.0,30315.0,8,2025-05-13 07:28:00
1747121340,30315.0,30320.0,30305.0,30320.0,4,2025-05-13 07:29:00
1747121400,30320.0,30320.0,30275.0,30275.0,5,2025-05-13 07:30:00
1747121460,30310.0,30315.0,30310.0,30315.0,13,2025-05-13 07:31:00
1747121520,30315.0,30320.0,30300.0,30320.0,6,2025-05-13 07:32:00
1747121580,30320.0,30335.0,30295.0,30320.0,7,2025-05-13 07:33:00
1747121640,30320.0,30340.0,30310.0,30340.0,3,2025-05-13 07:34:00
1747121700,30330.0,30340.0,30330.0,30340.0,4,2025-05-13 07:35:00
1747121760,30340.0,30340.0,30335.0,30340.0,9,2025-05-13 07:36:00
1747121820,30340.0,30340.0,30280.0,30315.0,11,2025-05-13 07:37:00
1747121880,30315.0,30315.0,30315.0,30315.0,2,2025-05-13 07:38:00
1747121940,30315.0,30330.0,30315.0,30330.0,5,2025-05-13 07:39:00
1747122000,30330.0,30340.0,30320.0,30320.0,6,2025-05-13 07:40:00
1747122060,30320.0,30320.0,30300.0,30300.0,4,2025-05-13 07:41:00
1747122120,30300.0,30300.0,30300.0,30300.0,4,2025-05-13 07:42:00
1747122180,30300.0,30300.0,30265.0,30265.0,4,2025-05-13 07:43:00
1747122240,30265.0,30295.0,30255.0,30295.0,7,2025-05-13 07:44:00
1747122300,30295.0,30300.0,30280.0,30295.0,6,2025-05-13 07:45:00
1747122360,30295.0,30295.0,30295.0,30295.0,5,2025-05-13 07:46:00
1747122420,30295.0,30300.0,30295.0,30300.0,3,2025-05-13 07:47:00
1747122480,30300.0,30300.0,30260.0,30260.0,7,2025-05-13 07:48:00
1747122540,30260.0,30300.0,30260.0,30300.0,20,2025-05-13 07:49:00
1747122600,30300.0,30300.0,30260.0,30300.0,6,2025-05-13 07:50:00
1747122660,30300.0,30300.0,30265.0,30300.0,4,2025-05-13 07:51:00
1747122720,30300.0,30300.0,30300.0,30300.0,31,2025-05-13 07:52:00
1747122780,30300.0,30335.0,30300.0,30335.0,5,2025-05-13 07:53:00
1747122840,30335.0,30340.0,30315.0,30315.0,4,2025-05-13 07:54:00
1747122900,30315.0,30340.0,30315.0,30340.0,2,2025-05-13 07:55:00
1747122960,30340.0,30340.0,30300.0,30300.0,8,2025-05-13 07:56:00
1747123020,30300.0,30340.0,30300.0,30340.0,5,2025-05-13 07:57:00
1747123080,30340.0,30340.0,30300.0,30330.0,5,2025-05-13 07:58:00
1747123140,30310.0,30310.0,30300.0,30300.0,5,2025-05-13 07:59:00
1747123200,30300.0,30300.0,30300.0,30300.0,2,2025-05-13 08:00:00
1747123260,30300.0,30300.0,30300.0,30300.0,6,2025-05-13 08:01:00
1747123320,30300.0,30300.0,30255.0,30295.0,13,2025-05-13 08:02:00
1747123380,30300.0,30310.0,30300.0,30310.0,8,2025-05-13 08:03:00
1747123440,30310.0,30340.0,30310.0,30340.0,2,2025-05-13 08:04:00
1747123500,30340.0,30340.0,30290.0,30290.0,5,2025-05-13 08:05:00
1747123560,30290.0,30340.0,30290.0,30340.0,6,2025-05-13 08:06:00
1747123620,30340.0,30340.0,30255.0,30325.0,22,2025-05-13 08:07:00
1747123680,30325.0,30335.0,30295.0,30295.0,8,2025-05-13 08:08:00
1747123740,30335.0,30340.0,30295.0,30295.0,7,2025-05-13 08:09:00
1747123800,30295.0,30330.0,30275.0,30305.0,12,2025-05-13 08:10:00
1747123860,30270.0,30325.0,30270.0,30290.0,9,2025-05-13 08:11:00
1747123920,30290.0,30325.0,30270.0,30280.0,9,2025-05-13 08:12:00
1747123980,30320.0,30330.0,30320.0,30330.0,4,2025-05-13 08:13:00
1747124040,30330.0,30340.0,30330.0,30340.0,25,2025-05-13 08:14:00
1747124100,30340.0,30340.0,30300.0,30340.0,11,2025-05-13 08:15:00
1747124160,30340.0,30340.0,30290.0,30330.0,11,2025-05-13 08:16:00
1747124220,30330.0,30330.0,30310.0,30325.0,3,2025-05-13 08:17:00
1747124280,30290.0,30340.0,30290.0,30320.0,19,2025-05-13 08:18:00
1747124340,30320.0,30340.0,30320.0,30340.0,3,2025-05-13 08:19:00
1747124400,30300.0,30340.0,30300.0,30330.0,8,2025-05-13 08:20:00
1747124460,30330.0,30340.0,30330.0,30340.0,4,2025-05-13 08:21:00
1747124520,30340.0,30340.0,30295.0,30330.0,10,2025-05-13 08:22:00
1747124580,30330.0,30340.0,30320.0,30340.0,7,2025-05-13 08:23:00
1747124640,30340.0,30380.0,30300.0,30380.0,37,2025-05-13 08:24:00
1747124700,30380.0,30380.0,30330.0,30330.0,18,2025-05-13 08:25:00
1747124760,30330.0,30370.0,30330.0,30370.0,9,2025-05-13 08:26:00
1747124820,30370.0,30380.0,30305.0,30320.0,19,2025-05-13 08:27:00
1747124880,30320.0,30370.0,30320.0,30370.0,6,2025-05-13 08:28:00
1747124940,30370.0,30370.0,30370.0,30370.0,3,2025-05-13 08:29:00
1747125000,30370.0,30370.0,30320.0,30320.0,6,2025-05-13 08:30:00
1747125060,30320.0,30365.0,30300.0,30350.0,15,2025-05-13 08:31:00
1747125120,30350.0,30365.0,30350.0,30365.0,5,2025-05-13 08:32:00
1747125180,30365.0,30365.0,30320.0,30365.0,8,2025-05-13 08:33:00
1747125240,30365.0,30365.0,30320.0,30340.0,5,2025-05-13 08:34:00
1747125300,30340.0,30365.0,30340.0,30365.0,4,2025-05-13 08:35:00
1747125360,30365.0,30365.0,30320.0,30320.0,9,2025-05-13 08:36:00
1747125420,30320.0,30365.0,30310.0,30365.0,6,2025-05-13 08:37:00
1747125480,30340.0,30365.0,30305.0,30310.0,17,2025-05-13 08:38:00
1747125540,30310.0,30355.0,30305.0,30305.0,6,2025-05-13 08:39:00
1747125600,30310.0,30360.0,30310.0,30360.0,9,2025-05-13 08:40:00
1747125660,30360.0,30360.0,30305.0,30355.0,11,2025-05-13 08:41:00
1747125720,30355.0,30355.0,30300.0,30310.0,11,2025-05-13 08:42:00
1747125780,30355.0,30355.0,30300.0,30305.0,8,2025-05-13 08:43:00
1747125840,30305.0,30360.0,30305.0,30315.0,8,2025-05-13 08:44:00
1747125900,30315.0,30360.0,30315.0,30360.0,7,2025-05-13 08:45:00
1747125960,30360.0,30360.0,30310.0,30315.0,5,2025-05-13 08:46:00
1747126020,30350.0,30350.0,30315.0,30325.0,7,2025-05-13 08:47:00
1747126080,30345.0,30350.0,30300.0,30345.0,13,2025-05-13 08:48:00
1747126140,30305.0,30380.0,30305.0,30325.0,41,2025-05-13 08:49:00
1747126200,30325.0,30355.0,30300.0,30350.0,9,2025-05-13 08:50:00
1747126260,30350.0,30350.0,30250.0,30255.0,69,2025-05-13 08:51:00
1747126320,30255.0,30320.0,30255.0,30285.0,13,2025-05-13 08:52:00
1747126380,30285.0,30320.0,30280.0,30280.0,9,2025-05-13 08:53:00
1747126440,30335.0,30335.0,30275.0,30320.0,11,2025-05-13 08:54:00
1747126500,30320.0,30325.0,30280.0,30285.0,10,2025-05-13 08:55:00
1747126560,30315.0,30335.0,30280.0,30290.0,10,2025-05-13 08:56:00
1747126620,30290.0,30330.0,30265.0,30300.0,10,2025-05-13 08:57:00
1747126680,30300.0,30300.0,30255.0,30295.0,12,2025-05-13 08:58:00
1747126740,30295.0,30295.0,30260.0,30270.0,7,2025-05-13 08:59:00
1747126800,30270.0,30295.0,30260.0,30260.0,11,2025-05-13 09:00:00
1747126860,30265.0,30295.0,30265.0,30290.0,9,2025-05-13 09:01:00
1747126920,30295.0,30295.0,30265.0,30295.0,11,2025-05-13 09:02:00
1747126980,30265.0,30305.0,30265.0,30305.0,9,2025-05-13 09:03:00
1747127040,30325.0,30325.0,30270.0,30280.0,9,2025-05-13 09:04:00
1747127100,30280.0,30320.0,30270.0,30295.0,11,2025-05-13 09:05:00
1747127160,30295.0,30315.0,30280.0,30280.0,8,2025-05-13 09:06:00
1747127220,30280.0,30315.0,30265.0,30270.0,8,2025-05-13 09:07:00
1747127280,30320.0,30320.0,30280.0,30280.0,7,2025-05-13 09:08:00
1747127340,30280.0,30325.0,30270.0,30280.0,9,2025-05-13 09:09:00
1747127400,30295.0,30325.0,30270.0,30325.0,8,2025-05-13 09:10:00
1747127460,30325.0,30325.0,30285.0,30320.0,7,2025-05-13 09:11:00
1747127520,30320.0,30330.0,30285.0,30330.0,7,2025-05-13 09:12:00
1747127580,30335.0,30335.0,30295.0,30310.0,12,2025-05-13 09:13:00
1747127640,30310.0,30335.0,30290.0,30295.0,7,2025-05-13 09:14:00
1747127700,30295.0,30335.0,30285.0,30325.0,5,2025-05-13 09:15:00
1747127760,30325.0,30325.0,30285.0,30295.0,8,2025-05-13 09:16:00
1747127820,30335.0,30335.0,30290.0,30295.0,20,2025-05-13 09:17:00
1747127880,30325.0,30335.0,30290.0,30295.0,13,2025-05-13 09:18:00
1747127940,30295.0,30345.0,30295.0,30305.0,8,2025-05-13 09:19:00
1747128000,30305.0,30350.0,30305.0,30330.0,9,2025-05-13 09:20:00
1747128060,30330.0,30330.0,30295.0,30315.0,6,2025-05-13 09:21:00
1747128120,30315.0,30350.0,30295.0,30320.0,11,2025-05-13 09:22:00
1747128180,30320.0,30345.0,30295.0,30320.0,8,2025-05-13 09:23:00
1747128240,30320.0,30350.0,30295.0,30315.0,17,2025-05-13 09:24:00
1747128300,30350.0,30350.0,30305.0,30310.0,11,2025-05-13 09:25:00
1747128360,30250.0,30350.0,30250.0,30340.0,49,2025-05-13 09:26:00
1747128420,30335.0,30360.0,30310.0,30355.0,13,2025-05-13 09:27:00
1747128480,30335.0,30355.0,30310.0,30355.0,8,2025-05-13 09:28:00
1747128540,30355.0,30355.0,30315.0,30350.0,8,2025-05-13 09:29:00
1747128600,30355.0,30360.0,30325.0,30350.0,11,2025-05-13 09:30:00
1747128660,30325.0,30370.0,30320.0,30350.0,12,2025-05-13 09:31:00
1747128720,30320.0,30370.0,30320.0,30350.0,55,2025-05-13 09:32:00
1747128780,30350.0,30380.0,30350.0,30350.0,22,2025-05-13 09:33:00
1747128840,30350.0,30380.0,30320.0,30320.0,21,2025-05-13 09:34:00
1747128900,30350.0,30375.0,30330.0,30350.0,8,2025-05-13 09:35:00
1747128960,30350.0,30380.0,30320.0,30345.0,33,2025-05-13 09:36:00
1747129020,30345.0,30350.0,30325.0,30330.0,25,2025-05-13 09:37:00
1747129080,30375.0,30375.0,30325.0,30325.0,10,2025-05-13 09:38:00
1747129140,30325.0,30380.0,30325.0,30380.0,22,2025-05-13 09:39:00
1747129200,30380.0,30380.0,30330.0,30380.0,55,2025-05-13 09:40:00
1747129260,30380.0,30380.0,30350.0,30380.0,18,2025-05-13 09:41:00
1747129320,30380.0,30380.0,30345.0,30350.0,11,2025-05-13 09:42:00
1747129380,30350.0,30380.0,30350.0,30360.0,75,2025-05-13 09:43:00
1747129440,30360.0,30400.0,30360.0,30360.0,8,2025-05-13 09:44:00
1747129500,30360.0,30420.0,30355.0,30420.0,115,2025-05-13 09:45:00
1747129560,30420.0,30465.0,30405.0,30465.0,86,2025-05-13 09:46:00
1747129620,30455.0,30470.0,30420.0,30465.0,22,2025-05-13 09:47:00
1747129680,30420.0,30465.0,30400.0,30400.0,15,2025-05-13 09:48:00
1747129740,30400.0,30450.0,30400.0,30410.0,6,2025-05-13 09:49:00
1747129800,30410.0,30450.0,30390.0,30445.0,63,2025-05-13 09:50:00
1747129860,30445.0,30445.0,30385.0,30385.0,7,2025-05-13 09:51:00
1747129920,30385.0,30425.0,30370.0,30410.0,22,2025-05-13 09:52:00
1747129980,30410.0,30410.0,30350.0,30355.0,41,2025-05-13 09:53:00
1747130040,30355.0,30435.0,30355.0,30435.0,21,2025-05-13 09:54:00
1747130100,30435.0,30435.0,30415.0,30415.0,45,2025-05-13 09:55:00
1747130160,30415.0,30430.0,30415.0,30430.0,2,2025-05-13 09:56:00
1747130220,30375.0,30430.0,30370.0,30430.0,48,2025-05-13 09:57:00
1747130280,30430.0,30430.0,30370.0,30375.0,31,2025-05-13 09:58:00
1747130340,30375.0,30425.0,30350.0,30350.0,46,2025-05-13 09:59:00
1747194300,30390.0,30485.0,30350.0,30445.0,67,2025-05-14 03:45:00
1747194360,30420.0,30430.0,30355.0,30380.0,21,2025-05-14 03:46:00
1747194420,30380.0,30425.0,30380.0,30400.0,25,2025-05-14 03:47:00
1747194480,30375.0,30450.0,30375.0,30435.0,30,2025-05-14 03:48:00
1747194540,30435.0,30435.0,30390.0,30390.0,3,2025-05-14 03:49:00
1747194600,30380.0,30480.0,30380.0,30460.0,50,2025-05-14 03:50:00
1747194660,30460.0,30460.0,30390.0,30390.0,9,2025-05-14 03:51:00
1747194720,30390.0,30420.0,30375.0,30375.0,12,2025-05-14 03:52:00
1747194780,30375.0,30375.0,30350.0,30375.0,48,2025-05-14 03:53:00
1747194840,30350.0,30375.0,30325.0,30325.0,24,2025-05-14 03:54:00
1747194900,30305.0,30390.0,30305.0,30390.0,43,2025-05-14 03:55:00
1747194960,30390.0,30390.0,30390.0,30390.0,10,2025-05-14 03:56:00
1747195020,30405.0,30405.0,30375.0,30375.0,12,2025-05-14 03:57:00
1747195080,30375.0,30375.0,30375.0,30375.0,0,2025-05-14 03:58:00
1747195140,30375.0,30375.0,30375.0,30375.0,0,2025-05-14 03:59:00
1747195200,30400.0,30400.0,30400.0,30400.0,1,2025-05-14 04:00:00
1747195260,30400.0,30435.0,30400.0,30435.0,1,2025-05-14 04:01:00
1747195320,30435.0,30435.0,30435.0,30435.0,0,2025-05-14 04:02:00
1747195380,30435.0,30435.0,30410.0,30425.0,47,2025-05-14 04:03:00
1747195440,30425.0,30440.0,30425.0,30435.0,5,2025-05-14 04:04:00
1747195500,30435.0,30435.0,30420.0,30435.0,9,2025-05-14 04:05:00
1747195560,30435.0,30450.0,30435.0,30450.0,5,2025-05-14 04:06:00
1747195620,30450.0,30450.0,30400.0,30400.0,6,2025-05-14 04:07:00
1747195680,30400.0,30400.0,30400.0,30400.0,0,2025-05-14 04:08:00
1747195740,30400.0,30450.0,30400.0,30450.0,22,2025-05-14 04:09:00
1747195800,30450.0,30450.0,30450.0,30450.0,0,2025-05-14 04:10:00
1747195860,30450.0,30450.0,30450.0,30450.0,0,2025-05-14 04:11:00
1747195920,30450.0,30450.0,30450.0,30450.0,0,2025-05-14 04:12:00
1747195980,30450.0,30450.0,30450.0,30450.0,0,2025-05-14 04:13:00
1747196040,30450.0,30450.0,30420.0,30450.0,2,2025-05-14 04:14:00
1747196100,30450.0,30450.0,30450.0,30450.0,63,2025-05-14 04:15:00
1747196160,30450.0,30450.0,30450.0,30450.0,3,2025-05-14 04:16:00
1747196220,30415.0,30415.0,30415.0,30415.0,5,2025-05-14 04:17:00
1747196280,30415.0,30420.0,30390.0,30390.0,3,2025-05-14 04:18:00
1747196340,30390.0,30435.0,30390.0,30435.0,3,2025-05-14 04:19:00
1747196400,30435.0,30435.0,30395.0,30395.0,3,2025-05-14 04:20:00
1747196460,30395.0,30435.0,30395.0,30435.0,1,2025-05-14 04:21:00
1747196520,30435.0,30435.0,30410.0,30410.0,1,2025-05-14 04:22:00
1747196580,30410.0,30425.0,30410.0,30425.0,1,2025-05-14 04:23:00
1747196640,30425.0,30425.0,30400.0,30400.0,4,2025-05-14 04:24:00
1747196700,30400.0,30400.0,30400.0,30400.0,0,2025-05-14 04:25:00
1747196760,30400.0,30430.0,30400.0,30430.0,1,2025-05-14 04:26:00
1747196820,30430.0,30430.0,30400.0,30400.0,2,2025-05-14 04:27:00
1747196880,30400.0,30430.0,30400.0,30430.0,1,2025-05-14 04:28:00
1747196940,30430.0,30430.0,30355.0,30355.0,45,2025-05-14 04:29:00
1747197000,30355.0,30355.0,30355.0,30355.0,3,2025-05-14 04:30:00
1747197060,30355.0,30355.0,30355.0,30355.0,17,2025-05-14 04:31:00
1747197120,30355.0,30385.0,30355.0,30370.0,4,2025-05-14 04:32:00
1747197180,30370.0,30370.0,30355.0,30355.0,2,2025-05-14 04:33:00
1747197240,30355.0,30385.0,30355.0,30355.0,3,2025-05-14 04:34:00
1747197300,30355.0,30355.0,30355.0,30355.0,56,2025-05-14 04:35:00
1747197360,30355.0,30355.0,30350.0,30350.0,2,2025-05-14 04:36:00
1747197420,30350.0,30365.0,30350.0,30365.0,4,2025-05-14 04:37:00
1747197480,30365.0,30395.0,30365.0,30365.0,11,2025-05-14 04:38:00
1747197540,30365.0,30365.0,30340.0,30340.0,8,2025-05-14 04:39:00
1747197600,30420.0,30420.0,30355.0,30355.0,11,2025-05-14 04:40:00
1747197660,30355.0,30410.0,30355.0,30410.0,46,2025-05-14 04:41:00
1747197720,30410.0,30410.0,30375.0,30375.0,1,2025-05-14 04:42:00
1747197780,30420.0,30425.0,30345.0,30425.0,33,2025-05-14 04:43:00
1747197840,30425.0,30450.0,30395.0,30395.0,124,2025-05-14 04:44:00
1747197900,30385.0,30450.0,30385.0,30410.0,29,2025-05-14 04:45:00
1747197960,30410.0,30410.0,30390.0,30390.0,2,2025-05-14 04:46:00
1747198020,30390.0,30450.0,30390.0,30400.0,26,2025-05-14 04:47:00
1747198080,30400.0,30440.0,30400.0,30440.0,1,2025-05-14 04:48:00
1747198140,30415.0,30430.0,30415.0,30430.0,14,2025-05-14 04:49:00
1747198200,30430.0,30430.0,30430.0,30430.0,0,2025-05-14 04:50:00
1747198260,30430.0,30430.0,30400.0,30430.0,8,2025-05-14 04:51:00
1747198320,30430.0,30445.0,30410.0,30410.0,27,2025-05-14 04:52:00
1747198380,30410.0,30410.0,30410.0,30410.0,0,2025-05-14 04:53:00
1747198440,30410.0,30440.0,30410.0,30440.0,2,2025-05-14 04:54:00
1747198500,30440.0,30440.0,30440.0,30440.0,0,2025-05-14 04:55:00
1747198560,30440.0,30440.0,30420.0,30420.0,3,2025-05-14 04:56:00
1747198620,30420.0,30420.0,30420.0,30420.0,0,2025-05-14 04:57:00
1747198680,30420.0,30420.0,30420.0,30420.0,0,2025-05-14 04:58:00
1747198740,30420.0,30440.0,30420.0,30440.0,1,2025-05-14 04:59:00
1747198800,30440.0,30440.0,30385.0,30385.0,20,2025-05-14 05:00:00
1747198860,30385.0,30430.0,30385.0,30430.0,1,2025-05-14 05:01:00
1747198920,30430.0,30430.0,30430.0,30430.0,0,2025-05-14 05:02:00
1747198980,30430.0,30430.0,30430.0,30430.0,0,2025-05-14 05:03:00
1747199040,30430.0,30430.0,30425.0,30425.0,4,2025-05-14 05:04:00
1747199100,30425.0,30425.0,30425.0,30425.0,0,2025-05-14 05:05:00
1747199160,30425.0,30425.0,30425.0,30425.0,0,2025-05-14 05:06:00
1747199220,30425.0,30425.0,30425.0,30425.0,0,2025-05-14 05:07:00
1747199280,30425.0,30430.0,30405.0,30430.0,5,2025-05-14 05:08:00
1747199340,30430.0,30430.0,30425.0,30425.0,15,2025-05-14 05:09:00
1747199400,30425.0,30425.0,30400.0,30400.0,2,2025-05-14 05:10:00
1747199460,30400.0,30435.0,30400.0,30435.0,3,2025-05-14 05:11:00
1747199520,30435.0,30435.0,30350.0,30385.0,35,2025-05-14 05:12:00
1747199580,30385.0,30385.0,30360.0,30360.0,1,2025-05-14 05:13:00
1747199640,30360.0,30400.0,30360.0,30360.0,6,2025-05-14 05:14:00
1747199700,30360.0,30360.0,30360.0,30360.0,0,2025-05-14 05:15:00
1747199760,30360.0,30370.0,30360.0,30370.0,5,2025-05-14 05:16:00
1747199820,30370.0,30370.0,30350.0,30370.0,25,2025-05-14 05:17:00
1747199880,30370.0,30370.0,30355.0,30355.0,1,2025-05-14 05:18:00
1747199940,30355.0,30355.0,30355.0,30355.0,0,2025-05-14 05:19:00
1747200000,30355.0,30355.0,30355.0,30355.0,1,2025-05-14 05:20:00
1747200060,30355.0,30355.0,30355.0,30355.0,1,2025-05-14 05:21:00
1747200120,30355.0,30385.0,30355.0,30355.0,4,2025-05-14 05:22:00
1747200180,30385.0,30385.0,30385.0,30385.0,1,2025-05-14 05:23:00
1747200240,30385.0,30385.0,30355.0,30355.0,6,2025-05-14 05:24:00
1747200300,30355.0,30375.0,30355.0,30375.0,1,2025-05-14 05:25:00
1747200360,30375.0,30375.0,30345.0,30345.0,3,2025-05-14 05:26:00
1747200420,30345.0,30370.0,30345.0,30350.0,2,2025-05-14 05:27:00
1747200480,30350.0,30380.0,30350.0,30380.0,7,2025-05-14 05:28:00
1747200540,30380.0,30380.0,30345.0,30380.0,2,2025-05-14 05:29:00
1747200600,30380.0,30380.0,30345.0,30345.0,1,2025-05-14 05:30:00
1747200660,30345.0,30345.0,30345.0,30345.0,1,2025-05-14 05:31:00
1747200720,30345.0,30370.0,30295.0,30355.0,64,2025-05-14 05:32:00
1747200780,30355.0,30375.0,30345.0,30375.0,3,2025-05-14 05:33:00
1747200840,30375.0,30395.0,30375.0,30395.0,3,2025-05-14 05:34:00
1747200900,30395.0,30410.0,30390.0,30410.0,6,2025-05-14 05:35:00
1747200960,30410.0,30420.0,30395.0,30395.0,15,2025-05-14 05:36:00
1747201020,30395.0,30420.0,30395.0,30420.0,3,2025-05-14 05:37:00
1747201080,30420.0,30420.0,30395.0,30395.0,1,2025-05-14 05:38:00
1747201140,30395.0,30395.0,30395.0,30395.0,1,2025-05-14 05:39:00
1747201200,30415.0,30420.0,30415.0,30420.0,2,2025-05-14 05:40:00
1747201260,30420.0,30420.0,30385.0,30385.0,1,2025-05-14 05:41:00
1747201320,30385.0,30385.0,30375.0,30375.0,4,2025-05-14 05:42:00
1747201380,30375.0,30410.0,30375.0,30410.0,2,2025-05-14 05:43:00
1747201440,30410.0,30415.0,30410.0,30415.0,1,2025-05-14 05:44:00
1747201500,30415.0,30415.0,30380.0,30380.0,1,2025-05-14 05:45:00
1747201560,30380.0,30380.0,30365.0,30365.0,1,2025-05-14 05:46:00
1747201620,30365.0,30370.0,30365.0,30370.0,1,2025-05-14 05:47:00
1747201680,30370.0,30370.0,30370.0,30370.0,0,2025-05-14 05:48:00
1747201740,30380.0,30420.0,30380.0,30420.0,21,2025-05-14 05:49:00
1747201800,30420.0,30420.0,30370.0,30415.0,5,2025-05-14 05:50:00
1747201860,30415.0,30430.0,30410.0,30430.0,26,2025-05-14 05:51:00
1747201920,30430.0,30430.0,30430.0,30430.0,5,2025-05-14 05:52:00
1747201980,30430.0,30450.0,30430.0,30450.0,7,2025-05-14 05:53:00
1747202040,30450.0,30450.0,30410.0,30445.0,2,2025-05-14 05:54:00
1747202100,30445.0,30445.0,30395.0,30435.0,2,2025-05-14 05:55:00
1747202160,30425.0,30435.0,30425.0,30435.0,3,2025-05-14 05:56:00
1747202220,30435.0,30435.0,30425.0,30425.0,1,2025-05-14 05:57:00
1747202280,30425.0,30425.0,30405.0,30405.0,1,2025-05-14 05:58:00
1747202340,30405.0,30430.0,30405.0,30430.0,2,2025-05-14 05:59:00
1747202400,30430.0,30430.0,30415.0,30415.0,1,2025-05-14 06:00:00
1747202460,30415.0,30415.0,30415.0,30415.0,0,2025-05-14 06:01:00
1747202520,30415.0,30560.0,30415.0,30525.0,214,2025-05-14 06:02:00
1747202580,30525.0,30540.0,30495.0,30495.0,6,2025-05-14 06:03:00
1747202640,30495.0,30530.0,30495.0,30510.0,3,2025-05-14 06:04:00
1747202700,30510.0,30580.0,30510.0,30565.0,22,2025-05-14 06:05:00
1747202760,30565.0,30645.0,30560.0,30565.0,52,2025-05-14 06:06:00
1747202820,30565.0,30615.0,30560.0,30600.0,6,2025-05-14 06:07:00
1747202880,30600.0,30615.0,30580.0,30580.0,13,2025-05-14 06:08:00
1747202940,30580.0,30580.0,30525.0,30530.0,64,2025-05-14 06:09:00
1747203000,30500.0,30510.0,30480.0,30510.0,9,2025-05-14 06:10:00
1747203060,30490.0,30490.0,30410.0,30410.0,68,2025-05-14 06:11:00
1747203120,30410.0,30460.0,30410.0,30445.0,14,2025-05-14 06:12:00
1747203180,30445.0,30460.0,30445.0,30455.0,3,2025-05-14 06:13:00
1747203240,30455.0,30460.0,30420.0,30460.0,4,2025-05-14 06:14:00
1747203300,30460.0,30485.0,30445.0,30485.0,22,2025-05-14 06:15:00
1747203360,30485.0,30490.0,30435.0,30435.0,4,2025-05-14 06:16:00
1747203420,30435.0,30495.0,30435.0,30465.0,28,2025-05-14 06:17:00
1747203480,30465.0,30465.0,30435.0,30450.0,4,2025-05-14 06:18:00
1747203540,30450.0,30465.0,30430.0,30450.0,7,2025-05-14 06:19:00
1747203600,30450.0,30450.0,30450.0,30450.0,3,2025-05-14 06:20:00
1747203660,30450.0,30490.0,30445.0,30490.0,7,2025-05-14 06:21:00
1747203720,30490.0,30490.0,30445.0,30445.0,4,2025-05-14 06:22:00
1747203780,30445.0,30455.0,30430.0,30455.0,5,2025-05-14 06:23:00
1747203840,30455.0,30470.0,30455.0,30455.0,3,2025-05-14 06:24:00
1747203900,30455.0,30470.0,30455.0,30470.0,4,2025-05-14 06:25:00
1747203960,30470.0,30470.0,30460.0,30460.0,4,2025-05-14 06:26:00
1747204020,30460.0,30470.0,30450.0,30470.0,3,2025-05-14 06:27:00
1747204080,30450.0,30460.0,30450.0,30460.0,11,2025-05-14 06:28:00
1747204140,30460.0,30465.0,30435.0,30435.0,2,2025-05-14 06:29:00
1747204200,30435.0,30435.0,30400.0,30400.0,17,2025-05-14 06:30:00
1747204260,30400.0,30440.0,30400.0,30430.0,3,2025-05-14 06:31:00
1747204320,30430.0,30430.0,30390.0,30390.0,1,2025-05-14 06:32:00
1747204380,30445.0,30465.0,30400.0,30465.0,47,2025-05-14 06:33:00
1747204440,30465.0,30465.0,30425.0,30445.0,4,2025-05-14 06:34:00
1747204500,30445.0,30445.0,30430.0,30445.0,2,2025-05-14 06:35:00
1747204560,30445.0,30445.0,30410.0,30410.0,1,2025-05-14 06:36:00
1747204620,30410.0,30445.0,30410.0,30445.0,2,2025-05-14 06:37:00
1747204680,30445.0,30445.0,30415.0,30430.0,4,2025-05-14 06:38:00
1747204740,30430.0,30430.0,30410.0,30410.0,1,2025-05-14 06:39:00
1747204800,30445.0,30445.0,30410.0,30410.0,2,2025-05-14 06:40:00
1747204860,30410.0,30410.0,30410.0,30410.0,1,2025-05-14 06:41:00
1747204920,30410.0,30450.0,30410.0,30450.0,2,2025-05-14 06:42:00
1747204980,30415.0,30415.0,30410.0,30410.0,5,2025-05-14 06:43:00
1747205040,30410.0,30410.0,30410.0,30410.0,1,2025-05-14 06:44:00
1747205100,30410.0,30440.0,30410.0,30440.0,5,2025-05-14 06:45:00
1747205160,30440.0,30440.0,30410.0,30435.0,9,2025-05-14 06:46:00
1747205220,30435.0,30435.0,30400.0,30400.0,1,2025-05-14 06:47:00
1747205280,30400.0,30420.0,30395.0,30420.0,2,2025-05-14 06:48:00
1747205340,30420.0,30420.0,30390.0,30390.0,1,2025-05-14 06:49:00
1747205400,30390.0,30435.0,30380.0,30380.0,28,2025-05-14 06:50:00
1747205460,30380.0,30430.0,30380.0,30430.0,2,2025-05-14 06:51:00
1747205520,30430.0,30430.0,30390.0,30395.0,32,2025-05-14 06:52:00
1747205580,30340.0,30375.0,30340.0,30355.0,33,2025-05-14 06:53:00
1747205640,30355.0,30410.0,30355.0,30410.0,5,2025-05-14 06:54:00
1747205700,30410.0,30415.0,30380.0,30415.0,8,2025-05-14 06:55:00
1747205760,30415.0,30440.0,30380.0,30415.0,10,2025-05-14 06:56:00
1747205820,30415.0,30415.0,30380.0,30380.0,1,2025-05-14 06:57:00
1747205880,30425.0,30425.0,30425.0,30425.0,2,2025-05-14 06:58:00
1747205940,30425.0,30425.0,30400.0,30420.0,2,2025-05-14 06:59:00
1747206000,30420.0,30420.0,30410.0,30410.0,1,2025-05-14 07:00:00
1747206060,30410.0,30410.0,30410.0,30410.0,1,2025-05-14 07:01:00
1747206120,30410.0,30410.0,30410.0,30410.0,0,2025-05-14 07:02:00
1747206180,30410.0,30440.0,30410.0,30410.0,5,2025-05-14 07:03:00
1747206240,30410.0,30410.0,30375.0,30375.0,73,2025-05-14 07:04:00
1747206300,30375.0,30395.0,30375.0,30375.0,4,2025-05-14 07:05:00
1747206360,30375.0,30400.0,30375.0,30400.0,3,2025-05-14 07:06:00
1747206420,30400.0,30410.0,30400.0,30410.0,44,2025-05-14 07:07:00
1747206480,30410.0,30410.0,30405.0,30410.0,3,2025-05-14 07:08:00
1747206540,30410.0,30410.0,30370.0,30370.0,3,2025-05-14 07:09:00
1747206600,30370.0,30405.0,30370.0,30405.0,4,2025-05-14 07:10:00
1747206660,30410.0,30410.0,30360.0,30360.0,5,2025-05-14 07:11:00
1747206720,30395.0,30395.0,30350.0,30395.0,11,2025-05-14 07:12:00
1747206780,30395.0,30395.0,30360.0,30360.0,1,2025-05-14 07:13:00
1747206840,30360.0,30415.0,30360.0,30400.0,29,2025-05-14 07:14:00
1747206900,30400.0,30400.0,30400.0,30400.0,1,2025-05-14 07:15:00
1747206960,30400.0,30405.0,30360.0,30405.0,2,2025-05-14 07:16:00
1747207020,30405.0,30405.0,30350.0,30350.0,4,2025-05-14 07:17:00
1747207080,30340.0,30375.0,30340.0,30340.0,4,2025-05-14 07:18:00
1747207140,30370.0,30370.0,30340.0,30340.0,2,2025-05-14 07:19:00
1747207200,30330.0,30365.0,30330.0,30365.0,8,2025-05-14 07:20:00
1747207260,30365.0,30380.0,30345.0,30345.0,157,2025-05-14 07:21:00
1747207320,30345.0,30385.0,30345.0,30385.0,4,2025-05-14 07:22:00
1747207380,30385.0,30390.0,30385.0,30390.0,7,2025-05-14 07:23:00
1747207440,30390.0,30425.0,30370.0,30405.0,59,2025-05-14 07:24:00
1747207500,30405.0,30415.0,30360.0,30360.0,6,2025-05-14 07:25:00
1747207560,30360.0,30395.0,30360.0,30395.0,4,2025-05-14 07:26:00
1747207620,30395.0,30395.0,30395.0,30395.0,3,2025-05-14 07:27:00
1747207680,30395.0,30400.0,30370.0,30400.0,5,2025-05-14 07:28:00
1747207740,30375.0,30400.0,30375.0,30400.0,5,2025-05-14 07:29:00
1747207800,30400.0,30400.0,30370.0,30385.0,3,2025-05-14 07:30:00
1747207860,30385.0,30400.0,30385.0,30400.0,3,2025-05-14 07:31:00
1747207920,30400.0,30400.0,30360.0,30400.0,28,2025-05-14 07:32:00
1747207980,30400.0,30400.0,30360.0,30360.0,1,2025-05-14 07:33:00
1747208040,30360.0,30360.0,30360.0,30360.0,1,2025-05-14 07:34:00
1747208100,30360.0,30400.0,30360.0,30400.0,24,2025-05-14 07:35:00
1747208160,30400.0,30400.0,30360.0,30360.0,2,2025-05-14 07:36:00
1747208220,30360.0,30400.0,30360.0,30400.0,21,2025-05-14 07:37:00
1747208280,30400.0,30400.0,30365.0,30365.0,1,2025-05-14 07:38:00
1747208340,30365.0,30395.0,30365.0,30395.0,16,2025-05-14 07:39:00
1747208400,30400.0,30400.0,30385.0,30400.0,18,2025-05-14 07:40:00
1747208460,30400.0,30420.0,30385.0,30420.0,63,2025-05-14 07:41:00
1747208520,30420.0,30420.0,30370.0,30370.0,5,2025-05-14 07:42:00
1747208580,30370.0,30420.0,30370.0,30420.0,5,2025-05-14 07:43:00
1747208640,30420.0,30420.0,30420.0,30420.0,0,2025-05-14 07:44:00
1747208700,30420.0,30420.0,30375.0,30375.0,14,2025-05-14 07:45:00
1747208760,30375.0,30390.0,30370.0,30370.0,8,2025-05-14 07:46:00
1747208820,30370.0,30390.0,30370.0,30375.0,9,2025-05-14 07:47:00
1747208880,30375.0,30375.0,30375.0,30375.0,0,2025-05-14 07:48:00
1747208940,30360.0,30360.0,30340.0,30355.0,3,2025-05-14 07:49:00
1747209000,30355.0,30355.0,30340.0,30340.0,1,2025-05-14 07:50:00
1747209060,30340.0,30350.0,30335.0,30340.0,9,2025-05-14 07:51:00
1747209120,30340.0,30350.0,30335.0,30350.0,22,2025-05-14 07:52:00
1747209180,30350.0,30350.0,30345.0,30345.0,1,2025-05-14 07:53:00
1747209240,30345.0,30350.0,30320.0,30320.0,6,2025-05-14 07:54:00
1747209300,30320.0,30320.0,30320.0,30320.0,1,2025-05-14 07:55:00
1747209360,30320.0,30320.0,30320.0,30320.0,0,2025-05-14 07:56:00
1747209420,30320.0,30350.0,30320.0,30350.0,3,2025-05-14 07:57:00
1747209480,30350.0,30350.0,30320.0,30320.0,3,2025-05-14 07:58:00
1747209540,30320.0,30350.0,30320.0,30350.0,2,2025-05-14 07:59:00
1747209600,30350.0,30350.0,30320.0,30350.0,4,2025-05-14 08:00:00
1747209660,30350.0,30350.0,30320.0,30320.0,1,2025-05-14 08:01:00
1747209720,30320.0,30350.0,30320.0,30350.0,4,2025-05-14 08:02:00
1747209780,30350.0,30355.0,30350.0,30355.0,75,2025-05-14 08:03:00
1747209840,30355.0,30375.0,30345.0,30375.0,7,2025-05-14 08:04:00
1747209900,30375.0,30375.0,30345.0,30345.0,9,2025-05-14 08:05:00
1747209960,30345.0,30375.0,30340.0,30375.0,2,2025-05-14 08:06:00
1747210020,30375.0,30375.0,30350.0,30365.0,12,2025-05-14 08:07:00
1747210080,30365.0,30365.0,30360.0,30360.0,10,2025-05-14 08:08:00
1747210140,30360.0,30360.0,30330.0,30330.0,4,2025-05-14 08:09:00
1747210200,30330.0,30350.0,30330.0,30350.0,18,2025-05-14 08:10:00
1747210260,30350.0,30350.0,30330.0,30330.0,22,2025-05-14 08:11:00
1747210320,30330.0,30330.0,30330.0,30330.0,1,2025-05-14 08:12:00
1747210380,30330.0,30360.0,30330.0,30345.0,4,2025-05-14 08:13:00
1747210440,30345.0,30345.0,30330.0,30330.0,1,2025-05-14 08:14:00
1747210500,30330.0,30330.0,30330.0,30330.0,1,2025-05-14 08:15:00
1747210560,30330.0,30355.0,30330.0,30355.0,1,2025-05-14 08:16:00
1747210620,30355.0,30355.0,30335.0,30355.0,2,2025-05-14 08:17:00
1747210680,30355.0,30355.0,30335.0,30355.0,9,2025-05-14 08:18:00
1747210740,30345.0,30345.0,30335.0,30335.0,2,2025-05-14 08:19:00
1747210800,30335.0,30360.0,30335.0,30335.0,24,2025-05-14 08:20:00
1747210860,30335.0,30355.0,30335.0,30355.0,1,2025-05-14 08:21:00
1747210920,30355.0,30360.0,30335.0,30360.0,2,2025-05-14 08:22:00
1747210980,30360.0,30360.0,30335.0,30335.0,1,2025-05-14 08:23:00
1747211040,30335.0,30335.0,30335.0,30335.0,1,2025-05-14 08:24:00
1747211100,30335.0,30360.0,30335.0,30360.0,13,2025-05-14 08:25:00
1747211160,30360.0,30360.0,30335.0,30335.0,1,2025-05-14 08:26:00
1747211220,30335.0,30335.0,30335.0,30335.0,1,2025-05-14 08:27:00
1747211280,30335.0,30355.0,30335.0,30345.0,2,2025-05-14 08:28:00
1747211340,30345.0,30360.0,30345.0,30360.0,1,2025-05-14 08:29:00
1747211400,30360.0,30360.0,30360.0,30360.0,20,2025-05-14 08:30:00
1747211460,30360.0,30360.0,30350.0,30350.0,5,2025-05-14 08:31:00
1747211520,30350.0,30360.0,30350.0,30350.0,3,2025-05-14 08:32:00
1747211580,30350.0,30350.0,30350.0,30350.0,0,2025-05-14 08:33:00
1747211640,30350.0,30360.0,30340.0,30360.0,3,2025-05-14 08:34:00
1747211700,30360.0,30360.0,30350.0,30350.0,1,2025-05-14 08:35:00
1747211760,30350.0,30350.0,30335.0,30335.0,1,2025-05-14 08:36:00
1747211820,30335.0,30360.0,30335.0,30360.0,1,2025-05-14 08:37:00
1747211880,30360.0,30360.0,30330.0,30335.0,3,2025-05-14 08:38:00
1747211940,30345.0,30355.0,30335.0,30355.0,3,2025-05-14 08:39:00
1747212000,30355.0,30355.0,30325.0,30325.0,1,2025-05-14 08:40:00
1747212060,30325.0,30360.0,30325.0,30360.0,1,2025-05-14 08:41:00
1747212120,30360.0,30360.0,30335.0,30335.0,8,2025-05-14 08:42:00
1747212180,30335.0,30360.0,30335.0,30360.0,2,2025-05-14 08:43:00
1747212240,30360.0,30360.0,30325.0,30325.0,2,2025-05-14 08:44:00
1747212300,30325.0,30325.0,30325.0,30325.0,0,2025-05-14 08:45:00
1747212360,30325.0,30350.0,30325.0,30350.0,3,2025-05-14 08:46:00
1747212420,30315.0,30325.0,30250.0,30300.0,98,2025-05-14 08:47:00
1747212480,30300.0,30330.0,30295.0,30295.0,22,2025-05-14 08:48:00
1747212540,30295.0,30295.0,30290.0,30290.0,7,2025-05-14 08:49:00
1747212600,30290.0,30300.0,30265.0,30300.0,4,2025-05-14 08:50:00
1747212660,30300.0,30300.0,30260.0,30260.0,1,2025-05-14 08:51:00
1747212720,30260.0,30265.0,30260.0,30265.0,2,2025-05-14 08:52:00
1747212780,30265.0,30300.0,30265.0,30280.0,8,2025-05-14 08:53:00
1747212840,30280.0,30280.0,30265.0,30265.0,1,2025-05-14 08:54:00
1747212900,30265.0,30295.0,30265.0,30275.0,5,2025-05-14 08:55:00
1747212960,30300.0,30310.0,30275.0,30310.0,106,2025-05-14 08:56:00
1747213020,30310.0,30310.0,30285.0,30285.0,2,2025-05-14 08:57:00
1747213080,30275.0,30275.0,30275.0,30275.0,22,2025-05-14 08:58:00
1747213140,30275.0,30275.0,30275.0,30275.0,1,2025-05-14 08:59:00
1747213200,30275.0,30300.0,30275.0,30275.0,8,2025-05-14 09:00:00
1747213260,30275.0,30300.0,30275.0,30275.0,2,2025-05-14 09:01:00
1747213320,30300.0,30300.0,30300.0,30300.0,2,2025-05-14 09:02:00
1747213380,30275.0,30275.0,30275.0,30275.0,2,2025-05-14 09:03:00
1747213440,30275.0,30275.0,30275.0,30275.0,1,2025-05-14 09:04:00
1747213500,30275.0,30300.0,30275.0,30300.0,6,2025-05-14 09:05:00
1747213560,30300.0,30300.0,30300.0,30300.0,0,2025-05-14 09:06:00
1747213620,30300.0,30300.0,30275.0,30300.0,5,2025-05-14 09:07:00
1747213680,30300.0,30300.0,30275.0,30275.0,1,2025-05-14 09:08:00
1747213740,30275.0,30275.0,30275.0,30275.0,1,2025-05-14 09:09:00
1747213800,30275.0,30275.0,30275.0,30275.0,0,2025-05-14 09:10:00
1747213860,30275.0,30300.0,30275.0,30300.0,19,2025-05-14 09:11:00
1747213920,30300.0,30300.0,30295.0,30295.0,1,2025-05-14 09:12:00
1747213980,30295.0,30295.0,30295.0,30295.0,1,2025-05-14 09:13:00
1747214040,30295.0,30295.0,30295.0,30295.0,1,2025-05-14 09:14:00
1747214100,30295.0,30295.0,30275.0,30275.0,1,2025-05-14 09:15:00
1747214160,30275.0,30300.0,30275.0,30300.0,3,2025-05-14 09:16:00
1747214220,30300.0,30300.0,30300.0,30300.0,3,2025-05-14 09:17:00
1747214280,30300.0,30300.0,30300.0,30300.0,27,2025-05-14 09:18:00
1747214340,30300.0,30325.0,30300.0,30320.0,21,2025-05-14 09:19:00
1747214400,30320.0,30320.0,30300.0,30300.0,2,2025-05-14 09:20:00
1747214460,30300.0,30300.0,30300.0,30300.0,9,2025-05-14 09:21:00
1747214520,30300.0,30300.0,30300.0,30300.0,75,2025-05-14 09:22:00
1747214580,30300.0,30300.0,30290.0,30290.0,13,2025-05-14 09:23:00
1747214640,30290.0,30300.0,30285.0,30300.0,17,2025-05-14 09:24:00
1747214700,30300.0,30300.0,30280.0,30280.0,4,2025-05-14 09:25:00
1747214760,30280.0,30290.0,30280.0,30290.0,8,2025-05-14 09:26:00
1747214820,30290.0,30300.0,30280.0,30300.0,18,2025-05-14 09:27:00
1747214880,30300.0,30350.0,30300.0,30345.0,62,2025-05-14 09:28:00
1747214940,30345.0,30345.0,30325.0,30325.0,27,2025-05-14 09:29:00
1747215000,30315.0,30325.0,30280.0,30280.0,67,2025-05-14 09:30:00
1747215060,30280.0,30300.0,30280.0,30300.0,18,2025-05-14 09:31:00
1747215120,30300.0,30315.0,30285.0,30300.0,46,2025-05-14 09:32:00
1747215180,30295.0,30325.0,30290.0,30300.0,93,2025-05-14 09:33:00
1747215240,30300.0,30300.0,30295.0,30300.0,17,2025-05-14 09:34:00
1747215300,30300.0,30300.0,30290.0,30300.0,22,2025-05-14 09:35:00
1747215360,30300.0,30300.0,30290.0,30300.0,13,2025-05-14 09:36:00
1747215420,30300.0,30300.0,30295.0,30300.0,19,2025-05-14 09:37:00
1747215480,30300.0,30300.0,30290.0,30290.0,40,2025-05-14 09:38:00
1747215540,30300.0,30300.0,30290.0,30300.0,32,2025-05-14 09:39:00
1747215600,30300.0,30300.0,30290.0,30300.0,24,2025-05-14 09:40:00
1747215660,30300.0,30300.0,30290.0,30300.0,15,2025-05-14 09:41:00
1747215720,30300.0,30300.0,30295.0,30300.0,15,2025-05-14 09:42:00
1747215780,30300.0,30300.0,30290.0,30300.0,68,2025-05-14 09:43:00
1747215840,30300.0,30345.0,30290.0,30345.0,61,2025-05-14 09:44:00
1747215900,30345.0,30345.0,30300.0,30345.0,74,2025-05-14 09:45:00
1747215960,30350.0,30380.0,30320.0,30320.0,133,2025-05-14 09:46:00
1747216020,30335.0,30350.0,30305.0,30345.0,32,2025-05-14 09:47:00
1747216080,30345.0,30345.0,30310.0,30340.0,25,2025-05-14 09:48:00
1747216140,30340.0,30350.0,30315.0,30350.0,32,2025-05-14 09:49:00
1747216200,30350.0,30350.0,30320.0,30325.0,51,2025-05-14 09:50:00
1747216260,30355.0,30360.0,30350.0,30350.0,6,2025-05-14 09:51:00
1747216320,30370.0,30370.0,30330.0,30355.0,37,2025-05-14 09:52:00
1747216380,30355.0,30360.0,30330.0,30360.0,6,2025-05-14 09:53:00
1747216440,30335.0,30360.0,30330.0,30360.0,19,2025-05-14 09:54:00
1747216500,30360.0,30365.0,30330.0,30350.0,48,2025-05-14 09:55:00
1747216560,30375.0,30380.0,30360.0,30380.0,25,2025-05-14 09:56:00
1747216620,30380.0,30385.0,30360.0,30370.0,43,2025-05-14 09:57:00
1747216680,30370.0,30370.0,30370.0,30370.0,0,2025-05-14 09:58:00
1747216740,30370.0,30385.0,30370.0,30380.0,40,2025-05-14 09:59:00
1747280700,30495.0,30555.0,30325.0,30465.0,179,2025-05-15 03:45:00
1747280760,30500.0,30500.0,30440.0,30440.0,19,2025-05-15 03:46:00
1747280820,30440.0,30440.0,30380.0,30380.0,35,2025-05-15 03:47:00
1747280880,30350.0,30380.0,30330.0,30330.0,10,2025-05-15 03:48:00
1747280940,30330.0,30350.0,30320.0,30350.0,19,2025-05-15 03:49:00
1747281000,30350.0,30480.0,30350.0,30480.0,61,2025-05-15 03:50:00
1747281060,30480.0,30480.0,30425.0,30445.0,5,2025-05-15 03:51:00
1747281120,30425.0,30425.0,30395.0,30395.0,26,2025-05-15 03:52:00
1747281180,30400.0,30400.0,30400.0,30400.0,1,2025-05-15 03:53:00
1747281240,30400.0,30400.0,30395.0,30395.0,1,2025-05-15 03:54:00
1747281300,30395.0,30470.0,30395.0,30430.0,13,2025-05-15 03:55:00
1747281360,30430.0,30430.0,30395.0,30400.0,19,2025-05-15 03:56:00
1747281420,30400.0,30400.0,30400.0,30400.0,0,2025-05-15 03:57:00
1747281480,30400.0,30400.0,30395.0,30395.0,8,2025-05-15 03:58:00
1747281540,30395.0,30395.0,30375.0,30375.0,6,2025-05-15 03:59:00
1747281600,30375.0,30375.0,30375.0,30375.0,8,2025-05-15 04:00:00
1747281660,30375.0,30375.0,30375.0,30375.0,0,2025-05-15 04:01:00
1747281720,30375.0,30425.0,30375.0,30420.0,2,2025-05-15 04:02:00
1747281780,30420.0,30420.0,30385.0,30420.0,7,2025-05-15 04:03:00
1747281840,30420.0,30440.0,30410.0,30435.0,6,2025-05-15 04:04:00
1747281900,30435.0,30435.0,30400.0,30400.0,1,2025-05-15 04:05:00
1747281960,30400.0,30435.0,30400.0,30435.0,3,2025-05-15 04:06:00
1747282020,30435.0,30435.0,30390.0,30390.0,2,2025-05-15 04:07:00
1747282080,30390.0,30420.0,30390.0,30420.0,1,2025-05-15 04:08:00
1747282140,30420.0,30420.0,30420.0,30420.0,1,2025-05-15 04:09:00
1747282200,30385.0,30420.0,30385.0,30420.0,15,2025-05-15 04:10:00
1747282260,30420.0,30420.0,30400.0,30400.0,4,2025-05-15 04:11:00
1747282320,30400.0,30400.0,30375.0,30375.0,3,2025-05-15 04:12:00
1747282380,30375.0,30400.0,30375.0,30400.0,6,2025-05-15 04:13:00
1747282440,30400.0,30400.0,30400.0,30400.0,0,2025-05-15 04:14:00
1747282500,30400.0,30400.0,30340.0,30340.0,6,2025-05-15 04:15:00
1747282560,30340.0,30340.0,30340.0,30340.0,0,2025-05-15 04:16:00
1747282620,30335.0,30360.0,30335.0,30360.0,5,2025-05-15 04:17:00
1747282680,30360.0,30375.0,30360.0,30375.0,3,2025-05-15 04:18:00
1747282740,30375.0,30440.0,30375.0,30380.0,117,2025-05-15 04:19:00
1747282800,30380.0,30440.0,30380.0,30405.0,18,2025-05-15 04:20:00
1747282860,30405.0,30425.0,30405.0,30420.0,3,2025-05-15 04:21:00
1747282920,30420.0,30420.0,30420.0,30420.0,2,2025-05-15 04:22:00
1747282980,30420.0,30500.0,30420.0,30470.0,186,2025-05-15 04:23:00
1747283040,30470.0,30470.0,30445.0,30445.0,7,2025-05-15 04:24:00
1747283100,30415.0,30480.0,30415.0,30450.0,20,2025-05-15 04:25:00
1747283160,30450.0,30480.0,30445.0,30480.0,3,2025-05-15 04:26:00
1747283220,30480.0,30480.0,30420.0,30420.0,19,2025-05-15 04:27:00
1747283280,30420.0,30420.0,30410.0,30410.0,3,2025-05-15 04:28:00
1747283340,30440.0,30495.0,30400.0,30495.0,52,2025-05-15 04:29:00
1747283400,30495.0,30495.0,30475.0,30475.0,14,2025-05-15 04:30:00
1747283460,30490.0,30500.0,30480.0,30480.0,430,2025-05-15 04:31:00
1747283520,30440.0,30465.0,30440.0,30460.0,3,2025-05-15 04:32:00
1747283580,30450.0,30450.0,30420.0,30445.0,4,2025-05-15 04:33:00
1747283640,30445.0,30445.0,30420.0,30445.0,6,2025-05-15 04:34:00
1747283700,30445.0,30445.0,30405.0,30435.0,7,2025-05-15 04:35:00
1747283760,30435.0,30435.0,30435.0,30435.0,2,2025-05-15 04:36:00
1747283820,30435.0,30435.0,30435.0,30435.0,3,2025-05-15 04:37:00
1747283880,30435.0,30445.0,30435.0,30435.0,15,2025-05-15 04:38:00
1747283940,30435.0,30435.0,30435.0,30435.0,2,2025-05-15 04:39:00
1747284000,30435.0,30435.0,30435.0,30435.0,2,2025-05-15 04:40:00
1747284060,30435.0,30435.0,30435.0,30435.0,3,2025-05-15 04:41:00
1747284120,30435.0,30435.0,30435.0,30435.0,2,2025-05-15 04:42:00
1747284180,30435.0,30435.0,30435.0,30435.0,3,2025-05-15 04:43:00
1747284240,30435.0,30440.0,30435.0,30440.0,3,2025-05-15 04:44:00
1747284300,30440.0,30440.0,30370.0,30410.0,29,2025-05-15 04:45:00
1747284360,30410.0,30420.0,30395.0,30395.0,5,2025-05-15 04:46:00
1747284420,30415.0,30415.0,30415.0,30415.0,3,2025-05-15 04:47:00
1747284480,30415.0,30425.0,30400.0,30425.0,20,2025-05-15 04:48:00
1747284540,30425.0,30425.0,30420.0,30420.0,3,2025-05-15 04:49:00
1747284600,30420.0,30420.0,30370.0,30370.0,12,2025-05-15 04:50:00
1747284660,30425.0,30440.0,30425.0,30440.0,3,2025-05-15 04:51:00
1747284720,30440.0,30440.0,30410.0,30410.0,4,2025-05-15 04:52:00
1747284780,30440.0,30440.0,30440.0,30440.0,4,2025-05-15 04:53:00
1747284840,30440.0,30440.0,30350.0,30350.0,75,2025-05-15 04:54:00
1747284900,30390.0,30415.0,30390.0,30415.0,3,2025-05-15 04:55:00
1747284960,30415.0,30415.0,30405.0,30410.0,3,2025-05-15 04:56:00
1747285020,30410.0,30410.0,30395.0,30395.0,7,2025-05-15 04:57:00
1747285080,30395.0,30410.0,30390.0,30410.0,14,2025-05-15 04:58:00
1747285140,30410.0,30410.0,30405.0,30405.0,3,2025-05-15 04:59:00
1747285200,30405.0,30405.0,30365.0,30405.0,3,2025-05-15 05:00:00
1747285260,30405.0,30410.0,30365.0,30410.0,4,2025-05-15 05:01:00
1747285320,30410.0,30410.0,30410.0,30410.0,2,2025-05-15 05:02:00
1747285380,30410.0,30410.0,30410.0,30410.0,4,2025-05-15 05:03:00
1747285440,30410.0,30410.0,30410.0,30410.0,2,2025-05-15 05:04:00
1747285500,30410.0,30410.0,30410.0,30410.0,3,2025-05-15 05:05:00
1747285560,30410.0,30410.0,30410.0,30410.0,3,2025-05-15 05:06:00
1747285620,30410.0,30410.0,30410.0,30410.0,4,2025-05-15 05:07:00
1747285680,30410.0,30410.0,30410.0,30410.0,2,2025-05-15 05:08:00
1747285740,30410.0,30410.0,30410.0,30410.0,3,2025-05-15 05:09:00
1747285800,30410.0,30410.0,30405.0,30410.0,3,2025-05-15 05:10:00
1747285860,30410.0,30410.0,30410.0,30410.0,2,2025-05-15 05:11:00
1747285920,30410.0,30410.0,30410.0,30410.0,2,2025-05-15 05:12:00
1747285980,30410.0,30410.0,30410.0,30410.0,3,2025-05-15 05:13:00
1747286040,30410.0,30410.0,30385.0,30385.0,3,2025-05-15 05:14:00
1747286100,30410.0,30410.0,30375.0,30410.0,4,2025-05-15 05:15:00
1747286160,30410.0,30410.0,30410.0,30410.0,2,2025-05-15 05:16:00
1747286220,30410.0,30410.0,30410.0,30410.0,4,2025-05-15 05:17:00
1747286280,30410.0,30410.0,30410.0,30410.0,2,2025-05-15 05:18:00
1747286340,30410.0,30410.0,30410.0,30410.0,3,2025-05-15 05:19:00
1747286400,30410.0,30410.0,30410.0,30410.0,3,2025-05-15 05:20:00
1747286460,30410.0,30410.0,30410.0,30410.0,3,2025-05-15 05:21:00
1747286520,30410.0,30410.0,30410.0,30410.0,3,2025-05-15 05:22:00
1747286580,30410.0,30410.0,30410.0,30410.0,2,2025-05-15 05:23:00
1747286640,30410.0,30410.0,30410.0,30410.0,0,2025-05-15 05:24:00
1747286700,30410.0,30410.0,30410.0,30410.0,0,2025-05-15 05:25:00
1747286760,30410.0,30410.0,30410.0,30410.0,2,2025-05-15 05:26:00
1747286820,30410.0,30410.0,30410.0,30410.0,0,2025-05-15 05:27:00
1747286880,30410.0,30410.0,30410.0,30410.0,0,2025-05-15 05:28:00
1747286940,30410.0,30410.0,30410.0,30410.0,0,2025-05-15 05:29:00
1747287000,30410.0,30410.0,30370.0,30410.0,4,2025-05-15 05:30:00
1747287060,30410.0,30410.0,30410.0,30410.0,5,2025-05-15 05:31:00
1747287120,30410.0,30410.0,30410.0,30410.0,0,2025-05-15 05:32:00
1747287180,30410.0,30410.0,30410.0,30410.0,0,2025-05-15 05:33:00
1747287240,30410.0,30410.0,30370.0,30370.0,2,2025-05-15 05:34:00
1747287300,30370.0,30410.0,30370.0,30410.0,1,2025-05-15 05:35:00
1747287360,30410.0,30410.0,30410.0,30410.0,1,2025-05-15 05:36:00
1747287420,30410.0,30410.0,30410.0,30410.0,1,2025-05-15 05:37:00
1747287480,30410.0,30410.0,30405.0,30405.0,1,2025-05-15 05:38:00
1747287540,30405.0,30405.0,30395.0,30395.0,1,2025-05-15 05:39:00
1747287600,30395.0,30395.0,30375.0,30375.0,3,2025-05-15 05:40:00
1747287660,30375.0,30410.0,30365.0,30365.0,5,2025-05-15 05:41:00
1747287720,30365.0,30405.0,30365.0,30405.0,4,2025-05-15 05:42:00
1747287780,30405.0,30405.0,30405.0,30405.0,0,2025-05-15 05:43:00
1747287840,30405.0,30405.0,30405.0,30405.0,0,2025-05-15 05:44:00
1747287900,30405.0,30410.0,30370.0,30370.0,4,2025-05-15 05:45:00
1747287960,30370.0,30410.0,30370.0,30410.0,2,2025-05-15 05:46:00
1747288020,30410.0,30410.0,30410.0,30410.0,0,2025-05-15 05:47:00
1747288080,30410.0,30410.0,30410.0,30410.0,1,2025-05-15 05:48:00
1747288140,30410.0,30410.0,30355.0,30395.0,13,2025-05-15 05:49:00
1747288200,30395.0,30395.0,30395.0,30395.0,0,2025-05-15 05:50:00
1747288260,30395.0,30395.0,30395.0,30395.0,1,2025-05-15 05:51:00
1747288320,30395.0,30400.0,30395.0,30400.0,1,2025-05-15 05:52:00
1747288380,30400.0,30410.0,30375.0,30405.0,13,2025-05-15 05:53:00
1747288440,30405.0,30405.0,30405.0,30405.0,0,2025-05-15 05:54:00
1747288500,30405.0,30405.0,30385.0,30405.0,2,2025-05-15 05:55:00
1747288560,30405.0,30410.0,30405.0,30410.0,1,2025-05-15 05:56:00
1747288620,30410.0,30410.0,30410.0,30410.0,1,2025-05-15 05:57:00
1747288680,30410.0,30410.0,30410.0,30410.0,3,2025-05-15 05:58:00
1747288740,30410.0,30410.0,30410.0,30410.0,19,2025-05-15 05:59:00
1747288800,30410.0,30410.0,30410.0,30410.0,3,2025-05-15 06:00:00
1747288860,30410.0,30410.0,30410.0,30410.0,0,2025-05-15 06:01:00
1747288920,30410.0,30410.0,30400.0,30400.0,1,2025-05-15 06:02:00
1747288980,30400.0,30400.0,30400.0,30400.0,0,2025-05-15 06:03:00
1747289040,30400.0,30410.0,30385.0,30385.0,5,2025-05-15 06:04:00
1747289100,30385.0,30395.0,30385.0,30385.0,2,2025-05-15 06:05:00
1747289160,30385.0,30410.0,30370.0,30410.0,106,2025-05-15 06:06:00
1747289220,30405.0,30405.0,30360.0,30395.0,5,2025-05-15 06:07:00
1747289280,30395.0,30395.0,30360.0,30360.0,2,2025-05-15 06:08:00
1747289340,30360.0,30365.0,30360.0,30360.0,2,2025-05-15 06:09:00
1747289400,30360.0,30365.0,30360.0,30365.0,3,2025-05-15 06:10:00
1747289460,30400.0,30400.0,30365.0,30365.0,3,2025-05-15 06:11:00
1747289520,30365.0,30365.0,30360.0,30360.0,3,2025-05-15 06:12:00
1747289580,30360.0,30395.0,30355.0,30395.0,4,2025-05-15 06:13:00
1747289640,30395.0,30395.0,30355.0,30355.0,2,2025-05-15 06:14:00
1747289700,30355.0,30355.0,30355.0,30355.0,2,2025-05-15 06:15:00
1747289760,30355.0,30390.0,30355.0,30355.0,3,2025-05-15 06:16:00
1747289820,30355.0,30355.0,30350.0,30350.0,1,2025-05-15 06:17:00
1747289880,30350.0,30350.0,30350.0,30350.0,2,2025-05-15 06:18:00
1747289940,30350.0,30380.0,30350.0,30380.0,15,2025-05-15 06:19:00
1747290000,30380.0,30380.0,30350.0,30355.0,4,2025-05-15 06:20:00
1747290060,30355.0,30355.0,30350.0,30350.0,2,2025-05-15 06:21:00
1747290120,30350.0,30350.0,30350.0,30350.0,1,2025-05-15 06:22:00
1747290180,30350.0,30425.0,30345.0,30400.0,322,2025-05-15 06:23:00
1747290240,30400.0,30435.0,30400.0,30405.0,58,2025-05-15 06:24:00
1747290300,30435.0,30435.0,30400.0,30400.0,4,2025-05-15 06:25:00
1747290360,30400.0,30435.0,30400.0,30435.0,5,2025-05-15 06:26:00
1747290420,30435.0,30445.0,30400.0,30445.0,30,2025-05-15 06:27:00
1747290480,30445.0,30445.0,30395.0,30395.0,8,2025-05-15 06:28:00
1747290540,30395.0,30440.0,30395.0,30395.0,3,2025-05-15 06:29:00
1747290600,30395.0,30395.0,30360.0,30365.0,12,2025-05-15 06:30:00
1747290660,30365.0,30400.0,30365.0,30375.0,3,2025-05-15 06:31:00
1747290720,30375.0,30400.0,30375.0,30400.0,2,2025-05-15 06:32:00
1747290780,30375.0,30400.0,30370.0,30400.0,11,2025-05-15 06:33:00
1747290840,30400.0,30400.0,30370.0,30370.0,3,2025-05-15 06:34:00
1747290900,30370.0,30385.0,30365.0,30370.0,6,2025-05-15 06:35:00
1747290960,30370.0,30370.0,30365.0,30365.0,4,2025-05-15 06:36:00
1747291020,30365.0,30395.0,30365.0,30395.0,2,2025-05-15 06:37:00
1747291080,30395.0,30400.0,30365.0,30400.0,7,2025-05-15 06:38:00
1747291140,30400.0,30400.0,30360.0,30360.0,2,2025-05-15 06:39:00
1747291200,30360.0,30390.0,30360.0,30390.0,7,2025-05-15 06:40:00
1747291260,30390.0,30390.0,30355.0,30355.0,2,2025-05-15 06:41:00
1747291320,30355.0,30360.0,30355.0,30355.0,2,2025-05-15 06:42:00
1747291380,30390.0,30390.0,30355.0,30355.0,3,2025-05-15 06:43:00
1747291440,30360.0,30360.0,30355.0,30360.0,4,2025-05-15 06:44:00
1747291500,30395.0,30395.0,30360.0,30365.0,3,2025-05-15 06:45:00
1747291560,30365.0,30370.0,30365.0,30370.0,1,2025-05-15 06:46:00
1747291620,30370.0,30370.0,30370.0,30370.0,2,2025-05-15 06:47:00
1747291680,30370.0,30370.0,30370.0,30370.0,2,2025-05-15 06:48:00
1747291740,30370.0,30385.0,30370.0,30370.0,2,2025-05-15 06:49:00
1747291800,30370.0,30370.0,30355.0,30360.0,19,2025-05-15 06:50:00
1747291860,30360.0,30360.0,30355.0,30355.0,5,2025-05-15 06:51:00
1747291920,30360.0,30360.0,30355.0,30360.0,10,2025-05-15 06:52:00
1747291980,30360.0,30375.0,30355.0,30360.0,29,2025-05-15 06:53:00
1747292040,30360.0,30360.0,30355.0,30355.0,4,2025-05-15 06:54:00
1747292100,30355.0,30360.0,30350.0,30360.0,11,2025-05-15 06:55:00
1747292160,30360.0,30360.0,30355.0,30355.0,83,2025-05-15 06:56:00
1747292220,30355.0,30360.0,30350.0,30350.0,14,2025-05-15 06:57:00
1747292280,30350.0,30360.0,30350.0,30350.0,3,2025-05-15 06:58:00
1747292340,30350.0,30350.0,30350.0,30350.0,3,2025-05-15 06:59:00
1747292400,30350.0,30350.0,30350.0,30350.0,2,2025-05-15 07:00:00
1747292460,30360.0,30360.0,30350.0,30350.0,3,2025-05-15 07:01:00
1747292520,30350.0,30360.0,30350.0,30350.0,3,2025-05-15 07:02:00
1747292580,30350.0,30360.0,30350.0,30360.0,14,2025-05-15 07:03:00
1747292640,30360.0,30360.0,30340.0,30340.0,2,2025-05-15 07:04:00
1747292700,30340.0,30350.0,30325.0,30325.0,11,2025-05-15 07:05:00
1747292760,30325.0,30350.0,30325.0,30350.0,1,2025-05-15 07:06:00
1747292820,30350.0,30350.0,30350.0,30350.0,1,2025-05-15 07:07:00
1747292880,30350.0,30350.0,30350.0,30350.0,3,2025-05-15 07:08:00
1747292940,30350.0,30350.0,30350.0,30350.0,0,2025-05-15 07:09:00
1747293000,30350.0,30350.0,30350.0,30350.0,2,2025-05-15 07:10:00
1747293060,30350.0,30350.0,30350.0,30350.0,0,2025-05-15 07:11:00
1747293120,30350.0,30350.0,30350.0,30350.0,0,2025-05-15 07:12:00
1747293180,30350.0,30350.0,30350.0,30350.0,0,2025-05-15 07:13:00
1747293240,30350.0,30350.0,30350.0,30350.0,2,2025-05-15 07:14:00
1747293300,30350.0,30350.0,30350.0,30350.0,0,2025-05-15 07:15:00
1747293360,30350.0,30360.0,30350.0,30360.0,29,2025-05-15 07:16:00
1747293420,30360.0,30360.0,30350.0,30360.0,3,2025-05-15 07:17:00
1747293480,30350.0,30350.0,30350.0,30350.0,2,2025-05-15 07:18:00
1747293540,30350.0,30350.0,30350.0,30350.0,2,2025-05-15 07:19:00
1747293600,30350.0,30350.0,30330.0,30350.0,2,2025-05-15 07:20:00
1747293660,30350.0,30350.0,30350.0,30350.0,0,2025-05-15 07:21:00
1747293720,30350.0,30350.0,30325.0,30350.0,29,2025-05-15 07:22:00
1747293780,30350.0,30350.0,30350.0,30350.0,2,2025-05-15 07:23:00
1747293840,30350.0,30350.0,30350.0,30350.0,0,2025-05-15 07:24:00
1747293900,30350.0,30350.0,30350.0,30350.0,0,2025-05-15 07:25:00
1747293960,30350.0,30350.0,30350.0,30350.0,0,2025-05-15 07:26:00
1747294020,30350.0,30350.0,30350.0,30350.0,0,2025-05-15 07:27:00
1747294080,30350.0,30360.0,30325.0,30345.0,158,2025-05-15 07:28:00
1747294140,30350.0,30360.0,30320.0,30320.0,5,2025-05-15 07:29:00
1747294200,30320.0,30350.0,30320.0,30350.0,4,2025-05-15 07:30:00
1747294260,30350.0,30355.0,30350.0,30350.0,8,2025-05-15 07:31:00
1747294320,30355.0,30355.0,30335.0,30350.0,4,2025-05-15 07:32:00
1747294380,30350.0,30350.0,30350.0,30350.0,0,2025-05-15 07:33:00
1747294440,30350.0,30350.0,30350.0,30350.0,0,2025-05-15 07:34:00
1747294500,30350.0,30350.0,30335.0,30335.0,1,2025-05-15 07:35:00
1747294560,30335.0,30360.0,30335.0,30360.0,14,2025-05-15 07:36:00
1747294620,30360.0,30360.0,30350.0,30350.0,3,2025-05-15 07:37:00
1747294680,30350.0,30350.0,30320.0,30320.0,1,2025-05-15 07:38:00
1747294740,30320.0,30320.0,30320.0,30320.0,0,2025-05-15 07:39:00
1747294800,30320.0,30320.0,30320.0,30320.0,0,2025-05-15 07:40:00
1747294860,30320.0,30320.0,30320.0,30320.0,0,2025-05-15 07:41:00
1747294920,30320.0,30320.0,30320.0,30320.0,0,2025-05-15 07:42:00
1747294980,30320.0,30320.0,30320.0,30320.0,0,2025-05-15 07:43:00
1747295040,30320.0,30370.0,30320.0,30370.0,59,2025-05-15 07:44:00
1747295100,30390.0,30400.0,30365.0,30385.0,15,2025-05-15 07:45:00
1747295160,30385.0,30385.0,30360.0,30360.0,2,2025-05-15 07:46:00
1747295220,30355.0,30400.0,30355.0,30400.0,9,2025-05-15 07:47:00
1747295280,30365.0,30395.0,30365.0,30395.0,2,2025-05-15 07:48:00
1747295340,30365.0,30370.0,30365.0,30370.0,3,2025-05-15 07:49:00
1747295400,30370.0,30400.0,30365.0,30400.0,3,2025-05-15 07:50:00
1747295460,30400.0,30400.0,30365.0,30395.0,7,2025-05-15 07:51:00
1747295520,30395.0,30395.0,30365.0,30365.0,2,2025-05-15 07:52:00
1747295580,30365.0,30365.0,30355.0,30355.0,2,2025-05-15 07:53:00
1747295640,30355.0,30395.0,30355.0,30360.0,7,2025-05-15 07:54:00
1747295700,30360.0,30360.0,30350.0,30350.0,1,2025-05-15 07:55:00
1747295760,30350.0,30390.0,30350.0,30350.0,4,2025-05-15 07:56:00
1747295820,30350.0,30430.0,30350.0,30430.0,33,2025-05-15 07:57:00
1747295880,30430.0,30430.0,30400.0,30400.0,4,2025-05-15 07:58:00
1747295940,30400.0,30405.0,30390.0,30390.0,2,2025-05-15 07:59:00
1747296000,30390.0,30425.0,30390.0,30425.0,9,2025-05-15 08:00:00
1747296060,30440.0,30450.0,30395.0,30435.0,63,2025-05-15 08:01:00
1747296120,30435.0,30450.0,30435.0,30450.0,40,2025-05-15 08:02:00
1747296180,30450.0,30450.0,30405.0,30405.0,2,2025-05-15 08:03:00
1747296240,30405.0,30450.0,30405.0,30450.0,3,2025-05-15 08:04:00
1747296300,30450.0,30450.0,30405.0,30405.0,3,2025-05-15 08:05:00
1747296360,30405.0,30445.0,30400.0,30445.0,4,2025-05-15 08:06:00
1747296420,30445.0,30445.0,30410.0,30410.0,4,2025-05-15 08:07:00
1747296480,30410.0,30430.0,30410.0,30430.0,2,2025-05-15 08:08:00
1747296540,30430.0,30450.0,30415.0,30415.0,12,2025-05-15 08:09:00
1747296600,30450.0,30450.0,30425.0,30425.0,6,2025-05-15 08:10:00
1747296660,30425.0,30440.0,30425.0,30440.0,72,2025-05-15 08:11:00
1747296720,30450.0,30450.0,30430.0,30450.0,7,2025-05-15 08:12:00
1747296780,30450.0,30470.0,30440.0,30470.0,36,2025-05-15 08:13:00
1747296840,30470.0,30470.0,30435.0,30450.0,3,2025-05-15 08:14:00
1747296900,30450.0,30450.0,30435.0,30435.0,2,2025-05-15 08:15:00
1747296960,30435.0,30440.0,30435.0,30440.0,1,2025-05-15 08:16:00
1747297020,30440.0,30455.0,30410.0,30455.0,227,2025-05-15 08:17:00
1747297080,30455.0,30455.0,30425.0,30430.0,3,2025-05-15 08:18:00
1747297140,30435.0,30455.0,30415.0,30455.0,3,2025-05-15 08:19:00
1747297200,30455.0,30455.0,30415.0,30415.0,3,2025-05-15 08:20:00
1747297260,30415.0,30450.0,30415.0,30435.0,5,2025-05-15 08:21:00
1747297320,30435.0,30435.0,30435.0,30435.0,1,2025-05-15 08:22:00
1747297380,30435.0,30435.0,30415.0,30430.0,2,2025-05-15 08:23:00
1747297440,30430.0,30450.0,30430.0,30450.0,5,2025-05-15 08:24:00
1747297500,30450.0,30470.0,30415.0,30415.0,51,2025-05-15 08:25:00
1747297560,30420.0,30465.0,30400.0,30425.0,101,2025-05-15 08:26:00
1747297620,30425.0,30430.0,30425.0,30430.0,2,2025-05-15 08:27:00
1747297680,30450.0,30450.0,30450.0,30450.0,3,2025-05-15 08:28:00
1747297740,30435.0,30435.0,30435.0,30435.0,2,2025-05-15 08:29:00
1747297800,30435.0,30450.0,30435.0,30450.0,4,2025-05-15 08:30:00
1747297860,30420.0,30450.0,30420.0,30440.0,21,2025-05-15 08:31:00
1747297920,30440.0,30440.0,30420.0,30420.0,1,2025-05-15 08:32:00
1747297980,30420.0,30440.0,30405.0,30405.0,8,2025-05-15 08:33:00
1747298040,30405.0,30440.0,30405.0,30440.0,10,2025-05-15 08:34:00
1747298100,30405.0,30420.0,30405.0,30420.0,2,2025-05-15 08:35:00
1747298160,30440.0,30440.0,30405.0,30440.0,4,2025-05-15 08:36:00
1747298220,30440.0,30440.0,30400.0,30440.0,8,2025-05-15 08:37:00
1747298280,30440.0,30450.0,30440.0,30450.0,11,2025-05-15 08:38:00
1747298340,30450.0,30450.0,30420.0,30420.0,4,2025-05-15 08:39:00
1747298400,30420.0,30430.0,30410.0,30430.0,4,2025-05-15 08:40:00
1747298460,30430.0,30460.0,30430.0,30430.0,15,2025-05-15 08:41:00
1747298520,30430.0,30460.0,30420.0,30430.0,5,2025-05-15 08:42:00
1747298580,30430.0,30430.0,30420.0,30420.0,2,2025-05-15 08:43:00
1747298640,30420.0,30440.0,30420.0,30440.0,6,2025-05-15 08:44:00
1747298700,30440.0,30440.0,30440.0,30440.0,2,2025-05-15 08:45:00
1747298760,30440.0,30455.0,30430.0,30455.0,25,2025-05-15 08:46:00
1747298820,30430.0,30490.0,30425.0,30490.0,51,2025-05-15 08:47:00
1747298880,30490.0,30490.0,30435.0,30435.0,4,2025-05-15 08:48:00
1747298940,30435.0,30475.0,30430.0,30430.0,6,2025-05-15 08:49:00
1747299000,30430.0,30470.0,30430.0,30470.0,21,2025-05-15 08:50:00
1747299060,30470.0,30470.0,30420.0,30450.0,5,2025-05-15 08:51:00
1747299120,30450.0,30450.0,30435.0,30440.0,2,2025-05-15 08:52:00
1747299180,30440.0,30450.0,30435.0,30435.0,6,2025-05-15 08:53:00
1747299240,30435.0,30435.0,30420.0,30435.0,4,2025-05-15 08:54:00
1747299300,30450.0,30450.0,30425.0,30425.0,4,2025-05-15 08:55:00
1747299360,30425.0,30450.0,30425.0,30450.0,48,2025-05-15 08:56:00
1747299420,30450.0,30450.0,30435.0,30450.0,7,2025-05-15 08:57:00
1747299480,30450.0,30450.0,30430.0,30440.0,3,2025-05-15 08:58:00
1747299540,30440.0,30450.0,30435.0,30435.0,7,2025-05-15 08:59:00
1747299600,30435.0,30450.0,30435.0,30435.0,85,2025-05-15 09:00:00
1747299660,30435.0,30435.0,30435.0,30435.0,1,2025-05-15 09:01:00
1747299720,30450.0,30450.0,30435.0,30435.0,6,2025-05-15 09:02:00
1747299780,30435.0,30450.0,30430.0,30450.0,4,2025-05-15 09:03:00
1747299840,30450.0,30450.0,30430.0,30440.0,3,2025-05-15 09:04:00
1747299900,30440.0,30440.0,30440.0,30440.0,2,2025-05-15 09:05:00
1747299960,30440.0,30455.0,30430.0,30430.0,3,2025-05-15 09:06:00
1747300020,30430.0,30430.0,30430.0,30430.0,2,2025-05-15 09:07:00
1747300080,30430.0,30450.0,30430.0,30450.0,4,2025-05-15 09:08:00
1747300140,30450.0,30450.0,30430.0,30430.0,4,2025-05-15 09:09:00
1747300200,30430.0,30440.0,30430.0,30440.0,7,2025-05-15 09:10:00
1747300260,30440.0,30440.0,30430.0,30435.0,7,2025-05-15 09:11:00
1747300320,30450.0,30450.0,30405.0,30415.0,61,2025-05-15 09:12:00
1747300380,30415.0,30415.0,30385.0,30405.0,4,2025-05-15 09:13:00
1747300440,30405.0,30430.0,30390.0,30395.0,11,2025-05-15 09:14:00
1747300500,30395.0,30400.0,30395.0,30400.0,6,2025-05-15 09:15:00
1747300560,30400.0,30400.0,30375.0,30375.0,67,2025-05-15 09:16:00
1747300620,30375.0,30400.0,30375.0,30375.0,8,2025-05-15 09:17:00
1747300680,30385.0,30400.0,30375.0,30400.0,28,2025-05-15 09:18:00
1747300740,30400.0,30400.0,30380.0,30400.0,5,2025-05-15 09:19:00
1747300800,30400.0,30405.0,30380.0,30395.0,8,2025-05-15 09:20:00
1747300860,30395.0,30395.0,30380.0,30390.0,6,2025-05-15 09:21:00
1747300920,30400.0,30400.0,30385.0,30395.0,11,2025-05-15 09:22:00
1747300980,30395.0,30395.0,30385.0,30395.0,3,2025-05-15 09:23:00
1747301040,30395.0,30395.0,30385.0,30385.0,2,2025-05-15 09:24:00
1747301100,30385.0,30400.0,30385.0,30400.0,6,2025-05-15 09:25:00
1747301160,30400.0,30405.0,30395.0,30400.0,50,2025-05-15 09:26:00
1747301220,30400.0,30400.0,30395.0,30395.0,94,2025-05-15 09:27:00
1747301280,30395.0,30395.0,30385.0,30385.0,2,2025-05-15 09:28:00
1747301340,30385.0,30400.0,30385.0,30385.0,8,2025-05-15 09:29:00
1747301400,30395.0,30395.0,30385.0,30395.0,3,2025-05-15 09:30:00
1747301460,30385.0,30385.0,30385.0,30385.0,11,2025-05-15 09:31:00
1747301520,30390.0,30390.0,30375.0,30375.0,38,2025-05-15 09:32:00
1747301580,30375.0,30375.0,30360.0,30375.0,113,2025-05-15 09:33:00
1747301640,30360.0,30375.0,30360.0,30375.0,60,2025-05-15 09:34:00
1747301700,30375.0,30395.0,30360.0,30395.0,46,2025-05-15 09:35:00
1747301760,30395.0,30395.0,30360.0,30395.0,18,2025-05-15 09:36:00
1747301820,30395.0,30395.0,30360.0,30390.0,4,2025-05-15 09:37:00
1747301880,30390.0,30395.0,30360.0,30395.0,28,2025-05-15 09:38:00
1747301940,30395.0,30395.0,30360.0,30365.0,5,2025-05-15 09:39:00
1747302000,30365.0,30365.0,30360.0,30360.0,1,2025-05-15 09:40:00
1747302060,30365.0,30395.0,30365.0,30395.0,11,2025-05-15 09:41:00
1747302120,30395.0,30395.0,30365.0,30365.0,17,2025-05-15 09:42:00
1747302180,30365.0,30395.0,30365.0,30395.0,35,2025-05-15 09:43:00
1747302240,30400.0,30425.0,30375.0,30375.0,36,2025-05-15 09:44:00
1747302300,30375.0,30410.0,30370.0,30390.0,26,2025-05-15 09:45:00
1747302360,30390.0,30410.0,30360.0,30385.0,45,2025-05-15 09:46:00
1747302420,30370.0,30370.0,30370.0,30370.0,3,2025-05-15 09:47:00
1747302480,30370.0,30395.0,30370.0,30370.0,11,2025-05-15 09:48:00
1747302540,30370.0,30380.0,30365.0,30365.0,3,2025-05-15 09:49:00
1747302600,30365.0,30375.0,30285.0,30305.0,166,2025-05-15 09:50:00
1747302660,30300.0,30350.0,30300.0,30350.0,88,2025-05-15 09:51:00
1747302720,30305.0,30335.0,30305.0,30335.0,8,2025-05-15 09:52:00
1747302780,30335.0,30350.0,30320.0,30345.0,16,2025-05-15 09:53:00
1747302840,30345.0,30345.0,30290.0,30290.0,64,2025-05-15 09:54:00
1747302900,30290.0,30330.0,30290.0,30330.0,15,2025-05-15 09:55:00
1747302960,30330.0,30330.0,30280.0,30280.0,94,2025-05-15 09:56:00
1747303020,30280.0,30300.0,30280.0,30285.0,11,2025-05-15 09:57:00
1747303080,30280.0,30300.0,30280.0,30300.0,6,2025-05-15 09:58:00
1747303140,30300.0,30300.0,30225.0,30225.0,653,2025-05-15 09:59:00
1747367100,31000.0,31490.0,30950.0,31225.0,1917,2025-05-16 03:45:00
1747367160,31250.0,31500.0,31250.0,31450.0,1349,2025-05-16 03:46:00
1747367220,31425.0,31470.0,31335.0,31465.0,983,2025-05-16 03:47:00
1747367280,31460.0,31460.0,31260.0,31365.0,594,2025-05-16 03:48:00
1747367340,31320.0,31410.0,31305.0,31395.0,444,2025-05-16 03:49:00
1747367400,31390.0,31390.0,31280.0,31300.0,450,2025-05-16 03:50:00
1747367460,31300.0,31300.0,31215.0,31215.0,235,2025-05-16 03:51:00
1747367520,31220.0,31220.0,31140.0,31215.0,401,2025-05-16 03:52:00
1747367580,31215.0,31225.0,31170.0,31180.0,110,2025-05-16 03:53:00
1747367640,31220.0,31220.0,31170.0,31170.0,177,2025-05-16 03:54:00
1747367700,31135.0,31170.0,31060.0,31060.0,464,2025-05-16 03:55:00
1747367760,31080.0,31080.0,30900.0,30915.0,909,2025-05-16 03:56:00
1747367820,30915.0,30965.0,30915.0,30955.0,190,2025-05-16 03:57:00
1747367880,30955.0,30955.0,30910.0,30925.0,156,2025-05-16 03:58:00
1747367940,30920.0,30930.0,30765.0,30905.0,771,2025-05-16 03:59:00
1747368000,30900.0,31005.0,30900.0,30915.0,375,2025-05-16 04:00:00
1747368060,30915.0,31000.0,30840.0,30845.0,217,2025-05-16 04:01:00
1747368120,30910.0,30910.0,30840.0,30875.0,191,2025-05-16 04:02:00
1747368180,30915.0,30915.0,30840.0,30850.0,236,2025-05-16 04:03:00
1747368240,30850.0,30875.0,30850.0,30875.0,12,2025-05-16 04:04:00
1747368300,30875.0,30875.0,30840.0,30870.0,56,2025-05-16 04:05:00
1747368360,30900.0,30905.0,30840.0,30865.0,74,2025-05-16 04:06:00
1747368420,30865.0,30865.0,30800.0,30800.0,51,2025-05-16 04:07:00
1747368480,30800.0,30800.0,30755.0,30790.0,116,2025-05-16 04:08:00
1747368540,30790.0,30835.0,30790.0,30835.0,57,2025-05-16 04:09:00
1747368600,30835.0,30835.0,30830.0,30830.0,11,2025-05-16 04:10:00
1747368660,30830.0,30835.0,30810.0,30835.0,16,2025-05-16 04:11:00
1747368720,30850.0,30850.0,30730.0,30815.0,500,2025-05-16 04:12:00
1747368780,30800.0,30825.0,30775.0,30775.0,67,2025-05-16 04:13:00
1747368840,30775.0,30785.0,30775.0,30780.0,17,2025-05-16 04:14:00
1747368900,30780.0,30820.0,30780.0,30815.0,27,2025-05-16 04:15:00
1747368960,30815.0,30825.0,30785.0,30825.0,18,2025-05-16 04:16:00
1747369020,30825.0,30825.0,30790.0,30790.0,12,2025-05-16 04:17:00
1747369080,30805.0,30810.0,30780.0,30810.0,52,2025-05-16 04:18:00
1747369140,30810.0,30880.0,30780.0,30880.0,280,2025-05-16 04:19:00
1747369200,30880.0,30900.0,30855.0,30900.0,27,2025-05-16 04:20:00
1747369260,30895.0,30900.0,30840.0,30850.0,307,2025-05-16 04:21:00
1747369320,30850.0,30875.0,30830.0,30850.0,78,2025-05-16 04:22:00
1747369380,30900.0,30900.0,30845.0,30880.0,137,2025-05-16 04:23:00
1747369440,30880.0,30920.0,30870.0,30900.0,114,2025-05-16 04:24:00
1747369500,30865.0,30920.0,30850.0,30860.0,46,2025-05-16 04:25:00
1747369560,30910.0,30915.0,30865.0,30885.0,46,2025-05-16 04:26:00
1747369620,30885.0,30915.0,30850.0,30850.0,39,2025-05-16 04:27:00
1747369680,30850.0,30905.0,30850.0,30870.0,20,2025-05-16 04:28:00
1747369740,30890.0,30890.0,30845.0,30850.0,164,2025-05-16 04:29:00
1747369800,30850.0,30905.0,30835.0,30895.0,89,2025-05-16 04:30:00
1747369860,30895.0,30900.0,30830.0,30865.0,51,2025-05-16 04:31:00
1747369920,30865.0,30900.0,30865.0,30875.0,20,2025-05-16 04:32:00
1747369980,30875.0,30905.0,30850.0,30855.0,25,2025-05-16 04:33:00
1747370040,30855.0,30940.0,30855.0,30940.0,159,2025-05-16 04:34:00
1747370100,30940.0,30940.0,30875.0,30935.0,40,2025-05-16 04:35:00
1747370160,30890.0,30895.0,30885.0,30895.0,7,2025-05-16 04:36:00
1747370220,30895.0,31000.0,30895.0,30925.0,234,2025-05-16 04:37:00
1747370280,30930.0,30930.0,30850.0,30870.0,163,2025-05-16 04:38:00
1747370340,30870.0,30930.0,30860.0,30930.0,105,2025-05-16 04:39:00
1747370400,30930.0,30945.0,30900.0,30930.0,47,2025-05-16 04:40:00
1747370460,30930.0,30950.0,30930.0,30945.0,43,2025-05-16 04:41:00
1747370520,30945.0,30980.0,30920.0,30980.0,32,2025-05-16 04:42:00
1747370580,30910.0,30985.0,30910.0,30970.0,88,2025-05-16 04:43:00
1747370640,30975.0,31000.0,30960.0,31000.0,100,2025-05-16 04:44:00
1747370700,30980.0,31010.0,30955.0,30955.0,18,2025-05-16 04:45:00
1747370760,30965.0,31000.0,30965.0,30965.0,15,2025-05-16 04:46:00
1747370820,30965.0,30995.0,30930.0,30965.0,23,2025-05-16 04:47:00
1747370880,30965.0,31000.0,30935.0,31000.0,157,2025-05-16 04:48:00
1747370940,31000.0,31025.0,30960.0,31015.0,124,2025-05-16 04:49:00
1747371000,31015.0,31015.0,30975.0,31010.0,17,2025-05-16 04:50:00
1747371060,31010.0,31045.0,30965.0,30965.0,28,2025-05-16 04:51:00
1747371120,30965.0,31005.0,30965.0,30965.0,8,2025-05-16 04:52:00
1747371180,30975.0,31000.0,30945.0,30945.0,14,2025-05-16 04:53:00
1747371240,30930.0,31010.0,30930.0,31010.0,89,2025-05-16 04:54:00
1747371300,31010.0,31010.0,30940.0,30960.0,17,2025-05-16 04:55:00
1747371360,30960.0,31000.0,30940.0,30950.0,23,2025-05-16 04:56:00
1747371420,30950.0,30990.0,30945.0,30985.0,16,2025-05-16 04:57:00
1747371480,30985.0,30985.0,30980.0,30980.0,3,2025-05-16 04:58:00
1747371540,30980.0,30980.0,30920.0,30955.0,99,2025-05-16 04:59:00
1747371600,30955.0,30955.0,30920.0,30955.0,6,2025-05-16 05:00:00
1747371660,30955.0,30975.0,30925.0,30975.0,11,2025-05-16 05:01:00
1747371720,30975.0,30975.0,30930.0,30975.0,50,2025-05-16 05:02:00
1747371780,30975.0,30975.0,30805.0,30805.0,261,2025-05-16 05:03:00
1747371840,30805.0,30850.0,30805.0,30810.0,67,2025-05-16 05:04:00
1747371900,30810.0,30835.0,30780.0,30780.0,66,2025-05-16 05:05:00
1747371960,30825.0,30825.0,30750.0,30810.0,124,2025-05-16 05:06:00
1747372020,30810.0,30810.0,30760.0,30760.0,20,2025-05-16 05:07:00
1747372080,30760.0,30790.0,30760.0,30760.0,26,2025-05-16 05:08:00
1747372140,30760.0,30785.0,30730.0,30730.0,112,2025-05-16 05:09:00
1747372200,30740.0,30750.0,30700.0,30750.0,122,2025-05-16 05:10:00
1747372260,30750.0,30750.0,30710.0,30720.0,34,2025-05-16 05:11:00
1747372320,30750.0,30785.0,30710.0,30710.0,51,2025-05-16 05:12:00
1747372380,30730.0,30760.0,30710.0,30710.0,27,2025-05-16 05:13:00
1747372440,30710.0,30755.0,30700.0,30705.0,27,2025-05-16 05:14:00
1747372500,30705.0,30715.0,30630.0,30675.0,276,2025-05-16 05:15:00
1747372560,30690.0,30695.0,30650.0,30695.0,40,2025-05-16 05:16:00
1747372620,30695.0,30695.0,30665.0,30665.0,26,2025-05-16 05:17:00
1747372680,30665.0,30695.0,30660.0,30690.0,32,2025-05-16 05:18:00
1747372740,30690.0,30690.0,30660.0,30660.0,27,2025-05-16 05:19:00
1747372800,30660.0,30685.0,30655.0,30685.0,22,2025-05-16 05:20:00
1747372860,30685.0,30685.0,30655.0,30655.0,27,2025-05-16 05:21:00
1747372920,30655.0,30660.0,30635.0,30635.0,31,2025-05-16 05:22:00
1747372980,30635.0,30650.0,30630.0,30650.0,51,2025-05-16 05:23:00
1747373040,30675.0,30680.0,30640.0,30640.0,25,2025-05-16 05:24:00
1747373100,30640.0,30660.0,30640.0,30640.0,21,2025-05-16 05:25:00
1747373160,30640.0,30680.0,30640.0,30645.0,31,2025-05-16 05:26:00
1747373220,30645.0,30710.0,30640.0,30710.0,91,2025-05-16 05:27:00
1747373280,30650.0,30685.0,30630.0,30655.0,32,2025-05-16 05:28:00
1747373340,30670.0,30675.0,30650.0,30650.0,24,2025-05-16 05:29:00
1747373400,30650.0,30650.0,30630.0,30650.0,23,2025-05-16 05:30:00
1747373460,30650.0,30650.0,30630.0,30630.0,35,2025-05-16 05:31:00
1747373520,30650.0,30650.0,30610.0,30610.0,22,2025-05-16 05:32:00
1747373580,30655.0,30660.0,30605.0,30640.0,38,2025-05-16 05:33:00
1747373640,30640.0,30660.0,30615.0,30660.0,29,2025-05-16 05:34:00
1747373700,30660.0,30660.0,30600.0,30600.0,32,2025-05-16 05:35:00
1747373760,30600.0,30640.0,30600.0,30605.0,71,2025-05-16 05:36:00
1747373820,30645.0,30645.0,30605.0,30645.0,26,2025-05-16 05:37:00
1747373880,30640.0,30660.0,30610.0,30645.0,129,2025-05-16 05:38:00
1747373940,30615.0,30650.0,30600.0,30605.0,138,2025-05-16 05:39:00
1747374000,30605.0,30625.0,30600.0,30600.0,18,2025-05-16 05:40:00
1747374060,30600.0,30620.0,30595.0,30595.0,21,2025-05-16 05:41:00
1747374120,30625.0,30650.0,30580.0,30650.0,96,2025-05-16 05:42:00
1747374180,30650.0,30650.0,30620.0,30620.0,24,2025-05-16 05:43:00
1747374240,30620.0,30640.0,30600.0,30640.0,24,2025-05-16 05:44:00
1747374300,30640.0,30640.0,30605.0,30640.0,21,2025-05-16 05:45:00
1747374360,30640.0,30640.0,30600.0,30600.0,42,2025-05-16 05:46:00
1747374420,30630.0,30635.0,30585.0,30600.0,63,2025-05-16 05:47:00
1747374480,30600.0,30625.0,30590.0,30600.0,23,2025-05-16 05:48:00
1747374540,30635.0,30635.0,30600.0,30620.0,31,2025-05-16 05:49:00
1747374600,30640.0,30650.0,30620.0,30620.0,36,2025-05-16 05:50:00
1747374660,30645.0,30690.0,30610.0,30655.0,40,2025-05-16 05:51:00
1747374720,30655.0,30655.0,30620.0,30655.0,19,2025-05-16 05:52:00
1747374780,30655.0,30655.0,30550.0,30580.0,156,2025-05-16 05:53:00
1747374840,30580.0,30600.0,30580.0,30585.0,26,2025-05-16 05:54:00
1747374900,30580.0,30640.0,30560.0,30640.0,97,2025-05-16 05:55:00
1747374960,30640.0,30640.0,30605.0,30630.0,26,2025-05-16 05:56:00
1747375020,30630.0,30630.0,30600.0,30600.0,24,2025-05-16 05:57:00
1747375080,30600.0,30620.0,30600.0,30605.0,22,2025-05-16 05:58:00
1747375140,30605.0,30620.0,30605.0,30620.0,32,2025-05-16 05:59:00
1747375200,30620.0,30645.0,30600.0,30645.0,37,2025-05-16 06:00:00
1747375260,30645.0,30650.0,30605.0,30650.0,22,2025-05-16 06:01:00
1747375320,30650.0,30650.0,30610.0,30610.0,25,2025-05-16 06:02:00
1747375380,30650.0,30650.0,30610.0,30615.0,23,2025-05-16 06:03:00
1747375440,30645.0,30665.0,30615.0,30650.0,32,2025-05-16 06:04:00
1747375500,30650.0,30650.0,30615.0,30650.0,28,2025-05-16 06:05:00
1747375560,30650.0,30665.0,30615.0,30630.0,46,2025-05-16 06:06:00
1747375620,30630.0,30710.0,30630.0,30650.0,302,2025-05-16 06:07:00
1747375680,30650.0,30675.0,30630.0,30640.0,21,2025-05-16 06:08:00
1747375740,30685.0,30690.0,30655.0,30685.0,23,2025-05-16 06:09:00
1747375800,30685.0,30685.0,30655.0,30685.0,29,2025-05-16 06:10:00
1747375860,30685.0,30685.0,30655.0,30655.0,23,2025-05-16 06:11:00
1747375920,30655.0,30745.0,30655.0,30720.0,202,2025-05-16 06:12:00
1747375980,30720.0,30745.0,30675.0,30730.0,32,2025-05-16 06:13:00
1747376040,30730.0,30730.0,30680.0,30695.0,21,2025-05-16 06:14:00
1747376100,30705.0,30725.0,30700.0,30725.0,23,2025-05-16 06:15:00
1747376160,30725.0,30725.0,30680.0,30690.0,22,2025-05-16 06:16:00
1747376220,30690.0,30720.0,30685.0,30700.0,21,2025-05-16 06:17:00
1747376280,30710.0,30730.0,30700.0,30700.0,16,2025-05-16 06:18:00
1747376340,30685.0,30725.0,30675.0,30705.0,37,2025-05-16 06:19:00
1747376400,30705.0,30720.0,30690.0,30710.0,22,2025-05-16 06:20:00
1747376460,30710.0,30710.0,30680.0,30680.0,52,2025-05-16 06:21:00
1747376520,30700.0,30700.0,30680.0,30700.0,23,2025-05-16 06:22:00
1747376580,30700.0,30700.0,30670.0,30670.0,19,2025-05-16 06:23:00
1747376640,30670.0,30680.0,30670.0,30670.0,20,2025-05-16 06:24:00
1747376700,30675.0,30700.0,30675.0,30695.0,21,2025-05-16 06:25:00
1747376760,30695.0,30695.0,30670.0,30670.0,32,2025-05-16 06:26:00
1747376820,30695.0,30695.0,30670.0,30685.0,110,2025-05-16 06:27:00
1747376880,30675.0,30680.0,30650.0,30675.0,27,2025-05-16 06:28:00
1747376940,30675.0,30675.0,30630.0,30630.0,21,2025-05-16 06:29:00
1747377000,30630.0,30665.0,30630.0,30635.0,21,2025-05-16 06:30:00
1747377060,30635.0,30665.0,30635.0,30635.0,21,2025-05-16 06:31:00
1747377120,30665.0,30665.0,30635.0,30660.0,21,2025-05-16 06:32:00
1747377180,30660.0,30660.0,30620.0,30620.0,21,2025-05-16 06:33:00
1747377240,30610.0,30630.0,30605.0,30630.0,28,2025-05-16 06:34:00
1747377300,30630.0,30650.0,30600.0,30600.0,25,2025-05-16 06:35:00
1747377360,30635.0,30660.0,30605.0,30630.0,32,2025-05-16 06:36:00
1747377420,30630.0,30640.0,30610.0,30640.0,28,2025-05-16 06:37:00
1747377480,30640.0,30645.0,30610.0,30610.0,29,2025-05-16 06:38:00
1747377540,30610.0,30645.0,30605.0,30605.0,23,2025-05-16 06:39:00
1747377600,30605.0,30645.0,30600.0,30635.0,30,2025-05-16 06:40:00
1747377660,30635.0,30640.0,30600.0,30640.0,24,2025-05-16 06:41:00
1747377720,30640.0,30640.0,30605.0,30640.0,21,2025-05-16 06:42:00
1747377780,30640.0,30640.0,30605.0,30635.0,31,2025-05-16 06:43:00
1747377840,30635.0,30635.0,30605.0,30605.0,30,2025-05-16 06:44:00
1747377900,30635.0,30635.0,30600.0,30625.0,24,2025-05-16 06:45:00
1747377960,30625.0,30630.0,30600.0,30605.0,23,2025-05-16 06:46:00
1747378020,30605.0,30605.0,30600.0,30600.0,18,2025-05-16 06:47:00
1747378080,30600.0,30630.0,30600.0,30600.0,25,2025-05-16 06:48:00
1747378140,30600.0,30630.0,30600.0,30600.0,24,2025-05-16 06:49:00
1747378200,30625.0,30625.0,30585.0,30600.0,162,2025-05-16 06:50:00
1747378260,30600.0,30600.0,30570.0,30570.0,42,2025-05-16 06:51:00
1747378320,30570.0,30590.0,30550.0,30550.0,53,2025-05-16 06:52:00
1747378380,30550.0,30590.0,30550.0,30560.0,29,2025-05-16 06:53:00
1747378440,30585.0,30585.0,30555.0,30555.0,30,2025-05-16 06:54:00
1747378500,30555.0,30660.0,30550.0,30660.0,95,2025-05-16 06:55:00
1747378560,30660.0,30660.0,30615.0,30615.0,41,2025-05-16 06:56:00
1747378620,30635.0,30720.0,30635.0,30720.0,214,2025-05-16 06:57:00
1747378680,30705.0,30730.0,30650.0,30700.0,235,2025-05-16 06:58:00
1747378740,30700.0,30715.0,30645.0,30645.0,23,2025-05-16 06:59:00
1747378800,30645.0,30700.0,30645.0,30665.0,14,2025-05-16 07:00:00
1747378860,30665.0,30705.0,30665.0,30665.0,26,2025-05-16 07:01:00
1747378920,30665.0,30695.0,30660.0,30685.0,24,2025-05-16 07:02:00
1747378980,30685.0,30700.0,30685.0,30685.0,31,2025-05-16 07:03:00
1747379040,30685.0,30700.0,30655.0,30700.0,20,2025-05-16 07:04:00
1747379100,30665.0,30670.0,30660.0,30670.0,45,2025-05-16 07:05:00
1747379160,30670.0,30685.0,30645.0,30680.0,24,2025-05-16 07:06:00
1747379220,30680.0,30685.0,30650.0,30680.0,26,2025-05-16 07:07:00
1747379280,30680.0,30685.0,30655.0,30685.0,24,2025-05-16 07:08:00
1747379340,30685.0,30685.0,30660.0,30685.0,20,2025-05-16 07:09:00
1747379400,30685.0,30720.0,30660.0,30705.0,90,2025-05-16 07:10:00
1747379460,30705.0,30725.0,30700.0,30725.0,36,2025-05-16 07:11:00
1747379520,30725.0,30725.0,30700.0,30720.0,25,2025-05-16 07:12:00
1747379580,30720.0,30720.0,30700.0,30715.0,20,2025-05-16 07:13:00
1747379640,30715.0,30715.0,30690.0,30690.0,35,2025-05-16 07:14:00
1747379700,30690.0,30695.0,30660.0,30660.0,21,2025-05-16 07:15:00
1747379760,30660.0,30695.0,30655.0,30680.0,21,2025-05-16 07:16:00
1747379820,30680.0,30685.0,30650.0,30685.0,20,2025-05-16 07:17:00
1747379880,30685.0,30685.0,30655.0,30680.0,24,2025-05-16 07:18:00
1747379940,30680.0,30685.0,30655.0,30685.0,51,2025-05-16 07:19:00
1747380000,30685.0,30695.0,30660.0,30665.0,21,2025-05-16 07:20:00
1747380060,30695.0,30700.0,30660.0,30685.0,32,2025-05-16 07:21:00
1747380120,30685.0,30695.0,30655.0,30690.0,21,2025-05-16 07:22:00
1747380180,30690.0,30690.0,30650.0,30650.0,25,2025-05-16 07:23:00
1747380240,30650.0,30685.0,30650.0,30655.0,22,2025-05-16 07:24:00
1747380300,30680.0,30680.0,30650.0,30680.0,24,2025-05-16 07:25:00
1747380360,30680.0,30685.0,30655.0,30660.0,22,2025-05-16 07:26:00
1747380420,30660.0,30685.0,30655.0,30655.0,21,2025-05-16 07:27:00
1747380480,30655.0,30680.0,30650.0,30650.0,19,2025-05-16 07:28:00
1747380540,30650.0,30680.0,30650.0,30675.0,22,2025-05-16 07:29:00
1747380600,30675.0,30675.0,30650.0,30670.0,23,2025-05-16 07:30:00
1747380660,30670.0,30670.0,30650.0,30670.0,20,2025-05-16 07:31:00
1747380720,30650.0,30670.0,30650.0,30650.0,21,2025-05-16 07:32:00
1747380780,30675.0,30690.0,30660.0,30660.0,27,2025-05-16 07:33:00
1747380840,30680.0,30680.0,30645.0,30675.0,24,2025-05-16 07:34:00
1747380900,30675.0,30675.0,30635.0,30665.0,25,2025-05-16 07:35:00
1747380960,30665.0,30665.0,30630.0,30660.0,73,2025-05-16 07:36:00
1747381020,30660.0,30660.0,30625.0,30650.0,37,2025-05-16 07:37:00
1747381080,30650.0,30660.0,30630.0,30650.0,30,2025-05-16 07:38:00
1747381140,30650.0,30680.0,30650.0,30680.0,78,2025-05-16 07:39:00
1747381200,30680.0,30680.0,30640.0,30665.0,22,2025-05-16 07:40:00
1747381260,30665.0,30670.0,30640.0,30670.0,24,2025-05-16 07:41:00
1747381320,30670.0,30670.0,30600.0,30665.0,54,2025-05-16 07:42:00
1747381380,30665.0,30665.0,30610.0,30650.0,35,2025-05-16 07:43:00
1747381440,30650.0,30660.0,30625.0,30650.0,30,2025-05-16 07:44:00
1747381500,30650.0,30655.0,30620.0,30620.0,26,2025-05-16 07:45:00
1747381560,30620.0,30655.0,30620.0,30650.0,34,2025-05-16 07:46:00
1747381620,30650.0,30655.0,30620.0,30630.0,29,2025-05-16 07:47:00
1747381680,30655.0,30655.0,30630.0,30655.0,31,2025-05-16 07:48:00
1747381740,30655.0,30660.0,30630.0,30640.0,25,2025-05-16 07:49:00
1747381800,30640.0,30655.0,30630.0,30635.0,25,2025-05-16 07:50:00
1747381860,30635.0,30665.0,30630.0,30630.0,50,2025-05-16 07:51:00
1747381920,30630.0,30665.0,30630.0,30665.0,42,2025-05-16 07:52:00
1747381980,30665.0,30665.0,30630.0,30650.0,25,2025-05-16 07:53:00
1747382040,30650.0,30655.0,30630.0,30650.0,24,2025-05-16 07:54:00
1747382100,30650.0,30665.0,30630.0,30630.0,31,2025-05-16 07:55:00
1747382160,30630.0,30655.0,30630.0,30635.0,37,2025-05-16 07:56:00
1747382220,30660.0,30665.0,30635.0,30665.0,24,2025-05-16 07:57:00
1747382280,30665.0,30665.0,30635.0,30665.0,23,2025-05-16 07:58:00
1747382340,30665.0,30665.0,30625.0,30645.0,31,2025-05-16 07:59:00
1747382400,30645.0,30660.0,30625.0,30625.0,22,2025-05-16 08:00:00
1747382460,30655.0,30665.0,30620.0,30665.0,241,2025-05-16 08:01:00
1747382520,30665.0,30665.0,30620.0,30655.0,24,2025-05-16 08:02:00
1747382580,30655.0,30665.0,30620.0,30630.0,24,2025-05-16 08:03:00
1747382640,30630.0,30665.0,30630.0,30650.0,25,2025-05-16 08:04:00
1747382700,30650.0,30690.0,30650.0,30685.0,78,2025-05-16 08:05:00
1747382760,30685.0,30685.0,30645.0,30675.0,79,2025-05-16 08:06:00
1747382820,30675.0,30675.0,30600.0,30660.0,267,2025-05-16 08:07:00
1747382880,30630.0,30650.0,30630.0,30650.0,208,2025-05-16 08:08:00
1747382940,30665.0,30665.0,30620.0,30635.0,452,2025-05-16 08:09:00
1747383000,30635.0,30665.0,30635.0,30660.0,322,2025-05-16 08:10:00
1747383060,30660.0,30660.0,30635.0,30650.0,840,2025-05-16 08:11:00
1747383120,30640.0,30645.0,30560.0,30625.0,297,2025-05-16 08:12:00
1747383180,30625.0,30625.0,30595.0,30595.0,11,2025-05-16 08:13:00
1747383240,30595.0,30620.0,30590.0,30590.0,7,2025-05-16 08:14:00
1747383300,30625.0,30635.0,30600.0,30620.0,6,2025-05-16 08:15:00
1747383360,30600.0,30625.0,30575.0,30625.0,13,2025-05-16 08:16:00
1747383420,30625.0,30625.0,30600.0,30600.0,31,2025-05-16 08:17:00
1747383480,30580.0,30600.0,30575.0,30575.0,13,2025-05-16 08:18:00
1747383540,30575.0,30600.0,30530.0,30530.0,231,2025-05-16 08:19:00
1747383600,30530.0,30550.0,30530.0,30550.0,29,2025-05-16 08:20:00
1747383660,30550.0,30550.0,30500.0,30510.0,81,2025-05-16 08:21:00
1747383720,30510.0,30550.0,30510.0,30510.0,14,2025-05-16 08:22:00
1747383780,30510.0,30550.0,30480.0,30500.0,297,2025-05-16 08:23:00
1747383840,30520.0,30520.0,30465.0,30520.0,31,2025-05-16 08:24:00
1747383900,30520.0,30520.0,30520.0,30520.0,16,2025-05-16 08:25:00
1747383960,30500.0,30520.0,30470.0,30470.0,81,2025-05-16 08:26:00
1747384020,30470.0,30510.0,30470.0,30510.0,10,2025-05-16 08:27:00
1747384080,30500.0,30520.0,30500.0,30520.0,45,2025-05-16 08:28:00
1747384140,30485.0,30520.0,30485.0,30520.0,5,2025-05-16 08:29:00
1747384200,30520.0,30530.0,30505.0,30530.0,26,2025-05-16 08:30:00
1747384260,30530.0,30530.0,30500.0,30500.0,27,2025-05-16 08:31:00
1747384320,30500.0,30520.0,30480.0,30520.0,22,2025-05-16 08:32:00
1747384380,30520.0,30550.0,30480.0,30550.0,71,2025-05-16 08:33:00
1747384440,30550.0,30550.0,30520.0,30550.0,8,2025-05-16 08:34:00
1747384500,30550.0,30550.0,30545.0,30545.0,9,2025-05-16 08:35:00
1747384560,30545.0,30550.0,30545.0,30550.0,64,2025-05-16 08:36:00
1747384620,30550.0,30550.0,30550.0,30550.0,12,2025-05-16 08:37:00
1747384680,30550.0,30580.0,30550.0,30575.0,16,2025-05-16 08:38:00
1747384740,30575.0,30575.0,30500.0,30500.0,101,2025-05-16 08:39:00
1747384800,30500.0,30525.0,30500.0,30500.0,18,2025-05-16 08:40:00
1747384860,30500.0,30500.0,30485.0,30485.0,8,2025-05-16 08:41:00
1747384920,30500.0,30500.0,30480.0,30490.0,10,2025-05-16 08:42:00
1747384980,30500.0,30500.0,30480.0,30480.0,48,2025-05-16 08:43:00
1747385040,30480.0,30500.0,30480.0,30500.0,22,2025-05-16 08:44:00
1747385100,30500.0,30500.0,30480.0,30500.0,26,2025-05-16 08:45:00
1747385160,30500.0,30520.0,30495.0,30495.0,13,2025-05-16 08:46:00
1747385220,30495.0,30535.0,30495.0,30500.0,17,2025-05-16 08:47:00
1747385280,30500.0,30545.0,30500.0,30540.0,11,2025-05-16 08:48:00
1747385340,30510.0,30535.0,30505.0,30530.0,13,2025-05-16 08:49:00
1747385400,30530.0,30530.0,30510.0,30530.0,32,2025-05-16 08:50:00
1747385460,30545.0,30545.0,30500.0,30500.0,59,2025-05-16 08:51:00
1747385520,30500.0,30525.0,30500.0,30525.0,18,2025-05-16 08:52:00
1747385580,30525.0,30525.0,30510.0,30525.0,36,2025-05-16 08:53:00
1747385640,30525.0,30525.0,30505.0,30525.0,17,2025-05-16 08:54:00
1747385700,30525.0,30525.0,30505.0,30525.0,10,2025-05-16 08:55:00
1747385760,30510.0,30530.0,30510.0,30530.0,9,2025-05-16 08:56:00
1747385820,30530.0,30600.0,30515.0,30550.0,475,2025-05-16 08:57:00
1747385880,30550.0,30580.0,30550.0,30550.0,81,2025-05-16 08:58:00
1747385940,30555.0,30575.0,30530.0,30550.0,176,2025-05-16 08:59:00
1747386000,30550.0,30580.0,30550.0,30575.0,99,2025-05-16 09:00:00
1747386060,30575.0,30575.0,30525.0,30550.0,273,2025-05-16 09:01:00
1747386120,30550.0,30575.0,30550.0,30550.0,152,2025-05-16 09:02:00
1747386180,30550.0,30580.0,30550.0,30580.0,94,2025-05-16 09:03:00
1747386240,30550.0,30595.0,30550.0,30590.0,26,2025-05-16 09:04:00
1747386300,30590.0,30600.0,30560.0,30575.0,89,2025-05-16 09:05:00
1747386360,30575.0,30575.0,30550.0,30575.0,109,2025-05-16 09:06:00
1747386420,30550.0,30575.0,30535.0,30575.0,259,2025-05-16 09:07:00
1747386480,30575.0,30610.0,30550.0,30550.0,137,2025-05-16 09:08:00
1747386540,30575.0,30590.0,30550.0,30550.0,9,2025-05-16 09:09:00
1747386600,30550.0,30580.0,30545.0,30580.0,10,2025-05-16 09:10:00
1747386660,30545.0,30580.0,30545.0,30550.0,12,2025-05-16 09:11:00
1747386720,30585.0,30585.0,30555.0,30555.0,28,2025-05-16 09:12:00
1747386780,30570.0,30570.0,30545.0,30545.0,10,2025-05-16 09:13:00
1747386840,30545.0,30570.0,30545.0,30550.0,8,2025-05-16 09:14:00
1747386900,30550.0,30570.0,30550.0,30550.0,8,2025-05-16 09:15:00
1747386960,30550.0,30570.0,30550.0,30550.0,47,2025-05-16 09:16:00
1747387020,30550.0,30570.0,30550.0,30570.0,24,2025-05-16 09:17:00
1747387080,30550.0,30570.0,30550.0,30565.0,20,2025-05-16 09:18:00
1747387140,30565.0,30565.0,30550.0,30550.0,28,2025-05-16 09:19:00
1747387200,30550.0,30570.0,30545.0,30550.0,405,2025-05-16 09:20:00
1747387260,30550.0,30570.0,30550.0,30570.0,8,2025-05-16 09:21:00
1747387320,30560.0,30570.0,30555.0,30570.0,32,2025-05-16 09:22:00
1747387380,30570.0,30570.0,30555.0,30570.0,23,2025-05-16 09:23:00
1747387440,30570.0,30570.0,30555.0,30555.0,27,2025-05-16 09:24:00
1747387500,30570.0,30580.0,30560.0,30580.0,127,2025-05-16 09:25:00
1747387560,30580.0,30580.0,30555.0,30580.0,155,2025-05-16 09:26:00
1747387620,30580.0,30580.0,30555.0,30555.0,16,2025-05-16 09:27:00
1747387680,30555.0,30565.0,30550.0,30565.0,33,2025-05-16 09:28:00
1747387740,30550.0,30600.0,30550.0,30595.0,184,2025-05-16 09:29:00
1747387800,30640.0,30640.0,30600.0,30600.0,40,2025-05-16 09:30:00
1747387860,30620.0,30620.0,30595.0,30615.0,9,2025-05-16 09:31:00
1747387920,30620.0,30620.0,30600.0,30620.0,8,2025-05-16 09:32:00
1747387980,30620.0,30625.0,30600.0,30625.0,22,2025-05-16 09:33:00
1747388040,30625.0,30635.0,30595.0,30635.0,14,2025-05-16 09:34:00
1747388100,30635.0,30645.0,30585.0,30585.0,91,2025-05-16 09:35:00
1747388160,30590.0,30660.0,30585.0,30620.0,315,2025-05-16 09:36:00
1747388220,30620.0,30640.0,30565.0,30600.0,80,2025-05-16 09:37:00
1747388280,30580.0,30595.0,30555.0,30555.0,14,2025-05-16 09:38:00
1747388340,30555.0,30595.0,30555.0,30595.0,16,2025-05-16 09:39:00
1747388400,30590.0,30590.0,30555.0,30555.0,48,2025-05-16 09:40:00
1747388460,30555.0,30575.0,30520.0,30575.0,153,2025-05-16 09:41:00
1747388520,30575.0,30600.0,30530.0,30565.0,135,2025-05-16 09:42:00
1747388580,30570.0,30570.0,30540.0,30545.0,32,2025-05-16 09:43:00
1747388640,30545.0,30575.0,30545.0,30545.0,13,2025-05-16 09:44:00
1747388700,30545.0,30575.0,30545.0,30545.0,107,2025-05-16 09:45:00
1747388760,30545.0,30570.0,30525.0,30570.0,147,2025-05-16 09:46:00
1747388820,30575.0,30585.0,30530.0,30550.0,304,2025-05-16 09:47:00
1747388880,30550.0,30590.0,30550.0,30550.0,112,2025-05-16 09:48:00
1747388940,30550.0,30570.0,30525.0,30570.0,42,2025-05-16 09:49:00
1747389000,30570.0,30570.0,30480.0,30480.0,194,2025-05-16 09:50:00
1747389060,30480.0,30515.0,30480.0,30515.0,49,2025-05-16 09:51:00
1747389120,30515.0,30515.0,30485.0,30495.0,49,2025-05-16 09:52:00
1747389180,30495.0,30530.0,30490.0,30525.0,29,2025-05-16 09:53:00
1747389240,30525.0,30525.0,30485.0,30525.0,29,2025-05-16 09:54:00
1747389300,30525.0,30525.0,30500.0,30505.0,17,2025-05-16 09:55:00
1747389360,30505.0,30520.0,30485.0,30520.0,26,2025-05-16 09:56:00
1747389420,30520.0,30525.0,30490.0,30525.0,75,2025-05-16 09:57:00
1747389480,30525.0,30525.0,30520.0,30525.0,33,2025-05-16 09:58:00
1747389540,30525.0,30525.0,30470.0,30525.0,73,2025-05-16 09:59:00
1747626300,30800.0,30800.0,30635.0,30660.0,210,2025-05-19 03:45:00
1747626360,30660.0,30705.0,30660.0,30705.0,150,2025-05-19 03:46:00
1747626420,30705.0,30705.0,30660.0,30675.0,27,2025-05-19 03:47:00
1747626480,30650.0,30675.0,30635.0,30640.0,19,2025-05-19 03:48:00
1747626540,30640.0,30660.0,30620.0,30640.0,28,2025-05-19 03:49:00
1747626600,30640.0,30665.0,30635.0,30645.0,28,2025-05-19 03:50:00
1747626660,30650.0,30680.0,30650.0,30660.0,23,2025-05-19 03:51:00
1747626720,30695.0,30705.0,30665.0,30700.0,34,2025-05-19 03:52:00
1747626780,30700.0,30700.0,30675.0,30675.0,8,2025-05-19 03:53:00
1747626840,30660.0,30660.0,30645.0,30660.0,12,2025-05-19 03:54:00
1747626900,30695.0,30715.0,30680.0,30715.0,46,2025-05-19 03:55:00
1747626960,30715.0,30715.0,30635.0,30635.0,15,2025-05-19 03:56:00
1747627020,30635.0,30665.0,30635.0,30665.0,2,2025-05-19 03:57:00
1747627080,30665.0,30665.0,30620.0,30650.0,23,2025-05-19 03:58:00
1747627140,30650.0,30660.0,30650.0,30660.0,9,2025-05-19 03:59:00
1747627200,30660.0,30660.0,30630.0,30630.0,5,2025-05-19 04:00:00
1747627260,30630.0,30690.0,30630.0,30680.0,13,2025-05-19 04:01:00
1747627320,30680.0,30680.0,30650.0,30650.0,2,2025-05-19 04:02:00
1747627380,30650.0,30650.0,30640.0,30640.0,2,2025-05-19 04:03:00
1747627440,30640.0,30675.0,30640.0,30675.0,5,2025-05-19 04:04:00
1747627500,30675.0,30700.0,30675.0,30700.0,9,2025-05-19 04:05:00
1747627560,30675.0,30675.0,30640.0,30640.0,13,2025-05-19 04:06:00
1747627620,30640.0,30645.0,30640.0,30645.0,1,2025-05-19 04:07:00
1747627680,30645.0,30660.0,30615.0,30635.0,298,2025-05-19 04:08:00
1747627740,30630.0,30660.0,30630.0,30660.0,15,2025-05-19 04:09:00
1747627800,30660.0,30685.0,30660.0,30685.0,8,2025-05-19 04:10:00
1747627860,30685.0,30695.0,30685.0,30695.0,3,2025-05-19 04:11:00
1747627920,30660.0,30690.0,30650.0,30690.0,15,2025-05-19 04:12:00
1747627980,30690.0,30690.0,30690.0,30690.0,0,2025-05-19 04:13:00
1747628040,30690.0,30690.0,30685.0,30685.0,3,2025-05-19 04:14:00
1747628100,30685.0,30685.0,30660.0,30660.0,4,2025-05-19 04:15:00
1747628160,30660.0,30685.0,30650.0,30680.0,3,2025-05-19 04:16:00
1747628220,30680.0,30690.0,30680.0,30690.0,12,2025-05-19 04:17:00
1747628280,30690.0,30710.0,30690.0,30705.0,49,2025-05-19 04:18:00
1747628340,30705.0,30715.0,30705.0,30715.0,4,2025-05-19 04:19:00
1747628400,30715.0,30715.0,30700.0,30700.0,1,2025-05-19 04:20:00
1747628460,30675.0,30675.0,30665.0,30665.0,4,2025-05-19 04:21:00
1747628520,30665.0,30675.0,30630.0,30675.0,54,2025-05-19 04:22:00
1747628580,30675.0,30695.0,30675.0,30695.0,1,2025-05-19 04:23:00
1747628640,30695.0,30695.0,30675.0,30675.0,1,2025-05-19 04:24:00
1747628700,30675.0,30700.0,30675.0,30700.0,2,2025-05-19 04:25:00
1747628760,30700.0,30715.0,30700.0,30715.0,8,2025-05-19 04:26:00
1747628820,30720.0,30720.0,30580.0,30660.0,339,2025-05-19 04:27:00
1747628880,30660.0,30685.0,30660.0,30685.0,10,2025-05-19 04:28:00
1747628940,30685.0,30730.0,30685.0,30730.0,43,2025-05-19 04:29:00
1747629000,30730.0,30760.0,30715.0,30715.0,14,2025-05-19 04:30:00
1747629060,30715.0,30740.0,30705.0,30705.0,7,2025-05-19 04:31:00
1747629120,30705.0,30745.0,30705.0,30745.0,3,2025-05-19 04:32:00
1747629180,30745.0,30745.0,30710.0,30710.0,1,2025-05-19 04:33:00
1747629240,30710.0,30730.0,30710.0,30730.0,2,2025-05-19 04:34:00
1747629300,30730.0,30735.0,30695.0,30730.0,4,2025-05-19 04:35:00
1747629360,30730.0,30740.0,30730.0,30740.0,6,2025-05-19 04:36:00
1747629420,30745.0,30750.0,30720.0,30720.0,4,2025-05-19 04:37:00
1747629480,30720.0,30720.0,30680.0,30680.0,11,2025-05-19 04:38:00
1747629540,30680.0,30700.0,30680.0,30700.0,3,2025-05-19 04:39:00
1747629600,30700.0,30735.0,30680.0,30680.0,25,2025-05-19 04:40:00
1747629660,30680.0,30680.0,30565.0,30565.0,64,2025-05-19 04:41:00
1747629720,30580.0,30605.0,30580.0,30605.0,5,2025-05-19 04:42:00
1747629780,30605.0,30605.0,30605.0,30605.0,0,2025-05-19 04:43:00
1747629840,30605.0,30685.0,30605.0,30685.0,18,2025-05-19 04:44:00
1747629900,30685.0,30685.0,30685.0,30685.0,0,2025-05-19 04:45:00
1747629960,30685.0,30790.0,30685.0,30790.0,95,2025-05-19 04:46:00
1747630020,30790.0,30830.0,30780.0,30830.0,115,2025-05-19 04:47:00
1747630080,30830.0,30855.0,30800.0,30855.0,75,2025-05-19 04:48:00
1747630140,30825.0,30860.0,30800.0,30800.0,21,2025-05-19 04:49:00
1747630200,30840.0,30840.0,30700.0,30700.0,75,2025-05-19 04:50:00
1747630260,30700.0,30725.0,30700.0,30720.0,8,2025-05-19 04:51:00
1747630320,30700.0,30715.0,30700.0,30700.0,8,2025-05-19 04:52:00
1747630380,30700.0,30700.0,30670.0,30695.0,4,2025-05-19 04:53:00
1747630440,30680.0,30690.0,30680.0,30690.0,6,2025-05-19 04:54:00
1747630500,30690.0,30705.0,30690.0,30705.0,8,2025-05-19 04:55:00
1747630560,30705.0,30705.0,30690.0,30695.0,3,2025-05-19 04:56:00
1747630620,30695.0,30715.0,30695.0,30705.0,3,2025-05-19 04:57:00
1747630680,30720.0,30720.0,30650.0,30685.0,40,2025-05-19 04:58:00
1747630740,30685.0,30690.0,30660.0,30690.0,13,2025-05-19 04:59:00
1747630800,30690.0,30695.0,30660.0,30660.0,7,2025-05-19 05:00:00
1747630860,30660.0,30700.0,30660.0,30700.0,98,2025-05-19 05:01:00
1747630920,30700.0,30700.0,30670.0,30675.0,6,2025-05-19 05:02:00
1747630980,30675.0,30700.0,30665.0,30700.0,16,2025-05-19 05:03:00
1747631040,30700.0,30700.0,30700.0,30700.0,8,2025-05-19 05:04:00
1747631100,30700.0,30700.0,30670.0,30670.0,4,2025-05-19 05:05:00
1747631160,30690.0,30700.0,30675.0,30700.0,23,2025-05-19 05:06:00
1747631220,30700.0,30700.0,30695.0,30700.0,5,2025-05-19 05:07:00
1747631280,30700.0,30700.0,30660.0,30675.0,10,2025-05-19 05:08:00
1747631340,30675.0,30680.0,30675.0,30680.0,5,2025-05-19 05:09:00
1747631400,30680.0,30700.0,30665.0,30700.0,41,2025-05-19 05:10:00
1747631460,30700.0,30700.0,30700.0,30700.0,5,2025-05-19 05:11:00
1747631520,30700.0,30700.0,30700.0,30700.0,3,2025-05-19 05:12:00
1747631580,30675.0,30700.0,30675.0,30700.0,5,2025-05-19 05:13:00
1747631640,30700.0,30700.0,30680.0,30695.0,6,2025-05-19 05:14:00
1747631700,30695.0,30695.0,30680.0,30695.0,6,2025-05-19 05:15:00
1747631760,30695.0,30695.0,30675.0,30675.0,7,2025-05-19 05:16:00
1747631820,30675.0,30690.0,30660.0,30690.0,4,2025-05-19 05:17:00
1747631880,30690.0,30690.0,30690.0,30690.0,3,2025-05-19 05:18:00
1747631940,30690.0,30690.0,30595.0,30600.0,111,2025-05-19 05:19:00
1747632000,30600.0,30600.0,30600.0,30600.0,17,2025-05-19 05:20:00
1747632060,30600.0,30600.0,30600.0,30600.0,19,2025-05-19 05:21:00
1747632120,30600.0,30600.0,30585.0,30600.0,37,2025-05-19 05:22:00
1747632180,30600.0,30600.0,30570.0,30570.0,3,2025-05-19 05:23:00
1747632240,30570.0,30585.0,30555.0,30580.0,34,2025-05-19 05:24:00
1747632300,30580.0,30600.0,30580.0,30600.0,4,2025-05-19 05:25:00
1747632360,30600.0,30600.0,30590.0,30600.0,4,2025-05-19 05:26:00
1747632420,30600.0,30600.0,30580.0,30600.0,23,2025-05-19 05:27:00
1747632480,30600.0,30600.0,30580.0,30600.0,19,2025-05-19 05:28:00
1747632540,30600.0,30600.0,30600.0,30600.0,6,2025-05-19 05:29:00
1747632600,30600.0,30600.0,30600.0,30600.0,3,2025-05-19 05:30:00
1747632660,30600.0,30600.0,30600.0,30600.0,4,2025-05-19 05:31:00
1747632720,30600.0,30600.0,30590.0,30590.0,3,2025-05-19 05:32:00
1747632780,30590.0,30600.0,30590.0,30595.0,20,2025-05-19 05:33:00
1747632840,30595.0,30600.0,30595.0,30600.0,4,2025-05-19 05:34:00
1747632900,30600.0,30600.0,30580.0,30600.0,3,2025-05-19 05:35:00
1747632960,30600.0,30600.0,30600.0,30600.0,7,2025-05-19 05:36:00
1747633020,30600.0,30600.0,30600.0,30600.0,2,2025-05-19 05:37:00
1747633080,30600.0,30600.0,30585.0,30585.0,13,2025-05-19 05:38:00
1747633140,30585.0,30625.0,30585.0,30600.0,13,2025-05-19 05:39:00
1747633200,30600.0,30600.0,30600.0,30600.0,17,2025-05-19 05:40:00
1747633260,30600.0,30600.0,30600.0,30600.0,5,2025-05-19 05:41:00
1747633320,30600.0,30600.0,30600.0,30600.0,2,2025-05-19 05:42:00
1747633380,30600.0,30625.0,30600.0,30600.0,8,2025-05-19 05:43:00
1747633440,30600.0,30600.0,30600.0,30600.0,1,2025-05-19 05:44:00
1747633500,30600.0,30600.0,30600.0,30600.0,10,2025-05-19 05:45:00
1747633560,30600.0,30600.0,30570.0,30600.0,7,2025-05-19 05:46:00
1747633620,30600.0,30600.0,30600.0,30600.0,2,2025-05-19 05:47:00
1747633680,30600.0,30600.0,30600.0,30600.0,25,2025-05-19 05:48:00
1747633740,30600.0,30600.0,30585.0,30600.0,7,2025-05-19 05:49:00
1747633800,30600.0,30600.0,30600.0,30600.0,3,2025-05-19 05:50:00
1747633860,30600.0,30600.0,30600.0,30600.0,7,2025-05-19 05:51:00
1747633920,30600.0,30600.0,30600.0,30600.0,4,2025-05-19 05:52:00
1747633980,30600.0,30600.0,30600.0,30600.0,1,2025-05-19 05:53:00
1747634040,30600.0,30600.0,30600.0,30600.0,1,2025-05-19 05:54:00
1747634100,30600.0,30600.0,30600.0,30600.0,2,2025-05-19 05:55:00
1747634160,30600.0,30630.0,30600.0,30600.0,15,2025-05-19 05:56:00
1747634220,30600.0,30600.0,30600.0,30600.0,0,2025-05-19 05:57:00
1747634280,30600.0,30600.0,30600.0,30600.0,0,2025-05-19 05:58:00
1747634340,30600.0,30605.0,30600.0,30600.0,16,2025-05-19 05:59:00
1747634400,30600.0,30600.0,30600.0,30600.0,0,2025-05-19 06:00:00
1747634460,30600.0,30600.0,30600.0,30600.0,0,2025-05-19 06:01:00
1747634520,30600.0,30600.0,30585.0,30600.0,23,2025-05-19 06:02:00
1747634580,30600.0,30600.0,30570.0,30600.0,6,2025-05-19 06:03:00
1747634640,30600.0,30600.0,30570.0,30590.0,10,2025-05-19 06:04:00
1747634700,30590.0,30600.0,30590.0,30600.0,1,2025-05-19 06:05:00
1747634760,30600.0,30600.0,30590.0,30590.0,6,2025-05-19 06:06:00
1747634820,30590.0,30590.0,30590.0,30590.0,0,2025-05-19 06:07:00
1747634880,30590.0,30590.0,30590.0,30590.0,1,2025-05-19 06:08:00
1747634940,30590.0,30600.0,30590.0,30600.0,7,2025-05-19 06:09:00
1747635000,30600.0,30600.0,30600.0,30600.0,0,2025-05-19 06:10:00
1747635060,30600.0,30600.0,30600.0,30600.0,2,2025-05-19 06:11:00
1747635120,30600.0,30600.0,30600.0,30600.0,2,2025-05-19 06:12:00
1747635180,30600.0,30600.0,30600.0,30600.0,0,2025-05-19 06:13:00
1747635240,30600.0,30600.0,30600.0,30600.0,0,2025-05-19 06:14:00
1747635300,30600.0,30600.0,30560.0,30590.0,4,2025-05-19 06:15:00
1747635360,30600.0,30600.0,30600.0,30600.0,2,2025-05-19 06:16:00
1747635420,30600.0,30600.0,30600.0,30600.0,0,2025-05-19 06:17:00
1747635480,30600.0,30600.0,30600.0,30600.0,0,2025-05-19 06:18:00
1747635540,30600.0,30600.0,30600.0,30600.0,2,2025-05-19 06:19:00
1747635600,30600.0,30600.0,30600.0,30600.0,1,2025-05-19 06:20:00
1747635660,30600.0,30600.0,30600.0,30600.0,3,2025-05-19 06:21:00
1747635720,30600.0,30600.0,30600.0,30600.0,2,2025-05-19 06:22:00
1747635780,30600.0,30600.0,30590.0,30590.0,2,2025-05-19 06:23:00
1747635840,30600.0,30600.0,30590.0,30600.0,4,2025-05-19 06:24:00
1747635900,30600.0,30600.0,30600.0,30600.0,1,2025-05-19 06:25:00
1747635960,30600.0,30600.0,30600.0,30600.0,0,2025-05-19 06:26:00
1747636020,30600.0,30600.0,30590.0,30590.0,7,2025-05-19 06:27:00
1747636080,30590.0,30600.0,30590.0,30600.0,5,2025-05-19 06:28:00
1747636140,30600.0,30600.0,30600.0,30600.0,1,2025-05-19 06:29:00
1747636200,30600.0,30600.0,30595.0,30595.0,2,2025-05-19 06:30:00
1747636260,30595.0,30595.0,30595.0,30595.0,0,2025-05-19 06:31:00
1747636320,30595.0,30600.0,30595.0,30600.0,2,2025-05-19 06:32:00
1747636380,30600.0,30600.0,30595.0,30600.0,9,2025-05-19 06:33:00
1747636440,30600.0,30600.0,30590.0,30590.0,10,2025-05-19 06:34:00
1747636500,30590.0,30600.0,30590.0,30600.0,3,2025-05-19 06:35:00
1747636560,30600.0,30600.0,30600.0,30600.0,51,2025-05-19 06:36:00
1747636620,30600.0,30600.0,30600.0,30600.0,10,2025-05-19 06:37:00
1747636680,30600.0,30600.0,30570.0,30570.0,2,2025-05-19 06:38:00
1747636740,30570.0,30570.0,30570.0,30570.0,6,2025-05-19 06:39:00
1747636800,30570.0,30570.0,30570.0,30570.0,0,2025-05-19 06:40:00
1747636860,30570.0,30570.0,30570.0,30570.0,0,2025-05-19 06:41:00
1747636920,30570.0,30600.0,30570.0,30600.0,3,2025-05-19 06:42:00
1747636980,30600.0,30600.0,30555.0,30590.0,15,2025-05-19 06:43:00
1747637040,30590.0,30590.0,30590.0,30590.0,2,2025-05-19 06:44:00
1747637100,30590.0,30595.0,30590.0,30595.0,2,2025-05-19 06:45:00
1747637160,30595.0,30595.0,30555.0,30595.0,6,2025-05-19 06:46:00
1747637220,30595.0,30595.0,30560.0,30595.0,3,2025-05-19 06:47:00
1747637280,30595.0,30600.0,30595.0,30600.0,1,2025-05-19 06:48:00
1747637340,30600.0,30600.0,30565.0,30595.0,2,2025-05-19 06:49:00
1747637400,30600.0,30600.0,30600.0,30600.0,8,2025-05-19 06:50:00
1747637460,30600.0,30600.0,30600.0,30600.0,0,2025-05-19 06:51:00
1747637520,30600.0,30600.0,30590.0,30590.0,3,2025-05-19 06:52:00
1747637580,30590.0,30590.0,30590.0,30590.0,1,2025-05-19 06:53:00
1747637640,30590.0,30590.0,30590.0,30590.0,0,2025-05-19 06:54:00
1747637700,30590.0,30590.0,30590.0,30590.0,3,2025-05-19 06:55:00
1747637760,30590.0,30590.0,30590.0,30590.0,2,2025-05-19 06:56:00
1747637820,30590.0,30590.0,30590.0,30590.0,1,2025-05-19 06:57:00
1747637880,30590.0,30590.0,30580.0,30590.0,5,2025-05-19 06:58:00
1747637940,30590.0,30590.0,30590.0,30590.0,0,2025-05-19 06:59:00
1747638000,30590.0,30590.0,30590.0,30590.0,1,2025-05-19 07:00:00
1747638060,30590.0,30590.0,30590.0,30590.0,1,2025-05-19 07:01:00
1747638120,30590.0,30590.0,30590.0,30590.0,0,2025-05-19 07:02:00
1747638180,30590.0,30590.0,30590.0,30590.0,1,2025-05-19 07:03:00
1747638240,30590.0,30590.0,30590.0,30590.0,0,2025-05-19 07:04:00
1747638300,30590.0,30590.0,30590.0,30590.0,7,2025-05-19 07:05:00
1747638360,30590.0,30590.0,30590.0,30590.0,6,2025-05-19 07:06:00
1747638420,30590.0,30595.0,30575.0,30595.0,49,2025-05-19 07:07:00
1747638480,30595.0,30600.0,30570.0,30570.0,2,2025-05-19 07:08:00
1747638540,30595.0,30595.0,30595.0,30595.0,1,2025-05-19 07:09:00
1747638600,30595.0,30595.0,30595.0,30595.0,0,2025-05-19 07:10:00
1747638660,30595.0,30600.0,30595.0,30595.0,84,2025-05-19 07:11:00
1747638720,30595.0,30600.0,30595.0,30600.0,14,2025-05-19 07:12:00
1747638780,30600.0,30600.0,30600.0,30600.0,0,2025-05-19 07:13:00
1747638840,30600.0,30600.0,30600.0,30600.0,1,2025-05-19 07:14:00
1747638900,30600.0,30600.0,30600.0,30600.0,5,2025-05-19 07:15:00
1747638960,30600.0,30620.0,30600.0,30600.0,8,2025-05-19 07:16:00
1747639020,30600.0,30600.0,30600.0,30600.0,1,2025-05-19 07:17:00
1747639080,30600.0,30600.0,30600.0,30600.0,1,2025-05-19 07:18:00
1747639140,30600.0,30600.0,30600.0,30600.0,15,2025-05-19 07:19:00
1747639200,30600.0,30600.0,30600.0,30600.0,0,2025-05-19 07:20:00
1747639260,30600.0,30600.0,30600.0,30600.0,1,2025-05-19 07:21:00
1747639320,30600.0,30600.0,30600.0,30600.0,0,2025-05-19 07:22:00
1747639380,30600.0,30600.0,30575.0,30575.0,1,2025-05-19 07:23:00
1747639440,30575.0,30600.0,30575.0,30600.0,4,2025-05-19 07:24:00
1747639500,30600.0,30600.0,30585.0,30585.0,1,2025-05-19 07:25:00
1747639560,30585.0,30600.0,30585.0,30600.0,5,2025-05-19 07:26:00
1747639620,30600.0,30600.0,30600.0,30600.0,0,2025-05-19 07:27:00
1747639680,30600.0,30600.0,30600.0,30600.0,1,2025-05-19 07:28:00
1747639740,30600.0,30600.0,30600.0,30600.0,1,2025-05-19 07:29:00
1747639800,30600.0,30600.0,30600.0,30600.0,1,2025-05-19 07:30:00
1747639860,30600.0,30600.0,30600.0,30600.0,1,2025-05-19 07:31:00
1747639920,30600.0,30600.0,30600.0,30600.0,0,2025-05-19 07:32:00
1747639980,30600.0,30600.0,30600.0,30600.0,0,2025-05-19 07:33:00
1747640040,30600.0,30600.0,30600.0,30600.0,2,2025-05-19 07:34:00
1747640100,30600.0,30600.0,30600.0,30600.0,0,2025-05-19 07:35:00
1747640160,30600.0,30600.0,30575.0,30575.0,4,2025-05-19 07:36:00
1747640220,30575.0,30600.0,30575.0,30600.0,3,2025-05-19 07:37:00
1747640280,30570.0,30615.0,30570.0,30600.0,12,2025-05-19 07:38:00
1747640340,30600.0,30600.0,30600.0,30600.0,2,2025-05-19 07:39:00
1747640400,30600.0,30600.0,30600.0,30600.0,2,2025-05-19 07:40:00
1747640460,30600.0,30615.0,30600.0,30600.0,31,2025-05-19 07:41:00
1747640520,30600.0,30600.0,30570.0,30570.0,15,2025-05-19 07:42:00
1747640580,30600.0,30600.0,30570.0,30595.0,7,2025-05-19 07:43:00
1747640640,30595.0,30600.0,30595.0,30600.0,2,2025-05-19 07:44:00
1747640700,30600.0,30600.0,30600.0,30600.0,2,2025-05-19 07:45:00
1747640760,30600.0,30600.0,30570.0,30600.0,4,2025-05-19 07:46:00
1747640820,30600.0,30600.0,30600.0,30600.0,2,2025-05-19 07:47:00
1747640880,30600.0,30600.0,30600.0,30600.0,0,2025-05-19 07:48:00
1747640940,30600.0,30600.0,30600.0,30600.0,0,2025-05-19 07:49:00
1747641000,30600.0,30600.0,30565.0,30600.0,3,2025-05-19 07:50:00
1747641060,30600.0,30600.0,30600.0,30600.0,2,2025-05-19 07:51:00
1747641120,30600.0,30600.0,30600.0,30600.0,0,2025-05-19 07:52:00
1747641180,30600.0,30600.0,30595.0,30595.0,1,2025-05-19 07:53:00
1747641240,30595.0,30595.0,30595.0,30595.0,3,2025-05-19 07:54:00
1747641300,30595.0,30595.0,30595.0,30595.0,0,2025-05-19 07:55:00
1747641360,30595.0,30595.0,30595.0,30595.0,1,2025-05-19 07:56:00
1747641420,30595.0,30595.0,30595.0,30595.0,1,2025-05-19 07:57:00
1747641480,30595.0,30595.0,30595.0,30595.0,0,2025-05-19 07:58:00
1747641540,30595.0,30595.0,30555.0,30595.0,6,2025-05-19 07:59:00
1747641600,30595.0,30595.0,30560.0,30595.0,2,2025-05-19 08:00:00
1747641660,30595.0,30595.0,30595.0,30595.0,0,2025-05-19 08:01:00
1747641720,30595.0,30620.0,30595.0,30600.0,12,2025-05-19 08:02:00
1747641780,30600.0,30600.0,30560.0,30600.0,2,2025-05-19 08:03:00
1747641840,30580.0,30600.0,30580.0,30600.0,6,2025-05-19 08:04:00
1747641900,30600.0,30600.0,30600.0,30600.0,0,2025-05-19 08:05:00
1747641960,30600.0,30600.0,30600.0,30600.0,1,2025-05-19 08:06:00
1747642020,30600.0,30600.0,30600.0,30600.0,1,2025-05-19 08:07:00
1747642080,30600.0,30600.0,30600.0,30600.0,0,2025-05-19 08:08:00
1747642140,30565.0,30600.0,30560.0,30600.0,4,2025-05-19 08:09:00
1747642200,30600.0,30600.0,30600.0,30600.0,1,2025-05-19 08:10:00
1747642260,30600.0,30600.0,30570.0,30600.0,5,2025-05-19 08:11:00
1747642320,30600.0,30600.0,30600.0,30600.0,1,2025-05-19 08:12:00
1747642380,30600.0,30600.0,30600.0,30600.0,1,2025-05-19 08:13:00
1747642440,30600.0,30600.0,30600.0,30600.0,1,2025-05-19 08:14:00
1747642500,30600.0,30600.0,30575.0,30575.0,6,2025-05-19 08:15:00
1747642560,30575.0,30575.0,30575.0,30575.0,0,2025-05-19 08:16:00
1747642620,30575.0,30595.0,30575.0,30595.0,1,2025-05-19 08:17:00
1747642680,30595.0,30600.0,30595.0,30600.0,22,2025-05-19 08:18:00
1747642740,30600.0,30600.0,30570.0,30595.0,2,2025-05-19 08:19:00
1747642800,30595.0,30595.0,30595.0,30595.0,2,2025-05-19 08:20:00
1747642860,30595.0,30595.0,30575.0,30575.0,1,2025-05-19 08:21:00
1747642920,30575.0,30595.0,30565.0,30565.0,4,2025-05-19 08:22:00
1747642980,30565.0,30620.0,30555.0,30600.0,22,2025-05-19 08:23:00
1747643040,30600.0,30600.0,30600.0,30600.0,0,2025-05-19 08:24:00
1747643100,30600.0,30600.0,30570.0,30600.0,2,2025-05-19 08:25:00
1747643160,30600.0,30600.0,30600.0,30600.0,0,2025-05-19 08:26:00
1747643220,30600.0,30600.0,30560.0,30560.0,4,2025-05-19 08:27:00
1747643280,30560.0,30570.0,30555.0,30560.0,6,2025-05-19 08:28:00
1747643340,30560.0,30560.0,30560.0,30560.0,0,2025-05-19 08:29:00
1747643400,30560.0,30585.0,30560.0,30585.0,6,2025-05-19 08:30:00
1747643460,30585.0,30585.0,30585.0,30585.0,0,2025-05-19 08:31:00
1747643520,30585.0,30585.0,30585.0,30585.0,0,2025-05-19 08:32:00
1747643580,30585.0,30595.0,30555.0,30595.0,2,2025-05-19 08:33:00
1747643640,30595.0,30595.0,30595.0,30595.0,1,2025-05-19 08:34:00
1747643700,30595.0,30595.0,30555.0,30595.0,11,2025-05-19 08:35:00
1747643760,30595.0,30595.0,30555.0,30595.0,3,2025-05-19 08:36:00
1747643820,30595.0,30595.0,30595.0,30595.0,0,2025-05-19 08:37:00
1747643880,30595.0,30595.0,30595.0,30595.0,0,2025-05-19 08:38:00
1747643940,30595.0,30610.0,30555.0,30600.0,27,2025-05-19 08:39:00
1747644000,30600.0,30600.0,30565.0,30565.0,4,2025-05-19 08:40:00
1747644060,30575.0,30575.0,30575.0,30575.0,1,2025-05-19 08:41:00
1747644120,30575.0,30595.0,30565.0,30595.0,4,2025-05-19 08:42:00
1747644180,30595.0,30600.0,30595.0,30600.0,1,2025-05-19 08:43:00
1747644240,30600.0,30600.0,30580.0,30580.0,2,2025-05-19 08:44:00
1747644300,30580.0,30580.0,30580.0,30580.0,0,2025-05-19 08:45:00
1747644360,30580.0,30580.0,30560.0,30560.0,5,2025-05-19 08:46:00
1747644420,30565.0,30565.0,30565.0,30565.0,13,2025-05-19 08:47:00
1747644480,30565.0,30565.0,30560.0,30560.0,2,2025-05-19 08:48:00
1747644540,30560.0,30600.0,30560.0,30600.0,26,2025-05-19 08:49:00
1747644600,30600.0,30600.0,30585.0,30600.0,9,2025-05-19 08:50:00
1747644660,30600.0,30600.0,30600.0,30600.0,8,2025-05-19 08:51:00
1747644720,30600.0,30600.0,30595.0,30600.0,14,2025-05-19 08:52:00
1747644780,30600.0,30600.0,30585.0,30600.0,18,2025-05-19 08:53:00
1747644840,30600.0,30600.0,30595.0,30600.0,17,2025-05-19 08:54:00
1747644900,30600.0,30600.0,30595.0,30600.0,18,2025-05-19 08:55:00
1747644960,30600.0,30600.0,30590.0,30600.0,16,2025-05-19 08:56:00
1747645020,30600.0,30600.0,30595.0,30600.0,16,2025-05-19 08:57:00
1747645080,30600.0,30600.0,30585.0,30600.0,20,2025-05-19 08:58:00
1747645140,30600.0,30600.0,30595.0,30600.0,18,2025-05-19 08:59:00
1747645200,30600.0,30600.0,30595.0,30600.0,20,2025-05-19 09:00:00
1747645260,30600.0,30600.0,30595.0,30600.0,17,2025-05-19 09:01:00
1747645320,30600.0,30600.0,30595.0,30600.0,20,2025-05-19 09:02:00
1747645380,30600.0,30600.0,30565.0,30600.0,25,2025-05-19 09:03:00
1747645440,30600.0,30600.0,30565.0,30600.0,27,2025-05-19 09:04:00
1747645500,30600.0,30600.0,30590.0,30600.0,15,2025-05-19 09:05:00
1747645560,30600.0,30600.0,30590.0,30600.0,19,2025-05-19 09:06:00
1747645620,30600.0,30600.0,30575.0,30600.0,28,2025-05-19 09:07:00
1747645680,30600.0,30600.0,30590.0,30600.0,17,2025-05-19 09:08:00
1747645740,30590.0,30600.0,30570.0,30570.0,23,2025-05-19 09:09:00
1747645800,30600.0,30600.0,30595.0,30600.0,20,2025-05-19 09:10:00
1747645860,30600.0,30600.0,30575.0,30600.0,26,2025-05-19 09:11:00
1747645920,30600.0,30600.0,30595.0,30600.0,16,2025-05-19 09:12:00
1747645980,30600.0,30600.0,30575.0,30600.0,21,2025-05-19 09:13:00
1747646040,30600.0,30600.0,30595.0,30600.0,21,2025-05-19 09:14:00
1747646100,30575.0,30600.0,30575.0,30585.0,37,2025-05-19 09:15:00
1747646160,30585.0,30590.0,30575.0,30575.0,18,2025-05-19 09:16:00
1747646220,30590.0,30590.0,30580.0,30585.0,30,2025-05-19 09:17:00
1747646280,30585.0,30590.0,30575.0,30575.0,19,2025-05-19 09:18:00
1747646340,30575.0,30695.0,30575.0,30610.0,271,2025-05-19 09:19:00
1747646400,30635.0,30640.0,30615.0,30635.0,68,2025-05-19 09:20:00
1747646460,30635.0,30635.0,30605.0,30635.0,17,2025-05-19 09:21:00
1747646520,30630.0,30670.0,30620.0,30645.0,137,2025-05-19 09:22:00
1747646580,30645.0,30665.0,30640.0,30655.0,23,2025-05-19 09:23:00
1747646640,30655.0,30670.0,30645.0,30670.0,18,2025-05-19 09:24:00
1747646700,30670.0,30675.0,30640.0,30665.0,19,2025-05-19 09:25:00
1747646760,30665.0,30675.0,30650.0,30675.0,79,2025-05-19 09:26:00
1747646820,30675.0,30675.0,30675.0,30675.0,19,2025-05-19 09:27:00
1747646880,30675.0,30675.0,30645.0,30670.0,30,2025-05-19 09:28:00
1747646940,30670.0,30690.0,30670.0,30690.0,145,2025-05-19 09:29:00
1747647000,30685.0,30690.0,30670.0,30690.0,30,2025-05-19 09:30:00
1747647060,30690.0,30690.0,30640.0,30660.0,24,2025-05-19 09:31:00
1747647120,30680.0,30685.0,30655.0,30685.0,21,2025-05-19 09:32:00
1747647180,30645.0,30690.0,30645.0,30680.0,23,2025-05-19 09:33:00
1747647240,30650.0,30690.0,30650.0,30660.0,19,2025-05-19 09:34:00
1747647300,30675.0,30695.0,30655.0,30695.0,21,2025-05-19 09:35:00
1747647360,30695.0,30695.0,30690.0,30695.0,25,2025-05-19 09:36:00
1747647420,30695.0,30695.0,30690.0,30695.0,16,2025-05-19 09:37:00
1747647480,30695.0,30695.0,30690.0,30690.0,15,2025-05-19 09:38:00
1747647540,30690.0,30695.0,30680.0,30695.0,23,2025-05-19 09:39:00
1747647600,30695.0,30695.0,30675.0,30695.0,27,2025-05-19 09:40:00
1747647660,30695.0,30695.0,30690.0,30690.0,15,2025-05-19 09:41:00
1747647720,30685.0,30690.0,30675.0,30675.0,24,2025-05-19 09:42:00
1747647780,30680.0,30690.0,30680.0,30690.0,29,2025-05-19 09:43:00
1747647840,30690.0,30690.0,30675.0,30690.0,21,2025-05-19 09:44:00
1747647900,30690.0,30695.0,30680.0,30680.0,26,2025-05-19 09:45:00
1747647960,30670.0,30695.0,30650.0,30695.0,130,2025-05-19 09:46:00
1747648020,30695.0,30695.0,30670.0,30690.0,35,2025-05-19 09:47:00
1747648080,30690.0,30695.0,30645.0,30695.0,33,2025-05-19 09:48:00
1747648140,30695.0,30695.0,30675.0,30690.0,50,2025-05-19 09:49:00
1747648200,30675.0,30690.0,30635.0,30680.0,54,2025-05-19 09:50:00
1747648260,30680.0,30730.0,30680.0,30730.0,87,2025-05-19 09:51:00
1747648320,30715.0,30735.0,30710.0,30735.0,11,2025-05-19 09:52:00
1747648380,30730.0,30735.0,30700.0,30730.0,31,2025-05-19 09:53:00
1747648440,30730.0,30740.0,30710.0,30740.0,25,2025-05-19 09:54:00
1747648500,30715.0,30730.0,30695.0,30715.0,48,2025-05-19 09:55:00
1747648560,30715.0,30715.0,30710.0,30710.0,4,2025-05-19 09:56:00
1747648620,30710.0,30715.0,30680.0,30680.0,19,2025-05-19 09:57:00
1747648680,30680.0,30715.0,30675.0,30710.0,45,2025-05-19 09:58:00
1747648740,30710.0,30710.0,30655.0,30705.0,6,2025-05-19 09:59:00
1747712700,30805.0,30805.0,30730.0,30750.0,91,2025-05-20 03:45:00
1747712760,30750.0,30750.0,30700.0,30715.0,33,2025-05-20 03:46:00
1747712820,30715.0,30720.0,30690.0,30690.0,15,2025-05-20 03:47:00
1747712880,30685.0,30705.0,30670.0,30700.0,24,2025-05-20 03:48:00
1747712940,30700.0,30700.0,30665.0,30665.0,4,2025-05-20 03:49:00
1747713000,30665.0,30685.0,30660.0,30665.0,16,2025-05-20 03:50:00
1747713060,30665.0,30695.0,30655.0,30655.0,32,2025-05-20 03:51:00
1747713120,30655.0,30685.0,30650.0,30685.0,11,2025-05-20 03:52:00
1747713180,30685.0,30700.0,30665.0,30685.0,40,2025-05-20 03:53:00
1747713240,30685.0,30725.0,30680.0,30725.0,96,2025-05-20 03:54:00
1747713300,30725.0,30750.0,30700.0,30730.0,20,2025-05-20 03:55:00
1747713360,30760.0,30760.0,30730.0,30730.0,7,2025-05-20 03:56:00
1747713420,30730.0,30800.0,30720.0,30745.0,37,2025-05-20 03:57:00
1747713480,30745.0,30750.0,30705.0,30705.0,16,2025-05-20 03:58:00
1747713540,30705.0,30705.0,30665.0,30685.0,29,2025-05-20 03:59:00
1747713600,30685.0,30700.0,30665.0,30700.0,18,2025-05-20 04:00:00
1747713660,30700.0,30700.0,30700.0,30700.0,0,2025-05-20 04:01:00
1747713720,30700.0,30725.0,30695.0,30695.0,49,2025-05-20 04:02:00
1747713780,30695.0,30730.0,30690.0,30700.0,12,2025-05-20 04:03:00
1747713840,30700.0,30700.0,30690.0,30690.0,12,2025-05-20 04:04:00
1747713900,30690.0,30690.0,30675.0,30680.0,13,2025-05-20 04:05:00
1747713960,30680.0,30690.0,30660.0,30685.0,16,2025-05-20 04:06:00
1747714020,30685.0,30690.0,30670.0,30690.0,27,2025-05-20 04:07:00
1747714080,30685.0,30685.0,30685.0,30685.0,11,2025-05-20 04:08:00
1747714140,30685.0,30710.0,30685.0,30710.0,10,2025-05-20 04:09:00
1747714200,30710.0,30710.0,30710.0,30710.0,0,2025-05-20 04:10:00
1747714260,30710.0,30710.0,30710.0,30710.0,7,2025-05-20 04:11:00
1747714320,30710.0,30730.0,30710.0,30730.0,1,2025-05-20 04:12:00
1747714380,30730.0,30730.0,30695.0,30695.0,4,2025-05-20 04:13:00
1747714440,30695.0,30730.0,30695.0,30730.0,1,2025-05-20 04:14:00
1747714500,30730.0,30730.0,30700.0,30700.0,14,2025-05-20 04:15:00
1747714560,30725.0,30725.0,30700.0,30700.0,5,2025-05-20 04:16:00
1747714620,30700.0,30730.0,30700.0,30730.0,2,2025-05-20 04:17:00
1747714680,30730.0,30730.0,30730.0,30730.0,0,2025-05-20 04:18:00
1747714740,30730.0,30745.0,30730.0,30745.0,1,2025-05-20 04:19:00
1747714800,30745.0,30745.0,30745.0,30745.0,1,2025-05-20 04:20:00
1747714860,30745.0,30745.0,30745.0,30745.0,0,2025-05-20 04:21:00
1747714920,30745.0,30750.0,30745.0,30750.0,25,2025-05-20 04:22:00
1747714980,30750.0,30750.0,30750.0,30750.0,0,2025-05-20 04:23:00
1747715040,30750.0,30750.0,30710.0,30745.0,3,2025-05-20 04:24:00
1747715100,30745.0,30745.0,30745.0,30745.0,0,2025-05-20 04:25:00
1747715160,30745.0,30745.0,30725.0,30725.0,1,2025-05-20 04:26:00
1747715220,30725.0,30725.0,30715.0,30715.0,1,2025-05-20 04:27:00
1747715280,30715.0,30715.0,30715.0,30715.0,1,2025-05-20 04:28:00
1747715340,30715.0,30715.0,30715.0,30715.0,0,2025-05-20 04:29:00
1747715400,30725.0,30725.0,30725.0,30725.0,3,2025-05-20 04:30:00
1747715460,30725.0,30725.0,30685.0,30700.0,45,2025-05-20 04:31:00
1747715520,30685.0,30700.0,30685.0,30700.0,24,2025-05-20 04:32:00
1747715580,30700.0,30730.0,30700.0,30730.0,1,2025-05-20 04:33:00
1747715640,30730.0,30730.0,30730.0,30730.0,0,2025-05-20 04:34:00
1747715700,30730.0,30730.0,30730.0,30730.0,4,2025-05-20 04:35:00
1747715760,30730.0,30730.0,30730.0,30730.0,7,2025-05-20 04:36:00
1747715820,30730.0,30730.0,30730.0,30730.0,0,2025-05-20 04:37:00
1747715880,30730.0,30730.0,30730.0,30730.0,0,2025-05-20 04:38:00
1747715940,30730.0,30735.0,30610.0,30640.0,163,2025-05-20 04:39:00
1747716000,30640.0,30640.0,30640.0,30640.0,0,2025-05-20 04:40:00
1747716060,30640.0,30655.0,30640.0,30655.0,7,2025-05-20 04:41:00
1747716120,30655.0,30655.0,30610.0,30610.0,52,2025-05-20 04:42:00
1747716180,30610.0,30610.0,30610.0,30610.0,0,2025-05-20 04:43:00
1747716240,30610.0,30650.0,30610.0,30650.0,1,2025-05-20 04:44:00
1747716300,30650.0,30650.0,30615.0,30615.0,4,2025-05-20 04:45:00
1747716360,30615.0,30615.0,30615.0,30615.0,0,2025-05-20 04:46:00
1747716420,30615.0,30620.0,30615.0,30620.0,5,2025-05-20 04:47:00
1747716480,30620.0,30655.0,30620.0,30655.0,31,2025-05-20 04:48:00
1747716540,30655.0,30655.0,30655.0,30655.0,1,2025-05-20 04:49:00
1747716600,30655.0,30655.0,30655.0,30655.0,0,2025-05-20 04:50:00
1747716660,30655.0,30655.0,30655.0,30655.0,0,2025-05-20 04:51:00
1747716720,30655.0,30655.0,30650.0,30650.0,4,2025-05-20 04:52:00
1747716780,30650.0,30650.0,30650.0,30650.0,0,2025-05-20 04:53:00
1747716840,30650.0,30765.0,30650.0,30765.0,108,2025-05-20 04:54:00
1747716900,30765.0,30825.0,30765.0,30810.0,419,2025-05-20 04:55:00
1747716960,30810.0,30810.0,30810.0,30810.0,3,2025-05-20 04:56:00
1747717020,30810.0,30810.0,30765.0,30765.0,9,2025-05-20 04:57:00
1747717080,30755.0,30795.0,30755.0,30795.0,12,2025-05-20 04:58:00
1747717140,30770.0,30780.0,30745.0,30765.0,27,2025-05-20 04:59:00
1747717200,30765.0,30945.0,30765.0,30765.0,408,2025-05-20 05:00:00
1747717260,30765.0,30815.0,30765.0,30815.0,5,2025-05-20 05:01:00
1747717320,30775.0,30790.0,30725.0,30775.0,29,2025-05-20 05:02:00
1747717380,30775.0,30785.0,30750.0,30780.0,7,2025-05-20 05:03:00
1747717440,30780.0,30780.0,30775.0,30780.0,7,2025-05-20 05:04:00
1747717500,30775.0,30795.0,30750.0,30780.0,10,2025-05-20 05:05:00
1747717560,30780.0,30780.0,30690.0,30725.0,29,2025-05-20 05:06:00
1747717620,30725.0,30725.0,30700.0,30720.0,3,2025-05-20 05:07:00
1747717680,30720.0,30720.0,30685.0,30705.0,6,2025-05-20 05:08:00
1747717740,30705.0,30715.0,30705.0,30715.0,2,2025-05-20 05:09:00
1747717800,30725.0,30730.0,30725.0,30730.0,4,2025-05-20 05:10:00
1747717860,30730.0,30730.0,30690.0,30720.0,3,2025-05-20 05:11:00
1747717920,30720.0,30725.0,30720.0,30725.0,3,2025-05-20 05:12:00
1747717980,30725.0,30745.0,30725.0,30745.0,2,2025-05-20 05:13:00
1747718040,30745.0,30755.0,30720.0,30755.0,14,2025-05-20 05:14:00
1747718100,30755.0,30780.0,30745.0,30780.0,7,2025-05-20 05:15:00
1747718160,30780.0,30800.0,30780.0,30800.0,36,2025-05-20 05:16:00
1747718220,30800.0,30800.0,30765.0,30800.0,6,2025-05-20 05:17:00
1747718280,30745.0,30785.0,30745.0,30760.0,8,2025-05-20 05:18:00
1747718340,30760.0,30795.0,30760.0,30795.0,5,2025-05-20 05:19:00
1747718400,30795.0,30795.0,30760.0,30795.0,4,2025-05-20 05:20:00
1747718460,30795.0,30800.0,30760.0,30770.0,5,2025-05-20 05:21:00
1747718520,30795.0,30800.0,30795.0,30800.0,3,2025-05-20 05:22:00
1747718580,30800.0,30800.0,30765.0,30770.0,5,2025-05-20 05:23:00
1747718640,30770.0,30795.0,30765.0,30765.0,4,2025-05-20 05:24:00
1747718700,30795.0,30795.0,30795.0,30795.0,3,2025-05-20 05:25:00
1747718760,30795.0,30805.0,30765.0,30770.0,5,2025-05-20 05:26:00
1747718820,30800.0,30850.0,30765.0,30815.0,1018,2025-05-20 05:27:00
1747718880,30815.0,30845.0,30815.0,30845.0,12,2025-05-20 05:28:00
1747718940,30845.0,30845.0,30780.0,30825.0,9,2025-05-20 05:29:00
1747719000,30825.0,30840.0,30805.0,30840.0,4,2025-05-20 05:30:00
1747719060,30830.0,30845.0,30810.0,30845.0,5,2025-05-20 05:31:00
1747719120,30845.0,30845.0,30795.0,30810.0,6,2025-05-20 05:32:00
1747719180,30810.0,30835.0,30800.0,30835.0,3,2025-05-20 05:33:00
1747719240,30835.0,30835.0,30790.0,30825.0,34,2025-05-20 05:34:00
1747719300,30820.0,30830.0,30790.0,30825.0,5,2025-05-20 05:35:00
1747719360,30825.0,30825.0,30795.0,30825.0,7,2025-05-20 05:36:00
1747719420,30830.0,30830.0,30830.0,30830.0,3,2025-05-20 05:37:00
1747719480,30830.0,30830.0,30795.0,30830.0,4,2025-05-20 05:38:00
1747719540,30795.0,30835.0,30795.0,30835.0,112,2025-05-20 05:39:00
1747719600,30835.0,30835.0,30825.0,30825.0,2,2025-05-20 05:40:00
1747719660,30820.0,30830.0,30775.0,30830.0,34,2025-05-20 05:41:00
1747719720,30830.0,30830.0,30830.0,30830.0,3,2025-05-20 05:42:00
1747719780,30830.0,30830.0,30825.0,30830.0,2,2025-05-20 05:43:00
1747719840,30800.0,30835.0,30800.0,30835.0,4,2025-05-20 05:44:00
1747719900,30835.0,30835.0,30835.0,30835.0,3,2025-05-20 05:45:00
1747719960,30835.0,30845.0,30810.0,30810.0,4,2025-05-20 05:46:00
1747720020,30810.0,30845.0,30810.0,30845.0,59,2025-05-20 05:47:00
1747720080,30845.0,30870.0,30845.0,30870.0,12,2025-05-20 05:48:00
1747720140,30870.0,30870.0,30820.0,30850.0,3,2025-05-20 05:49:00
1747720200,30850.0,30850.0,30820.0,30850.0,8,2025-05-20 05:50:00
1747720260,30850.0,30850.0,30815.0,30850.0,4,2025-05-20 05:51:00
1747720320,30845.0,30850.0,30845.0,30845.0,6,2025-05-20 05:52:00
1747720380,30845.0,30850.0,30810.0,30820.0,8,2025-05-20 05:53:00
1747720440,30820.0,30840.0,30805.0,30840.0,5,2025-05-20 05:54:00
1747720500,30840.0,30840.0,30840.0,30840.0,3,2025-05-20 05:55:00
1747720560,30840.0,30840.0,30840.0,30840.0,2,2025-05-20 05:56:00
1747720620,30840.0,30840.0,30805.0,30805.0,14,2025-05-20 05:57:00
1747720680,30805.0,30820.0,30780.0,30780.0,4,2025-05-20 05:58:00
1747720740,30780.0,30825.0,30775.0,30825.0,9,2025-05-20 05:59:00
1747720800,30825.0,30825.0,30790.0,30815.0,4,2025-05-20 06:00:00
1747720860,30815.0,30815.0,30790.0,30795.0,7,2025-05-20 06:01:00
1747720920,30795.0,30915.0,30795.0,30915.0,7603,2025-05-20 06:02:00
1747720980,30915.0,30950.0,30895.0,30920.0,90,2025-05-20 06:03:00
1747721040,30920.0,30960.0,30905.0,30935.0,135,2025-05-20 06:04:00
1747721100,30935.0,30945.0,30905.0,30945.0,10,2025-05-20 06:05:00
1747721160,30945.0,30950.0,30820.0,30850.0,187,2025-05-20 06:06:00
1747721220,30850.0,30850.0,30815.0,30850.0,11,2025-05-20 06:07:00
1747721280,30850.0,30865.0,30835.0,30865.0,5,2025-05-20 06:08:00
1747721340,30865.0,30875.0,30835.0,30850.0,56,2025-05-20 06:09:00
1747721400,30850.0,30870.0,30830.0,30830.0,6,2025-05-20 06:10:00
1747721460,30830.0,30850.0,30830.0,30845.0,4,2025-05-20 06:11:00
1747721520,30835.0,30845.0,30835.0,30845.0,8,2025-05-20 06:12:00
1747721580,30845.0,30845.0,30820.0,30845.0,22,2025-05-20 06:13:00
1747721640,30845.0,30850.0,30845.0,30850.0,8,2025-05-20 06:14:00
1747721700,30850.0,30865.0,30825.0,30865.0,15,2025-05-20 06:15:00
1747721760,30865.0,30865.0,30825.0,30825.0,5,2025-05-20 06:16:00
1747721820,30820.0,30840.0,30815.0,30830.0,9,2025-05-20 06:17:00
1747721880,30830.0,30830.0,30825.0,30830.0,2,2025-05-20 06:18:00
1747721940,30830.0,30835.0,30785.0,30785.0,14,2025-05-20 06:19:00
1747722000,30760.0,30800.0,30755.0,30795.0,31,2025-05-20 06:20:00
1747722060,30795.0,30820.0,30795.0,30820.0,17,2025-05-20 06:21:00
1747722120,30810.0,30815.0,30745.0,30760.0,62,2025-05-20 06:22:00
1747722180,30760.0,30760.0,30755.0,30760.0,3,2025-05-20 06:23:00
1747722240,30735.0,30765.0,30730.0,30765.0,6,2025-05-20 06:24:00
1747722300,30765.0,30765.0,30715.0,30750.0,8,2025-05-20 06:25:00
1747722360,30750.0,30750.0,30740.0,30740.0,4,2025-05-20 06:26:00
1747722420,30740.0,30740.0,30715.0,30740.0,7,2025-05-20 06:27:00
1747722480,30740.0,30750.0,30710.0,30750.0,6,2025-05-20 06:28:00
1747722540,30750.0,30750.0,30715.0,30745.0,57,2025-05-20 06:29:00
1747722600,30745.0,30745.0,30735.0,30745.0,2,2025-05-20 06:30:00
1747722660,30745.0,30765.0,30710.0,30765.0,7,2025-05-20 06:31:00
1747722720,30765.0,30765.0,30735.0,30735.0,3,2025-05-20 06:32:00
1747722780,30735.0,30745.0,30735.0,30745.0,2,2025-05-20 06:33:00
1747722840,30745.0,30755.0,30745.0,30755.0,2,2025-05-20 06:34:00
1747722900,30760.0,30775.0,30750.0,30750.0,31,2025-05-20 06:35:00
1747722960,30750.0,30750.0,30730.0,30730.0,8,2025-05-20 06:36:00
1747723020,30755.0,30770.0,30755.0,30770.0,7,2025-05-20 06:37:00
1747723080,30770.0,30770.0,30760.0,30760.0,2,2025-05-20 06:38:00
1747723140,30730.0,30770.0,30730.0,30765.0,4,2025-05-20 06:39:00
1747723200,30765.0,30765.0,30720.0,30765.0,4,2025-05-20 06:40:00
1747723260,30765.0,30770.0,30765.0,30765.0,16,2025-05-20 06:41:00
1747723320,30775.0,30785.0,30775.0,30785.0,4,2025-05-20 06:42:00
1747723380,30755.0,30795.0,30755.0,30795.0,13,2025-05-20 06:43:00
1747723440,30795.0,30805.0,30795.0,30805.0,4,2025-05-20 06:44:00
1747723500,30805.0,30810.0,30770.0,30770.0,4,2025-05-20 06:45:00
1747723560,30770.0,30810.0,30770.0,30810.0,4,2025-05-20 06:46:00
1747723620,30810.0,30825.0,30810.0,30825.0,3,2025-05-20 06:47:00
1747723680,30825.0,30825.0,30775.0,30780.0,7,2025-05-20 06:48:00
1747723740,30780.0,30810.0,30765.0,30810.0,5,2025-05-20 06:49:00
1747723800,30810.0,30810.0,30765.0,30765.0,4,2025-05-20 06:50:00
1747723860,30765.0,30800.0,30755.0,30755.0,3,2025-05-20 06:51:00
1747723920,30780.0,30795.0,30780.0,30795.0,3,2025-05-20 06:52:00
1747723980,30795.0,30795.0,30795.0,30795.0,2,2025-05-20 06:53:00
1747724040,30795.0,30800.0,30765.0,30765.0,6,2025-05-20 06:54:00
1747724100,30765.0,30795.0,30765.0,30790.0,6,2025-05-20 06:55:00
1747724160,30790.0,30795.0,30790.0,30790.0,2,2025-05-20 06:56:00
1747724220,30790.0,30795.0,30760.0,30785.0,4,2025-05-20 06:57:00
1747724280,30785.0,30785.0,30755.0,30755.0,4,2025-05-20 06:58:00
1747724340,30755.0,30790.0,30755.0,30790.0,3,2025-05-20 06:59:00
1747724400,30790.0,30795.0,30785.0,30795.0,2,2025-05-20 07:00:00
1747724460,30795.0,30795.0,30785.0,30785.0,2,2025-05-20 07:01:00
1747724520,30750.0,30790.0,30750.0,30760.0,9,2025-05-20 07:02:00
1747724580,30760.0,30775.0,30735.0,30735.0,21,2025-05-20 07:03:00
1747724640,30735.0,30765.0,30735.0,30760.0,2,2025-05-20 07:04:00
1747724700,30770.0,30780.0,30770.0,30780.0,4,2025-05-20 07:05:00
1747724760,30780.0,30785.0,30780.0,30785.0,2,2025-05-20 07:06:00
1747724820,30785.0,30785.0,30780.0,30780.0,3,2025-05-20 07:07:00
1747724880,30780.0,30790.0,30755.0,30785.0,5,2025-05-20 07:08:00
1747724940,30785.0,30790.0,30785.0,30785.0,4,2025-05-20 07:09:00
1747725000,30785.0,30795.0,30785.0,30785.0,3,2025-05-20 07:10:00
1747725060,30785.0,30790.0,30785.0,30790.0,2,2025-05-20 07:11:00
1747725120,30795.0,30795.0,30755.0,30760.0,9,2025-05-20 07:12:00
1747725180,30760.0,30785.0,30740.0,30770.0,10,2025-05-20 07:13:00
1747725240,30770.0,30785.0,30770.0,30785.0,10,2025-05-20 07:14:00
1747725300,30785.0,30800.0,30765.0,30765.0,6,2025-05-20 07:15:00
1747725360,30765.0,30800.0,30765.0,30800.0,3,2025-05-20 07:16:00
1747725420,30800.0,30805.0,30770.0,30805.0,5,2025-05-20 07:17:00
1747725480,30770.0,30810.0,30770.0,30810.0,5,2025-05-20 07:18:00
1747725540,30810.0,30810.0,30760.0,30795.0,17,2025-05-20 07:19:00
1747725600,30795.0,30795.0,30790.0,30790.0,3,2025-05-20 07:20:00
1747725660,30790.0,30810.0,30790.0,30805.0,8,2025-05-20 07:21:00
1747725720,30810.0,30810.0,30805.0,30805.0,4,2025-05-20 07:22:00
1747725780,30805.0,30810.0,30805.0,30810.0,2,2025-05-20 07:23:00
1747725840,30810.0,30810.0,30765.0,30765.0,9,2025-05-20 07:24:00
1747725900,30765.0,30800.0,30765.0,30800.0,3,2025-05-20 07:25:00
1747725960,30780.0,30810.0,30780.0,30810.0,5,2025-05-20 07:26:00
1747726020,30810.0,30810.0,30765.0,30800.0,8,2025-05-20 07:27:00
1747726080,30800.0,30800.0,30760.0,30760.0,10,2025-05-20 07:28:00
1747726140,30755.0,30775.0,30750.0,30750.0,14,2025-05-20 07:29:00
1747726200,30775.0,30795.0,30775.0,30795.0,3,2025-05-20 07:30:00
1747726260,30795.0,30795.0,30785.0,30785.0,2,2025-05-20 07:31:00
1747726320,30785.0,30790.0,30785.0,30790.0,3,2025-05-20 07:32:00
1747726380,30790.0,30795.0,30785.0,30785.0,2,2025-05-20 07:33:00
1747726440,30785.0,30790.0,30785.0,30790.0,2,2025-05-20 07:34:00
1747726500,30790.0,30790.0,30750.0,30790.0,9,2025-05-20 07:35:00
1747726560,30765.0,30795.0,30765.0,30785.0,4,2025-05-20 07:36:00
1747726620,30785.0,30795.0,30750.0,30775.0,10,2025-05-20 07:37:00
1747726680,30775.0,30775.0,30745.0,30775.0,6,2025-05-20 07:38:00
1747726740,30745.0,30775.0,30745.0,30775.0,16,2025-05-20 07:39:00
1747726800,30775.0,30775.0,30745.0,30775.0,8,2025-05-20 07:40:00
1747726860,30745.0,30775.0,30745.0,30775.0,5,2025-05-20 07:41:00
1747726920,30775.0,30775.0,30745.0,30775.0,5,2025-05-20 07:42:00
1747726980,30745.0,30775.0,30745.0,30775.0,4,2025-05-20 07:43:00
1747727040,30745.0,30775.0,30745.0,30775.0,7,2025-05-20 07:44:00
1747727100,30745.0,30775.0,30745.0,30745.0,5,2025-05-20 07:45:00
1747727160,30745.0,30775.0,30745.0,30775.0,4,2025-05-20 07:46:00
1747727220,30745.0,30775.0,30745.0,30775.0,5,2025-05-20 07:47:00
1747727280,30745.0,30770.0,30745.0,30770.0,4,2025-05-20 07:48:00
1747727340,30770.0,30775.0,30745.0,30775.0,108,2025-05-20 07:49:00
1747727400,30745.0,30770.0,30745.0,30745.0,6,2025-05-20 07:50:00
1747727460,30745.0,30750.0,30710.0,30710.0,96,2025-05-20 07:51:00
1747727520,30705.0,30705.0,30680.0,30700.0,22,2025-05-20 07:52:00
1747727580,30670.0,30705.0,30665.0,30705.0,41,2025-05-20 07:53:00
1747727640,30700.0,30735.0,30700.0,30735.0,9,2025-05-20 07:54:00
1747727700,30705.0,30760.0,30705.0,30745.0,14,2025-05-20 07:55:00
1747727760,30745.0,30750.0,30710.0,30750.0,6,2025-05-20 07:56:00
1747727820,30725.0,30775.0,30725.0,30740.0,21,2025-05-20 07:57:00
1747727880,30735.0,30810.0,30735.0,30810.0,1109,2025-05-20 07:58:00
1747727940,30765.0,30880.0,30765.0,30880.0,112,2025-05-20 07:59:00
1747728000,30850.0,30880.0,30850.0,30880.0,17,2025-05-20 08:00:00
1747728060,30845.0,30870.0,30835.0,30835.0,6,2025-05-20 08:01:00
1747728120,30860.0,30865.0,30825.0,30865.0,6,2025-05-20 08:02:00
1747728180,30825.0,30865.0,30825.0,30830.0,6,2025-05-20 08:03:00
1747728240,30830.0,30860.0,30830.0,30855.0,6,2025-05-20 08:04:00
1747728300,30855.0,30855.0,30825.0,30825.0,5,2025-05-20 08:05:00
1747728360,30825.0,30860.0,30825.0,30860.0,58,2025-05-20 08:06:00
1747728420,30860.0,30885.0,30845.0,30880.0,43,2025-05-20 08:07:00
1747728480,30880.0,30885.0,30845.0,30885.0,5,2025-05-20 08:08:00
1747728540,30840.0,30885.0,30840.0,30885.0,7,2025-05-20 08:09:00
1747728600,30885.0,30890.0,30850.0,30890.0,8,2025-05-20 08:10:00
1747728660,30890.0,30890.0,30860.0,30890.0,13,2025-05-20 08:11:00
1747728720,30890.0,30890.0,30860.0,30890.0,73,2025-05-20 08:12:00
1747728780,30890.0,30890.0,30860.0,30885.0,5,2025-05-20 08:13:00
1747728840,30885.0,30890.0,30860.0,30885.0,7,2025-05-20 08:14:00
1747728900,30885.0,30890.0,30860.0,30890.0,7,2025-05-20 08:15:00
1747728960,30860.0,30890.0,30860.0,30860.0,13,2025-05-20 08:16:00
1747729020,30885.0,30890.0,30860.0,30890.0,7,2025-05-20 08:17:00
1747729080,30860.0,30885.0,30850.0,30885.0,11,2025-05-20 08:18:00
1747729140,30885.0,30885.0,30830.0,30855.0,12,2025-05-20 08:19:00
1747729200,30855.0,30855.0,30825.0,30850.0,3,2025-05-20 08:20:00
1747729260,30850.0,30855.0,30830.0,30830.0,5,2025-05-20 08:21:00
1747729320,30870.0,30870.0,30830.0,30870.0,5,2025-05-20 08:22:00
1747729380,30850.0,30865.0,30835.0,30850.0,9,2025-05-20 08:23:00
1747729440,30850.0,30885.0,30840.0,30880.0,12,2025-05-20 08:24:00
1747729500,30880.0,30885.0,30850.0,30885.0,5,2025-05-20 08:25:00
1747729560,30885.0,30885.0,30850.0,30850.0,17,2025-05-20 08:26:00
1747729620,30880.0,30890.0,30850.0,30890.0,27,2025-05-20 08:27:00
1747729680,30860.0,30895.0,30860.0,30885.0,9,2025-05-20 08:28:00
1747729740,30840.0,30880.0,30830.0,30850.0,112,2025-05-20 08:29:00
1747729800,30850.0,30850.0,30850.0,30850.0,36,2025-05-20 08:30:00
1747729860,30850.0,30850.0,30850.0,30850.0,10,2025-05-20 08:31:00
1747729920,30850.0,30850.0,30850.0,30850.0,4,2025-05-20 08:32:00
1747729980,30850.0,30850.0,30850.0,30850.0,3,2025-05-20 08:33:00
1747730040,30850.0,30850.0,30835.0,30850.0,8,2025-05-20 08:34:00
1747730100,30850.0,30850.0,30850.0,30850.0,4,2025-05-20 08:35:00
1747730160,30850.0,30850.0,30835.0,30845.0,8,2025-05-20 08:36:00
1747730220,30845.0,30845.0,30845.0,30845.0,4,2025-05-20 08:37:00
1747730280,30845.0,30845.0,30785.0,30840.0,551,2025-05-20 08:38:00
1747730340,30840.0,30840.0,30800.0,30820.0,262,2025-05-20 08:39:00
1747730400,30825.0,30825.0,30820.0,30825.0,43,2025-05-20 08:40:00
1747730460,30825.0,30840.0,30825.0,30840.0,62,2025-05-20 08:41:00
1747730520,30840.0,30840.0,30825.0,30840.0,29,2025-05-20 08:42:00
1747730580,30840.0,30840.0,30830.0,30830.0,114,2025-05-20 08:43:00
1747730640,30830.0,30865.0,30825.0,30860.0,218,2025-05-20 08:44:00
1747730700,30860.0,30860.0,30700.0,30700.0,631,2025-05-20 08:45:00
1747730760,30700.0,30740.0,30700.0,30740.0,5,2025-05-20 08:46:00
1747730820,30740.0,30825.0,30740.0,30825.0,21,2025-05-20 08:47:00
1747730880,30825.0,30825.0,30795.0,30825.0,25,2025-05-20 08:48:00
1747730940,30815.0,30825.0,30815.0,30825.0,38,2025-05-20 08:49:00
1747731000,30815.0,30825.0,30805.0,30820.0,30,2025-05-20 08:50:00
1747731060,30820.0,30825.0,30820.0,30825.0,3,2025-05-20 08:51:00
1747731120,30825.0,30825.0,30825.0,30825.0,20,2025-05-20 08:52:00
1747731180,30825.0,30825.0,30815.0,30825.0,17,2025-05-20 08:53:00
1747731240,30820.0,30825.0,30820.0,30820.0,10,2025-05-20 08:54:00
1747731300,30825.0,30825.0,30815.0,30825.0,13,2025-05-20 08:55:00
1747731360,30825.0,30850.0,30825.0,30850.0,132,2025-05-20 08:56:00
1747731420,30855.0,30855.0,30820.0,30825.0,347,2025-05-20 08:57:00
1747731480,30825.0,30830.0,30800.0,30830.0,432,2025-05-20 08:58:00
1747731540,30830.0,30850.0,30800.0,30820.0,632,2025-05-20 08:59:00
1747731600,30820.0,30850.0,30820.0,30820.0,599,2025-05-20 09:00:00
1747731660,30820.0,30820.0,30800.0,30820.0,761,2025-05-20 09:01:00
1747731720,30820.0,30850.0,30820.0,30845.0,32,2025-05-20 09:02:00
1747731780,30845.0,30865.0,30820.0,30855.0,14,2025-05-20 09:03:00
1747731840,30830.0,30850.0,30825.0,30845.0,5,2025-05-20 09:04:00
1747731900,30845.0,30845.0,30845.0,30845.0,2,2025-05-20 09:05:00
1747731960,30845.0,30850.0,30820.0,30820.0,8,2025-05-20 09:06:00
1747732020,30840.0,30840.0,30815.0,30830.0,124,2025-05-20 09:07:00
1747732080,30830.0,30840.0,30815.0,30815.0,45,2025-05-20 09:08:00
1747732140,30815.0,30840.0,30815.0,30840.0,257,2025-05-20 09:09:00
1747732200,30840.0,30850.0,30840.0,30850.0,2,2025-05-20 09:10:00
1747732260,30850.0,30850.0,30810.0,30820.0,527,2025-05-20 09:11:00
1747732320,30820.0,30850.0,30805.0,30850.0,279,2025-05-20 09:12:00
1747732380,30850.0,30850.0,30830.0,30830.0,317,2025-05-20 09:13:00
1747732440,30850.0,30850.0,30835.0,30840.0,7,2025-05-20 09:14:00
1747732500,30840.0,30850.0,30840.0,30850.0,3,2025-05-20 09:15:00
1747732560,30850.0,30850.0,30820.0,30820.0,177,2025-05-20 09:16:00
1747732620,30800.0,30800.0,30745.0,30750.0,72,2025-05-20 09:17:00
1747732680,30750.0,30790.0,30750.0,30760.0,6,2025-05-20 09:18:00
1747732740,30760.0,30790.0,30760.0,30775.0,47,2025-05-20 09:19:00
1747732800,30775.0,30825.0,30775.0,30820.0,633,2025-05-20 09:20:00
1747732860,30820.0,30825.0,30795.0,30795.0,893,2025-05-20 09:21:00
1747732920,30795.0,30855.0,30795.0,30850.0,41,2025-05-20 09:22:00
1747732980,30850.0,30870.0,30850.0,30855.0,19,2025-05-20 09:23:00
1747733040,30855.0,30875.0,30840.0,30865.0,270,2025-05-20 09:24:00
1747733100,30885.0,30900.0,30870.0,30900.0,6,2025-05-20 09:25:00
1747733160,30900.0,30900.0,30860.0,30860.0,42,2025-05-20 09:26:00
1747733220,30880.0,30880.0,30860.0,30875.0,21,2025-05-20 09:27:00
1747733280,30875.0,30880.0,30860.0,30875.0,8,2025-05-20 09:28:00
1747733340,30875.0,30875.0,30840.0,30850.0,68,2025-05-20 09:29:00
1747733400,30855.0,30875.0,30855.0,30875.0,18,2025-05-20 09:30:00
1747733460,30830.0,30850.0,30820.0,30830.0,331,2025-05-20 09:31:00
1747733520,30830.0,30850.0,30830.0,30850.0,50,2025-05-20 09:32:00
1747733580,30850.0,30850.0,30850.0,30850.0,7,2025-05-20 09:33:00
1747733640,30850.0,30850.0,30830.0,30850.0,36,2025-05-20 09:34:00
1747733700,30850.0,30850.0,30820.0,30820.0,34,2025-05-20 09:35:00
1747733760,30820.0,30850.0,30820.0,30845.0,25,2025-05-20 09:36:00
1747733820,30845.0,30845.0,30845.0,30845.0,2,2025-05-20 09:37:00
1747733880,30845.0,30845.0,30845.0,30845.0,0,2025-05-20 09:38:00
1747733940,30845.0,30845.0,30820.0,30820.0,18,2025-05-20 09:39:00
1747734000,30820.0,30820.0,30820.0,30820.0,3,2025-05-20 09:40:00
1747734060,30820.0,30850.0,30820.0,30850.0,22,2025-05-20 09:41:00
1747734120,30850.0,30850.0,30830.0,30850.0,8,2025-05-20 09:42:00
1747734180,30850.0,30850.0,30820.0,30820.0,7,2025-05-20 09:43:00
1747734240,30820.0,30840.0,30820.0,30840.0,28,2025-05-20 09:44:00
1747734300,30840.0,30840.0,30820.0,30820.0,7,2025-05-20 09:45:00
1747734360,30820.0,30855.0,30820.0,30855.0,1123,2025-05-20 09:46:00
1747734420,30855.0,30855.0,30820.0,30820.0,13,2025-05-20 09:47:00
1747734480,30845.0,30850.0,30825.0,30850.0,65,2025-05-20 09:48:00
1747734540,30850.0,30850.0,30820.0,30850.0,26,2025-05-20 09:49:00
1747734600,30850.0,30855.0,30820.0,30825.0,386,2025-05-20 09:50:00
1747734660,30825.0,30875.0,30825.0,30830.0,8,2025-05-20 09:51:00
1747734720,30830.0,30830.0,30830.0,30830.0,2,2025-05-20 09:52:00
1747734780,30830.0,30850.0,30830.0,30835.0,7,2025-05-20 09:53:00
1747734840,30835.0,30860.0,30825.0,30860.0,244,2025-05-20 09:54:00
1747734900,30850.0,30860.0,30850.0,30860.0,16,2025-05-20 09:55:00
1747734960,30860.0,30860.0,30830.0,30830.0,1,2025-05-20 09:56:00
1747735020,30830.0,30860.0,30830.0,30860.0,81,2025-05-20 09:57:00
1747735080,30860.0,30860.0,30820.0,30820.0,48,2025-05-20 09:58:00
1747735140,30820.0,30880.0,30820.0,30880.0,60,2025-05-20 09:59:00
1747799100,30845.0,30895.0,30745.0,30895.0,67,2025-05-21 03:45:00
1747799160,30895.0,30895.0,30875.0,30880.0,21,2025-05-21 03:46:00
1747799220,30880.0,30880.0,30830.0,30830.0,7,2025-05-21 03:47:00
1747799280,30830.0,30830.0,30800.0,30800.0,13,2025-05-21 03:48:00
1747799340,30800.0,30870.0,30795.0,30860.0,43,2025-05-21 03:49:00
1747799400,30860.0,30875.0,30860.0,30875.0,5,2025-05-21 03:50:00
1747799460,30875.0,30960.0,30805.0,30805.0,77,2025-05-21 03:51:00
1747799520,30805.0,30805.0,30805.0,30805.0,0,2025-05-21 03:52:00
1747799580,30805.0,30815.0,30795.0,30815.0,30,2025-05-21 03:53:00
1747799640,30815.0,30840.0,30805.0,30805.0,66,2025-05-21 03:54:00
1747799700,30805.0,30820.0,30755.0,30820.0,16,2025-05-21 03:55:00
1747799760,30820.0,30820.0,30780.0,30820.0,11,2025-05-21 03:56:00
1747799820,30820.0,30840.0,30805.0,30840.0,45,2025-05-21 03:57:00
1747799880,30840.0,30840.0,30840.0,30840.0,10,2025-05-21 03:58:00
1747799940,30865.0,30865.0,30865.0,30865.0,10,2025-05-21 03:59:00
1747800000,30865.0,30865.0,30810.0,30810.0,1,2025-05-21 04:00:00
1747800060,30750.0,30865.0,30750.0,30865.0,27,2025-05-21 04:01:00
1747800120,30865.0,30875.0,30865.0,30875.0,22,2025-05-21 04:02:00
1747800180,30875.0,30900.0,30860.0,30860.0,6,2025-05-21 04:03:00
1747800240,30860.0,30900.0,30860.0,30895.0,4,2025-05-21 04:04:00
1747800300,30895.0,30940.0,30895.0,30940.0,11,2025-05-21 04:05:00
1747800360,30940.0,30940.0,30890.0,30890.0,5,2025-05-21 04:06:00
1747800420,30890.0,30915.0,30870.0,30915.0,8,2025-05-21 04:07:00
1747800480,30915.0,30915.0,30860.0,30860.0,20,2025-05-21 04:08:00
1747800540,30860.0,30920.0,30860.0,30915.0,6,2025-05-21 04:09:00
1747800600,30915.0,30975.0,30915.0,30925.0,59,2025-05-21 04:10:00
1747800660,30925.0,30930.0,30925.0,30930.0,1,2025-05-21 04:11:00
1747800720,30930.0,30930.0,30925.0,30925.0,3,2025-05-21 04:12:00
1747800780,30925.0,30925.0,30925.0,30925.0,0,2025-05-21 04:13:00
1747800840,30925.0,30925.0,30925.0,30925.0,1,2025-05-21 04:14:00
1747800900,30925.0,30940.0,30925.0,30940.0,5,2025-05-21 04:15:00
1747800960,30945.0,31025.0,30935.0,31025.0,150,2025-05-21 04:16:00
1747801020,31025.0,31190.0,31025.0,31120.0,117,2025-05-21 04:17:00
1747801080,31120.0,31120.0,31035.0,31050.0,77,2025-05-21 04:18:00
1747801140,31020.0,31075.0,31015.0,31025.0,20,2025-05-21 04:19:00
1747801200,31025.0,31040.0,31015.0,31040.0,4,2025-05-21 04:20:00
1747801260,31070.0,31070.0,30995.0,31050.0,73,2025-05-21 04:21:00
1747801320,31050.0,31070.0,31040.0,31070.0,11,2025-05-21 04:22:00
1747801380,31075.0,31075.0,31075.0,31075.0,6,2025-05-21 04:23:00
1747801440,31075.0,31075.0,31030.0,31075.0,21,2025-05-21 04:24:00
1747801500,31075.0,31080.0,31065.0,31080.0,16,2025-05-21 04:25:00
1747801560,31080.0,31080.0,31025.0,31025.0,27,2025-05-21 04:26:00
1747801620,31025.0,31080.0,30990.0,31065.0,34,2025-05-21 04:27:00
1747801680,31065.0,31065.0,31030.0,31040.0,7,2025-05-21 04:28:00
1747801740,31040.0,31040.0,31020.0,31040.0,20,2025-05-21 04:29:00
1747801800,31040.0,31075.0,31040.0,31060.0,15,2025-05-21 04:30:00
1747801860,31060.0,31080.0,31060.0,31080.0,12,2025-05-21 04:31:00
1747801920,31080.0,31100.0,31080.0,31100.0,163,2025-05-21 04:32:00
1747801980,31100.0,31145.0,31080.0,31145.0,69,2025-05-21 04:33:00
1747802040,31120.0,31205.0,31120.0,31150.0,589,2025-05-21 04:34:00
1747802100,31150.0,31175.0,31125.0,31175.0,14,2025-05-21 04:35:00
1747802160,31175.0,31175.0,31115.0,31170.0,13,2025-05-21 04:36:00
1747802220,31150.0,31165.0,31115.0,31160.0,19,2025-05-21 04:37:00
1747802280,31160.0,31160.0,31120.0,31140.0,15,2025-05-21 04:38:00
1747802340,31140.0,31150.0,31100.0,31120.0,43,2025-05-21 04:39:00
1747802400,31150.0,31150.0,31130.0,31150.0,59,2025-05-21 04:40:00
1747802460,31150.0,31150.0,31085.0,31125.0,26,2025-05-21 04:41:00
1747802520,31125.0,31175.0,31125.0,31175.0,74,2025-05-21 04:42:00
1747802580,31175.0,31175.0,31130.0,31175.0,4,2025-05-21 04:43:00
1747802640,31175.0,31175.0,31115.0,31145.0,12,2025-05-21 04:44:00
1747802700,31125.0,31190.0,31125.0,31175.0,86,2025-05-21 04:45:00
1747802760,31130.0,31190.0,31130.0,31135.0,15,2025-05-21 04:46:00
1747802820,31135.0,31180.0,31135.0,31180.0,5,2025-05-21 04:47:00
1747802880,31200.0,31200.0,31175.0,31200.0,41,2025-05-21 04:48:00
1747802940,31140.0,31180.0,31140.0,31160.0,20,2025-05-21 04:49:00
1747803000,31160.0,31160.0,31140.0,31140.0,30,2025-05-21 04:50:00
1747803060,31140.0,31140.0,31115.0,31115.0,55,2025-05-21 04:51:00
1747803120,31115.0,31150.0,31115.0,31140.0,32,2025-05-21 04:52:00
1747803180,31140.0,31150.0,31125.0,31150.0,26,2025-05-21 04:53:00
1747803240,31150.0,31150.0,31150.0,31150.0,7,2025-05-21 04:54:00
1747803300,31150.0,31195.0,31150.0,31195.0,50,2025-05-21 04:55:00
1747803360,31195.0,31195.0,31165.0,31165.0,3,2025-05-21 04:56:00
1747803420,31165.0,31180.0,31140.0,31165.0,10,2025-05-21 04:57:00
1747803480,31165.0,31185.0,31150.0,31150.0,15,2025-05-21 04:58:00
1747803540,31150.0,31180.0,31150.0,31150.0,2,2025-05-21 04:59:00
1747803600,31150.0,31150.0,31120.0,31150.0,18,2025-05-21 05:00:00
1747803660,31150.0,31150.0,31130.0,31130.0,16,2025-05-21 05:01:00
1747803720,31130.0,31150.0,31130.0,31150.0,13,2025-05-21 05:02:00
1747803780,31150.0,31150.0,31150.0,31150.0,2,2025-05-21 05:03:00
1747803840,31150.0,31150.0,31125.0,31125.0,6,2025-05-21 05:04:00
1747803900,31150.0,31150.0,31150.0,31150.0,11,2025-05-21 05:05:00
1747803960,31150.0,31150.0,31140.0,31140.0,2,2025-05-21 05:06:00
1747804020,31140.0,31175.0,31140.0,31140.0,67,2025-05-21 05:07:00
1747804080,31140.0,31140.0,31135.0,31140.0,85,2025-05-21 05:08:00
1747804140,31140.0,31155.0,31140.0,31155.0,13,2025-05-21 05:09:00
1747804200,31160.0,31165.0,31105.0,31160.0,17,2025-05-21 05:10:00
1747804260,31160.0,31160.0,31155.0,31155.0,2,2025-05-21 05:11:00
1747804320,31155.0,31175.0,31125.0,31175.0,8,2025-05-21 05:12:00
1747804380,31175.0,31175.0,31145.0,31145.0,2,2025-05-21 05:13:00
1747804440,31145.0,31145.0,31120.0,31120.0,5,2025-05-21 05:14:00
1747804500,31135.0,31135.0,31120.0,31130.0,18,2025-05-21 05:15:00
1747804560,31130.0,31130.0,31130.0,31130.0,2,2025-05-21 05:16:00
1747804620,31125.0,31135.0,31120.0,31135.0,39,2025-05-21 05:17:00
1747804680,31120.0,31135.0,31110.0,31135.0,62,2025-05-21 05:18:00
1747804740,31135.0,31150.0,31115.0,31125.0,47,2025-05-21 05:19:00
1747804800,31125.0,31125.0,31125.0,31125.0,2,2025-05-21 05:20:00
1747804860,31125.0,31125.0,31120.0,31125.0,45,2025-05-21 05:21:00
1747804920,31125.0,31150.0,31120.0,31130.0,12,2025-05-21 05:22:00
1747804980,31130.0,31130.0,31125.0,31125.0,2,2025-05-21 05:23:00
1747805040,31120.0,31130.0,31095.0,31095.0,20,2025-05-21 05:24:00
1747805100,31130.0,31145.0,31110.0,31125.0,27,2025-05-21 05:25:00
1747805160,31125.0,31135.0,31050.0,31090.0,20,2025-05-21 05:26:00
1747805220,31085.0,31150.0,31085.0,31135.0,86,2025-05-21 05:27:00
1747805280,31135.0,31135.0,31135.0,31135.0,5,2025-05-21 05:28:00
1747805340,31135.0,31135.0,31120.0,31120.0,23,2025-05-21 05:29:00
1747805400,31130.0,31130.0,31130.0,31130.0,5,2025-05-21 05:30:00
1747805460,31130.0,31130.0,31120.0,31120.0,12,2025-05-21 05:31:00
1747805520,31120.0,31130.0,31100.0,31115.0,50,2025-05-21 05:32:00
1747805580,31115.0,31115.0,31070.0,31070.0,3,2025-05-21 05:33:00
1747805640,31070.0,31100.0,31065.0,31065.0,11,2025-05-21 05:34:00
1747805700,31090.0,31090.0,31040.0,31065.0,14,2025-05-21 05:35:00
1747805760,31065.0,31065.0,31040.0,31055.0,18,2025-05-21 05:36:00
1747805820,31055.0,31095.0,31050.0,31065.0,14,2025-05-21 05:37:00
1747805880,31065.0,31100.0,31065.0,31100.0,8,2025-05-21 05:38:00
1747805940,31100.0,31120.0,31065.0,31110.0,27,2025-05-21 05:39:00
1747806000,31115.0,31120.0,31065.0,31065.0,37,2025-05-21 05:40:00
1747806060,31065.0,31115.0,31065.0,31115.0,15,2025-05-21 05:41:00
1747806120,31115.0,31115.0,31090.0,31090.0,4,2025-05-21 05:42:00
1747806180,31090.0,31110.0,31070.0,31105.0,7,2025-05-21 05:43:00
1747806240,31105.0,31105.0,31105.0,31105.0,12,2025-05-21 05:44:00
1747806300,31115.0,31115.0,31085.0,31110.0,27,2025-05-21 05:45:00
1747806360,31110.0,31110.0,31110.0,31110.0,4,2025-05-21 05:46:00
1747806420,31110.0,31115.0,31075.0,31105.0,5,2025-05-21 05:47:00
1747806480,31105.0,31105.0,31070.0,31070.0,3,2025-05-21 05:48:00
1747806540,31070.0,31105.0,31070.0,31100.0,3,2025-05-21 05:49:00
1747806600,31100.0,31105.0,31060.0,31060.0,12,2025-05-21 05:50:00
1747806660,31060.0,31105.0,31060.0,31105.0,4,2025-05-21 05:51:00
1747806720,31105.0,31105.0,31100.0,31105.0,4,2025-05-21 05:52:00
1747806780,31105.0,31110.0,31070.0,31100.0,4,2025-05-21 05:53:00
1747806840,31100.0,31100.0,31100.0,31100.0,3,2025-05-21 05:54:00
1747806900,31100.0,31100.0,31100.0,31100.0,3,2025-05-21 05:55:00
1747806960,31100.0,31100.0,31085.0,31085.0,3,2025-05-21 05:56:00
1747807020,31085.0,31095.0,31075.0,31090.0,8,2025-05-21 05:57:00
1747807080,31090.0,31090.0,31070.0,31090.0,3,2025-05-21 05:58:00
1747807140,31090.0,31090.0,31090.0,31090.0,2,2025-05-21 05:59:00
1747807200,31090.0,31095.0,31085.0,31095.0,4,2025-05-21 06:00:00
1747807260,31095.0,31095.0,31085.0,31085.0,2,2025-05-21 06:01:00
1747807320,31085.0,31100.0,31075.0,31100.0,7,2025-05-21 06:02:00
1747807380,31100.0,31100.0,31090.0,31095.0,22,2025-05-21 06:03:00
1747807440,31095.0,31100.0,31090.0,31090.0,3,2025-05-21 06:04:00
1747807500,31095.0,31095.0,31040.0,31055.0,157,2025-05-21 06:05:00
1747807560,31055.0,31060.0,31030.0,31030.0,15,2025-05-21 06:06:00
1747807620,31030.0,31050.0,31025.0,31050.0,8,2025-05-21 06:07:00
1747807680,31050.0,31050.0,31040.0,31040.0,4,2025-05-21 06:08:00
1747807740,31040.0,31050.0,31040.0,31050.0,3,2025-05-21 06:09:00
1747807800,31050.0,31050.0,31045.0,31045.0,5,2025-05-21 06:10:00
1747807860,31045.0,31065.0,31025.0,31065.0,13,2025-05-21 06:11:00
1747807920,31055.0,31055.0,31050.0,31050.0,4,2025-05-21 06:12:00
1747807980,31035.0,31050.0,31035.0,31050.0,5,2025-05-21 06:13:00
1747808040,31050.0,31055.0,31050.0,31055.0,3,2025-05-21 06:14:00
1747808100,31055.0,31055.0,31035.0,31035.0,4,2025-05-21 06:15:00
1747808160,31035.0,31055.0,31025.0,31055.0,10,2025-05-21 06:16:00
1747808220,31045.0,31045.0,31045.0,31045.0,3,2025-05-21 06:17:00
1747808280,31045.0,31060.0,31045.0,31045.0,3,2025-05-21 06:18:00
1747808340,31045.0,31050.0,31025.0,31050.0,4,2025-05-21 06:19:00
1747808400,31050.0,31050.0,31045.0,31045.0,2,2025-05-21 06:20:00
1747808460,31045.0,31075.0,31025.0,31025.0,5,2025-05-21 06:21:00
1747808520,31025.0,31085.0,31025.0,31085.0,22,2025-05-21 06:22:00
1747808580,31085.0,31125.0,31070.0,31115.0,206,2025-05-21 06:23:00
1747808640,31115.0,31130.0,31115.0,31120.0,15,2025-05-21 06:24:00
1747808700,31120.0,31130.0,31120.0,31130.0,5,2025-05-21 06:25:00
1747808760,31120.0,31130.0,31120.0,31130.0,8,2025-05-21 06:26:00
1747808820,31130.0,31135.0,31090.0,31090.0,43,2025-05-21 06:27:00
1747808880,31090.0,31130.0,31090.0,31130.0,13,2025-05-21 06:28:00
1747808940,31130.0,31130.0,31100.0,31100.0,5,2025-05-21 06:29:00
1747809000,31130.0,31130.0,31100.0,31130.0,4,2025-05-21 06:30:00
1747809060,31130.0,31130.0,31115.0,31130.0,10,2025-05-21 06:31:00
1747809120,31130.0,31170.0,31130.0,31170.0,134,2025-05-21 06:32:00
1747809180,31170.0,31185.0,31135.0,31185.0,167,2025-05-21 06:33:00
1747809240,31130.0,31195.0,31130.0,31135.0,73,2025-05-21 06:34:00
1747809300,31135.0,31150.0,31115.0,31150.0,6,2025-05-21 06:35:00
1747809360,31150.0,31150.0,31150.0,31150.0,2,2025-05-21 06:36:00
1747809420,31150.0,31150.0,31150.0,31150.0,4,2025-05-21 06:37:00
1747809480,31150.0,31150.0,31150.0,31150.0,2,2025-05-21 06:38:00
1747809540,31150.0,31150.0,31125.0,31150.0,3,2025-05-21 06:39:00
1747809600,31150.0,31150.0,31135.0,31135.0,66,2025-05-21 06:40:00
1747809660,31150.0,31150.0,31115.0,31145.0,10,2025-05-21 06:41:00
1747809720,31145.0,31150.0,31100.0,31150.0,25,2025-05-21 06:42:00
1747809780,31150.0,31150.0,31145.0,31145.0,2,2025-05-21 06:43:00
1747809840,31145.0,31145.0,31135.0,31135.0,116,2025-05-21 06:44:00
1747809900,31100.0,31145.0,31050.0,31135.0,1796,2025-05-21 06:45:00
1747809960,31100.0,31135.0,31035.0,31035.0,289,2025-05-21 06:46:00
1747810020,31050.0,31055.0,31035.0,31035.0,18,2025-05-21 06:47:00
1747810080,31035.0,31060.0,31030.0,31060.0,19,2025-05-21 06:48:00
1747810140,31030.0,31045.0,31010.0,31035.0,61,2025-05-21 06:49:00
1747810200,31035.0,31070.0,31035.0,31045.0,14,2025-05-21 06:50:00
1747810260,31045.0,31070.0,31045.0,31065.0,5,2025-05-21 06:51:00
1747810320,31065.0,31065.0,31060.0,31060.0,4,2025-05-21 06:52:00
1747810380,31060.0,31080.0,31045.0,31080.0,3,2025-05-21 06:53:00
1747810440,31080.0,31080.0,31040.0,31040.0,4,2025-05-21 06:54:00
1747810500,31040.0,31055.0,31010.0,31055.0,76,2025-05-21 06:55:00
1747810560,31055.0,31075.0,31055.0,31075.0,3,2025-05-21 06:56:00
1747810620,31075.0,31080.0,31075.0,31080.0,4,2025-05-21 06:57:00
1747810680,31080.0,31100.0,31055.0,31095.0,718,2025-05-21 06:58:00
1747810740,31095.0,31125.0,31095.0,31125.0,8,2025-05-21 06:59:00
1747810800,31125.0,31125.0,31100.0,31125.0,33,2025-05-21 07:00:00
1747810860,31125.0,31125.0,31100.0,31100.0,3,2025-05-21 07:01:00
1747810920,31100.0,31125.0,31100.0,31125.0,3,2025-05-21 07:02:00
1747810980,31125.0,31125.0,31120.0,31120.0,2,2025-05-21 07:03:00
1747811040,31120.0,31125.0,31120.0,31125.0,6,2025-05-21 07:04:00
1747811100,31125.0,31145.0,31115.0,31145.0,11,2025-05-21 07:05:00
1747811160,31145.0,31150.0,31145.0,31150.0,2,2025-05-21 07:06:00
1747811220,31150.0,31150.0,31150.0,31150.0,5,2025-05-21 07:07:00
1747811280,31150.0,31195.0,31150.0,31195.0,42,2025-05-21 07:08:00
1747811340,31195.0,31195.0,31190.0,31190.0,17,2025-05-21 07:09:00
1747811400,31190.0,31195.0,31190.0,31195.0,4,2025-05-21 07:10:00
1747811460,31195.0,31195.0,31135.0,31135.0,11,2025-05-21 07:11:00
1747811520,31180.0,31190.0,31165.0,31190.0,11,2025-05-21 07:12:00
1747811580,31190.0,31190.0,31155.0,31190.0,3,2025-05-21 07:13:00
1747811640,31190.0,31190.0,31190.0,31190.0,2,2025-05-21 07:14:00
1747811700,31190.0,31190.0,31170.0,31190.0,15,2025-05-21 07:15:00
1747811760,31190.0,31190.0,31170.0,31170.0,5,2025-05-21 07:16:00
1747811820,31170.0,31190.0,31170.0,31185.0,3,2025-05-21 07:17:00
1747811880,31185.0,31190.0,31185.0,31190.0,3,2025-05-21 07:18:00
1747811940,31190.0,31190.0,31185.0,31185.0,2,2025-05-21 07:19:00
1747812000,31190.0,31190.0,31190.0,31190.0,3,2025-05-21 07:20:00
1747812060,31190.0,31190.0,31180.0,31190.0,4,2025-05-21 07:21:00
1747812120,31190.0,31190.0,31190.0,31190.0,4,2025-05-21 07:22:00
1747812180,31190.0,31200.0,31180.0,31180.0,45,2025-05-21 07:23:00
1747812240,31180.0,31190.0,31180.0,31180.0,6,2025-05-21 07:24:00
1747812300,31190.0,31190.0,31180.0,31180.0,6,2025-05-21 07:25:00
1747812360,31180.0,31240.0,31180.0,31240.0,631,2025-05-21 07:26:00
1747812420,31240.0,31240.0,31205.0,31235.0,7,2025-05-21 07:27:00
1747812480,31235.0,31290.0,31235.0,31290.0,244,2025-05-21 07:28:00
1747812540,31290.0,31335.0,31290.0,31320.0,492,2025-05-21 07:29:00
1747812600,31325.0,31345.0,31305.0,31345.0,140,2025-05-21 07:30:00
1747812660,31345.0,31345.0,31320.0,31320.0,14,2025-05-21 07:31:00
1747812720,31320.0,31340.0,31295.0,31340.0,24,2025-05-21 07:32:00
1747812780,31340.0,31340.0,31290.0,31330.0,51,2025-05-21 07:33:00
1747812840,31330.0,31410.0,31330.0,31410.0,211,2025-05-21 07:34:00
1747812900,31410.0,31420.0,31365.0,31390.0,71,2025-05-21 07:35:00
1747812960,31390.0,31400.0,31345.0,31380.0,48,2025-05-21 07:36:00
1747813020,31355.0,31385.0,31350.0,31380.0,57,2025-05-21 07:37:00
1747813080,31355.0,31385.0,31355.0,31385.0,15,2025-05-21 07:38:00
1747813140,31385.0,31410.0,31380.0,31410.0,51,2025-05-21 07:39:00
1747813200,31410.0,31450.0,31380.0,31445.0,82,2025-05-21 07:40:00
1747813260,31445.0,31590.0,31445.0,31590.0,646,2025-05-21 07:41:00
1747813320,31590.0,31590.0,31570.0,31570.0,13,2025-05-21 07:42:00
1747813380,31570.0,31590.0,31570.0,31575.0,103,2025-05-21 07:43:00
1747813440,31575.0,31590.0,31520.0,31560.0,57,2025-05-21 07:44:00
1747813500,31515.0,31590.0,31515.0,31545.0,201,2025-05-21 07:45:00
1747813560,31540.0,31585.0,31540.0,31565.0,41,2025-05-21 07:46:00
1747813620,31565.0,31580.0,31555.0,31555.0,9,2025-05-21 07:47:00
1747813680,31555.0,31570.0,31345.0,31355.0,411,2025-05-21 07:48:00
1747813740,31390.0,31390.0,31335.0,31335.0,195,2025-05-21 07:49:00
1747813800,31335.0,31335.0,31310.0,31335.0,38,2025-05-21 07:50:00
1747813860,31335.0,31385.0,31330.0,31385.0,40,2025-05-21 07:51:00
1747813920,31360.0,31385.0,31360.0,31385.0,25,2025-05-21 07:52:00
1747813980,31380.0,31380.0,31355.0,31370.0,30,2025-05-21 07:53:00
1747814040,31370.0,31370.0,31325.0,31350.0,138,2025-05-21 07:54:00
1747814100,31350.0,31365.0,31350.0,31365.0,18,2025-05-21 07:55:00
1747814160,31365.0,31365.0,31345.0,31350.0,2,2025-05-21 07:56:00
1747814220,31350.0,31370.0,31350.0,31370.0,5,2025-05-21 07:57:00
1747814280,31370.0,31370.0,31310.0,31350.0,21,2025-05-21 07:58:00
1747814340,31350.0,31350.0,31290.0,31295.0,171,2025-05-21 07:59:00
1747814400,31295.0,31305.0,31245.0,31305.0,21,2025-05-21 08:00:00
1747814460,31305.0,31305.0,31280.0,31280.0,30,2025-05-21 08:01:00
1747814520,31305.0,31350.0,31305.0,31325.0,109,2025-05-21 08:02:00
1747814580,31325.0,31350.0,31325.0,31350.0,7,2025-05-21 08:03:00
1747814640,31350.0,31350.0,31315.0,31315.0,5,2025-05-21 08:04:00
1747814700,31350.0,31360.0,31315.0,31360.0,4,2025-05-21 08:05:00
1747814760,31360.0,31360.0,31315.0,31315.0,3,2025-05-21 08:06:00
1747814820,31310.0,31310.0,31305.0,31305.0,11,2025-05-21 08:07:00
1747814880,31305.0,31320.0,31305.0,31320.0,2,2025-05-21 08:08:00
1747814940,31320.0,31320.0,31315.0,31315.0,2,2025-05-21 08:09:00
1747815000,31320.0,31320.0,31195.0,31245.0,126,2025-05-21 08:10:00
1747815060,31245.0,31280.0,31210.0,31210.0,62,2025-05-21 08:11:00
1747815120,31250.0,31285.0,31230.0,31245.0,19,2025-05-21 08:12:00
1747815180,31245.0,31290.0,31205.0,31250.0,74,2025-05-21 08:13:00
1747815240,31230.0,31255.0,31230.0,31230.0,6,2025-05-21 08:14:00
1747815300,31260.0,31280.0,31245.0,31280.0,5,2025-05-21 08:15:00
1747815360,31280.0,31295.0,31280.0,31280.0,19,2025-05-21 08:16:00
1747815420,31280.0,31305.0,31255.0,31285.0,27,2025-05-21 08:17:00
1747815480,31285.0,31285.0,31260.0,31280.0,10,2025-05-21 08:18:00
1747815540,31280.0,31285.0,31275.0,31275.0,3,2025-05-21 08:19:00
1747815600,31280.0,31290.0,31275.0,31290.0,18,2025-05-21 08:20:00
1747815660,31290.0,31315.0,31290.0,31315.0,71,2025-05-21 08:21:00
1747815720,31320.0,31320.0,31280.0,31300.0,54,2025-05-21 08:22:00
1747815780,31300.0,31300.0,31240.0,31245.0,902,2025-05-21 08:23:00
1747815840,31250.0,31320.0,31250.0,31300.0,190,2025-05-21 08:24:00
1747815900,31300.0,31300.0,31275.0,31275.0,92,2025-05-21 08:25:00
1747815960,31275.0,31285.0,31245.0,31250.0,529,2025-05-21 08:26:00
1747816020,31290.0,31290.0,31250.0,31250.0,216,2025-05-21 08:27:00
1747816080,31250.0,31260.0,31250.0,31260.0,207,2025-05-21 08:28:00
1747816140,31260.0,31265.0,31215.0,31250.0,23,2025-05-21 08:29:00
1747816200,31245.0,31245.0,31210.0,31240.0,58,2025-05-21 08:30:00
1747816260,31240.0,31245.0,31210.0,31245.0,6,2025-05-21 08:31:00
1747816320,31245.0,31245.0,31245.0,31245.0,5,2025-05-21 08:32:00
1747816380,31245.0,31245.0,31210.0,31225.0,49,2025-05-21 08:33:00
1747816440,31230.0,31235.0,31215.0,31215.0,10,2025-05-21 08:34:00
1747816500,31215.0,31255.0,31215.0,31250.0,2,2025-05-21 08:35:00
1747816560,31250.0,31250.0,31250.0,31250.0,7,2025-05-21 08:36:00
1747816620,31250.0,31250.0,31225.0,31250.0,28,2025-05-21 08:37:00
1747816680,31220.0,31260.0,31220.0,31260.0,8,2025-05-21 08:38:00
1747816740,31260.0,31260.0,31100.0,31100.0,1678,2025-05-21 08:39:00
1747816800,31100.0,31150.0,31070.0,31150.0,92,2025-05-21 08:40:00
1747816860,31150.0,31160.0,31130.0,31135.0,12,2025-05-21 08:41:00
1747816920,31135.0,31235.0,31135.0,31190.0,80,2025-05-21 08:42:00
1747816980,31190.0,31245.0,31190.0,31240.0,4,2025-05-21 08:43:00
1747817040,31240.0,31250.0,31190.0,31250.0,20,2025-05-21 08:44:00
1747817100,31270.0,31270.0,31220.0,31265.0,5,2025-05-21 08:45:00
1747817160,31265.0,31265.0,31215.0,31250.0,4,2025-05-21 08:46:00
1747817220,31250.0,31255.0,31215.0,31250.0,22,2025-05-21 08:47:00
1747817280,31250.0,31260.0,31235.0,31260.0,8,2025-05-21 08:48:00
1747817340,31260.0,31265.0,31260.0,31265.0,2,2025-05-21 08:49:00
1747817400,31265.0,31270.0,31265.0,31270.0,4,2025-05-21 08:50:00
1747817460,31270.0,31270.0,31210.0,31260.0,10,2025-05-21 08:51:00
1747817520,31260.0,31270.0,31260.0,31270.0,4,2025-05-21 08:52:00
1747817580,31270.0,31270.0,31255.0,31255.0,9,2025-05-21 08:53:00
1747817640,31255.0,31300.0,31255.0,31290.0,29,2025-05-21 08:54:00
1747817700,31290.0,31290.0,31265.0,31265.0,21,2025-05-21 08:55:00
1747817760,31265.0,31300.0,31265.0,31300.0,3,2025-05-21 08:56:00
1747817820,31300.0,31325.0,31250.0,31325.0,133,2025-05-21 08:57:00
1747817880,31360.0,31500.0,31360.0,31465.0,1405,2025-05-21 08:58:00
1747817940,31465.0,31485.0,31405.0,31405.0,577,2025-05-21 08:59:00
1747818000,31375.0,31380.0,31350.0,31350.0,33,2025-05-21 09:00:00
1747818060,31350.0,31365.0,31350.0,31360.0,8,2025-05-21 09:01:00
1747818120,31335.0,31370.0,31335.0,31370.0,25,2025-05-21 09:02:00
1747818180,31370.0,31375.0,31370.0,31375.0,2,2025-05-21 09:03:00
1747818240,31375.0,31375.0,31345.0,31345.0,3,2025-05-21 09:04:00
1747818300,31370.0,31370.0,31310.0,31340.0,12,2025-05-21 09:05:00
1747818360,31340.0,31485.0,31340.0,31485.0,218,2025-05-21 09:06:00
1747818420,31455.0,31455.0,31380.0,31445.0,51,2025-05-21 09:07:00
1747818480,31445.0,31460.0,31445.0,31460.0,44,2025-05-21 09:08:00
1747818540,31460.0,31460.0,31410.0,31410.0,6,2025-05-21 09:09:00
1747818600,31440.0,31450.0,31390.0,31410.0,11,2025-05-21 09:10:00
1747818660,31410.0,31440.0,31335.0,31395.0,28,2025-05-21 09:11:00
1747818720,31415.0,31445.0,31345.0,31425.0,17,2025-05-21 09:12:00
1747818780,31425.0,31425.0,31375.0,31395.0,8,2025-05-21 09:13:00
1747818840,31395.0,31415.0,31375.0,31375.0,16,2025-05-21 09:14:00
1747818900,31385.0,31400.0,31360.0,31380.0,11,2025-05-21 09:15:00
1747818960,31380.0,31400.0,31350.0,31395.0,5,2025-05-21 09:16:00
1747819020,31370.0,31390.0,31330.0,31390.0,20,2025-05-21 09:17:00
1747819080,31390.0,31400.0,31370.0,31370.0,8,2025-05-21 09:18:00
1747819140,31370.0,31385.0,31340.0,31380.0,9,2025-05-21 09:19:00
1747819200,31380.0,31380.0,31335.0,31335.0,4,2025-05-21 09:20:00
1747819260,31335.0,31375.0,31310.0,31320.0,19,2025-05-21 09:21:00
1747819320,31355.0,31385.0,31320.0,31385.0,35,2025-05-21 09:22:00
1747819380,31385.0,31385.0,31355.0,31355.0,4,2025-05-21 09:23:00
1747819440,31350.0,31380.0,31350.0,31380.0,9,2025-05-21 09:24:00
1747819500,31390.0,31400.0,31390.0,31400.0,26,2025-05-21 09:25:00
1747819560,31400.0,31400.0,31330.0,31375.0,13,2025-05-21 09:26:00
1747819620,31375.0,31400.0,31375.0,31400.0,5,2025-05-21 09:27:00
1747819680,31400.0,31400.0,31400.0,31400.0,4,2025-05-21 09:28:00
1747819740,31400.0,31400.0,31360.0,31380.0,7,2025-05-21 09:29:00
1747819800,31380.0,31395.0,31380.0,31395.0,2,2025-05-21 09:30:00
1747819860,31450.0,31485.0,31450.0,31480.0,178,2025-05-21 09:31:00
1747819920,31480.0,31485.0,31480.0,31485.0,8,2025-05-21 09:32:00
1747819980,31485.0,31485.0,31410.0,31410.0,26,2025-05-21 09:33:00
1747820040,31410.0,31415.0,31410.0,31410.0,6,2025-05-21 09:34:00
1747820100,31410.0,31445.0,31410.0,31445.0,1,2025-05-21 09:35:00
1747820160,31445.0,31450.0,31415.0,31415.0,14,2025-05-21 09:36:00
1747820220,31450.0,31450.0,31415.0,31415.0,13,2025-05-21 09:37:00
1747820280,31415.0,31415.0,31415.0,31415.0,1,2025-05-21 09:38:00
1747820340,31415.0,31500.0,31410.0,31485.0,486,2025-05-21 09:39:00
1747820400,31445.0,31485.0,31410.0,31485.0,58,2025-05-21 09:40:00
1747820460,31485.0,31485.0,31415.0,31420.0,29,2025-05-21 09:41:00
1747820520,31415.0,31485.0,31410.0,31410.0,54,2025-05-21 09:42:00
1747820580,31410.0,31485.0,31400.0,31400.0,81,2025-05-21 09:43:00
1747820640,31400.0,31440.0,31400.0,31400.0,45,2025-05-21 09:44:00
1747820700,31400.0,31450.0,31400.0,31410.0,18,2025-05-21 09:45:00
1747820760,31445.0,31485.0,31400.0,31485.0,634,2025-05-21 09:46:00
1747820820,31480.0,31485.0,31430.0,31485.0,40,2025-05-21 09:47:00
1747820880,31485.0,31490.0,31430.0,31430.0,105,2025-05-21 09:48:00
1747820940,31430.0,31485.0,31430.0,31430.0,5,2025-05-21 09:49:00
1747821000,31430.0,31455.0,31430.0,31455.0,59,2025-05-21 09:50:00
1747821060,31455.0,31455.0,31425.0,31425.0,9,2025-05-21 09:51:00
1747821120,31425.0,31450.0,31420.0,31450.0,10,2025-05-21 09:52:00
1747821180,31450.0,31450.0,31415.0,31440.0,39,2025-05-21 09:53:00
1747821240,31415.0,31440.0,31415.0,31440.0,28,2025-05-21 09:54:00
1747821300,31440.0,31440.0,31415.0,31440.0,5,2025-05-21 09:55:00
1747821360,31415.0,31440.0,31410.0,31440.0,13,2025-05-21 09:56:00
1747821420,31440.0,31440.0,31410.0,31425.0,68,2025-05-21 09:57:00
1747821480,31425.0,31425.0,31400.0,31400.0,296,2025-05-21 09:58:00
1747821540,31425.0,31425.0,31380.0,31400.0,39,2025-05-21 09:59:00
1747885500,31400.0,31420.0,31105.0,31110.0,238,2025-05-22 03:45:00
1747885560,31110.0,31255.0,31110.0,31255.0,18,2025-05-22 03:46:00
1747885620,31195.0,31220.0,31195.0,31200.0,63,2025-05-22 03:47:00
1747885680,31200.0,31200.0,31160.0,31160.0,12,2025-05-22 03:48:00
1747885740,31160.0,31250.0,31160.0,31250.0,72,2025-05-22 03:49:00
1747885800,31250.0,31250.0,31215.0,31240.0,14,2025-05-22 03:50:00
1747885860,31240.0,31275.0,31235.0,31275.0,94,2025-05-22 03:51:00
1747885920,31275.0,31280.0,31260.0,31280.0,4,2025-05-22 03:52:00
1747885980,31280.0,31280.0,31280.0,31280.0,0,2025-05-22 03:53:00
1747886040,31280.0,31280.0,31195.0,31195.0,36,2025-05-22 03:54:00
1747886100,31195.0,31230.0,31195.0,31230.0,6,2025-05-22 03:55:00
1747886160,31230.0,31230.0,31200.0,31200.0,1,2025-05-22 03:56:00
1747886220,31200.0,31255.0,31200.0,31255.0,23,2025-05-22 03:57:00
1747886280,31255.0,31255.0,31210.0,31210.0,1,2025-05-22 03:58:00
1747886340,31210.0,31295.0,31210.0,31295.0,20,2025-05-22 03:59:00
1747886400,31285.0,31285.0,31240.0,31275.0,3,2025-05-22 04:00:00
1747886460,31275.0,31275.0,31275.0,31275.0,3,2025-05-22 04:01:00
1747886520,31275.0,31275.0,31250.0,31275.0,4,2025-05-22 04:02:00
1747886580,31240.0,31275.0,31240.0,31275.0,227,2025-05-22 04:03:00
1747886640,31275.0,31275.0,31205.0,31275.0,58,2025-05-22 04:04:00
1747886700,31275.0,31275.0,31275.0,31275.0,0,2025-05-22 04:05:00
1747886760,31275.0,31275.0,31215.0,31215.0,12,2025-05-22 04:06:00
1747886820,31215.0,31215.0,31210.0,31210.0,2,2025-05-22 04:07:00
1747886880,31210.0,31210.0,31210.0,31210.0,5,2025-05-22 04:08:00
1747886940,31210.0,31220.0,31210.0,31220.0,9,2025-05-22 04:09:00
1747887000,31220.0,31220.0,31220.0,31220.0,1,2025-05-22 04:10:00
1747887060,31220.0,31245.0,31220.0,31245.0,6,2025-05-22 04:11:00
1747887120,31245.0,31245.0,31220.0,31220.0,2,2025-05-22 04:12:00
1747887180,31220.0,31250.0,31220.0,31250.0,7,2025-05-22 04:13:00
1747887240,31250.0,31250.0,31175.0,31185.0,73,2025-05-22 04:14:00
1747887300,31185.0,31225.0,31185.0,31225.0,6,2025-05-22 04:15:00
1747887360,31225.0,31245.0,31190.0,31245.0,26,2025-05-22 04:16:00
1747887420,31245.0,31245.0,31225.0,31225.0,1,2025-05-22 04:17:00
1747887480,31225.0,31225.0,31225.0,31225.0,0,2025-05-22 04:18:00
1747887540,31225.0,31225.0,31225.0,31225.0,0,2025-05-22 04:19:00
1747887600,31225.0,31225.0,31225.0,31225.0,1,2025-05-22 04:20:00
1747887660,31225.0,31225.0,31190.0,31190.0,10,2025-05-22 04:21:00
1747887720,31190.0,31190.0,31190.0,31190.0,2,2025-05-22 04:22:00
1747887780,31190.0,31225.0,31190.0,31225.0,5,2025-05-22 04:23:00
1747887840,31225.0,31225.0,31180.0,31180.0,18,2025-05-22 04:24:00
1747887900,31180.0,31230.0,31180.0,31230.0,3,2025-05-22 04:25:00
1747887960,31230.0,31230.0,31210.0,31210.0,4,2025-05-22 04:26:00
1747888020,31210.0,31220.0,31210.0,31220.0,1,2025-05-22 04:27:00
1747888080,31220.0,31220.0,31220.0,31220.0,0,2025-05-22 04:28:00
1747888140,31220.0,31230.0,31220.0,31230.0,12,2025-05-22 04:29:00
1747888200,31230.0,31230.0,31225.0,31225.0,1,2025-05-22 04:30:00
1747888260,31225.0,31225.0,31225.0,31225.0,72,2025-05-22 04:31:00
1747888320,31225.0,31250.0,31225.0,31250.0,100,2025-05-22 04:32:00
1747888380,31250.0,31250.0,31205.0,31205.0,12,2025-05-22 04:33:00
1747888440,31205.0,31205.0,31205.0,31205.0,0,2025-05-22 04:34:00
1747888500,31205.0,31205.0,31205.0,31205.0,7,2025-05-22 04:35:00
1747888560,31205.0,31205.0,31160.0,31160.0,115,2025-05-22 04:36:00
1747888620,31200.0,31200.0,31200.0,31200.0,1,2025-05-22 04:37:00
1747888680,31190.0,31190.0,31165.0,31165.0,6,2025-05-22 04:38:00
1747888740,31165.0,31190.0,31165.0,31190.0,4,2025-05-22 04:39:00
1747888800,31190.0,31190.0,31190.0,31190.0,0,2025-05-22 04:40:00
1747888860,31190.0,31190.0,31190.0,31190.0,0,2025-05-22 04:41:00
1747888920,31190.0,31190.0,31190.0,31190.0,1,2025-05-22 04:42:00
1747888980,31190.0,31210.0,31160.0,31160.0,126,2025-05-22 04:43:00
1747889040,31160.0,31160.0,31150.0,31150.0,135,2025-05-22 04:44:00
1747889100,31150.0,31150.0,31120.0,31120.0,19,2025-05-22 04:45:00
1747889160,31120.0,31120.0,31060.0,31080.0,45,2025-05-22 04:46:00
1747889220,31080.0,31100.0,31080.0,31095.0,103,2025-05-22 04:47:00
1747889280,31095.0,31155.0,31095.0,31155.0,11,2025-05-22 04:48:00
1747889340,31155.0,31155.0,31145.0,31145.0,1,2025-05-22 04:49:00
1747889400,31145.0,31150.0,31145.0,31150.0,2,2025-05-22 04:50:00
1747889460,31150.0,31155.0,31150.0,31155.0,7,2025-05-22 04:51:00
1747889520,31155.0,31155.0,31155.0,31155.0,6,2025-05-22 04:52:00
1747889580,31135.0,31175.0,31135.0,31175.0,19,2025-05-22 04:53:00
1747889640,31175.0,31175.0,31175.0,31175.0,1,2025-05-22 04:54:00
1747889700,31175.0,31180.0,31130.0,31140.0,13,2025-05-22 04:55:00
1747889760,31140.0,31140.0,31140.0,31140.0,0,2025-05-22 04:56:00
1747889820,31140.0,31140.0,31140.0,31140.0,0,2025-05-22 04:57:00
1747889880,31140.0,31190.0,31140.0,31190.0,2,2025-05-22 04:58:00
1747889940,31190.0,31205.0,31190.0,31205.0,5,2025-05-22 04:59:00
1747890000,31205.0,31205.0,31205.0,31205.0,12,2025-05-22 05:00:00
1747890060,31205.0,31205.0,31205.0,31205.0,0,2025-05-22 05:01:00
1747890120,31205.0,31205.0,31205.0,31205.0,0,2025-05-22 05:02:00
1747890180,31205.0,31205.0,31205.0,31205.0,0,2025-05-22 05:03:00
1747890240,31205.0,31205.0,31205.0,31205.0,0,2025-05-22 05:04:00
1747890300,31205.0,31205.0,31205.0,31205.0,0,2025-05-22 05:05:00
1747890360,31205.0,31205.0,31170.0,31170.0,1,2025-05-22 05:06:00
1747890420,31170.0,31215.0,31170.0,31215.0,3,2025-05-22 05:07:00
1747890480,31215.0,31215.0,31215.0,31215.0,1,2025-05-22 05:08:00
1747890540,31215.0,31215.0,31195.0,31195.0,1,2025-05-22 05:09:00
1747890600,31195.0,31195.0,31195.0,31195.0,0,2025-05-22 05:10:00
1747890660,31195.0,31195.0,31195.0,31195.0,2,2025-05-22 05:11:00
1747890720,31195.0,31195.0,31170.0,31170.0,2,2025-05-22 05:12:00
1747890780,31170.0,31170.0,31170.0,31170.0,0,2025-05-22 05:13:00
1747890840,31170.0,31210.0,31170.0,31210.0,12,2025-05-22 05:14:00
1747890900,31210.0,31210.0,31170.0,31170.0,1,2025-05-22 05:15:00
1747890960,31170.0,31210.0,31170.0,31210.0,2,2025-05-22 05:16:00
1747891020,31210.0,31210.0,31210.0,31210.0,1,2025-05-22 05:17:00
1747891080,31210.0,31210.0,31210.0,31210.0,0,2025-05-22 05:18:00
1747891140,31210.0,31210.0,31185.0,31185.0,5,2025-05-22 05:19:00
1747891200,31185.0,31210.0,31185.0,31210.0,1,2025-05-22 05:20:00
1747891260,31210.0,31210.0,31210.0,31210.0,1,2025-05-22 05:21:00
1747891320,31210.0,31210.0,31210.0,31210.0,0,2025-05-22 05:22:00
1747891380,31210.0,31210.0,31210.0,31210.0,0,2025-05-22 05:23:00
1747891440,31210.0,31210.0,31210.0,31210.0,0,2025-05-22 05:24:00
1747891500,31210.0,31210.0,31200.0,31200.0,1,2025-05-22 05:25:00
1747891560,31200.0,31215.0,31200.0,31215.0,6,2025-05-22 05:26:00
1747891620,31215.0,31215.0,31215.0,31215.0,1,2025-05-22 05:27:00
1747891680,31215.0,31215.0,31215.0,31215.0,0,2025-05-22 05:28:00
1747891740,31215.0,31215.0,31215.0,31215.0,0,2025-05-22 05:29:00
1747891800,31215.0,31215.0,31200.0,31200.0,1,2025-05-22 05:30:00
1747891860,31200.0,31200.0,31200.0,31200.0,0,2025-05-22 05:31:00
1747891920,31200.0,31200.0,31185.0,31200.0,2,2025-05-22 05:32:00
1747891980,31200.0,31200.0,31200.0,31200.0,0,2025-05-22 05:33:00
1747892040,31200.0,31200.0,31200.0,31200.0,16,2025-05-22 05:34:00
1747892100,31200.0,31200.0,31200.0,31200.0,3,2025-05-22 05:35:00
1747892160,31200.0,31200.0,31180.0,31195.0,3,2025-05-22 05:36:00
1747892220,31195.0,31195.0,31195.0,31195.0,0,2025-05-22 05:37:00
1747892280,31200.0,31200.0,31200.0,31200.0,2,2025-05-22 05:38:00
1747892340,31200.0,31200.0,31170.0,31170.0,6,2025-05-22 05:39:00
1747892400,31170.0,31170.0,31170.0,31170.0,0,2025-05-22 05:40:00
1747892460,31170.0,31170.0,31170.0,31170.0,1,2025-05-22 05:41:00
1747892520,31170.0,31200.0,31170.0,31200.0,4,2025-05-22 05:42:00
1747892580,31200.0,31200.0,31200.0,31200.0,0,2025-05-22 05:43:00
1747892640,31200.0,31200.0,31200.0,31200.0,0,2025-05-22 05:44:00
1747892700,31200.0,31200.0,31200.0,31200.0,0,2025-05-22 05:45:00
1747892760,31170.0,31195.0,31170.0,31195.0,2,2025-05-22 05:46:00
1747892820,31195.0,31195.0,31195.0,31195.0,5,2025-05-22 05:47:00
1747892880,31150.0,31190.0,31140.0,31190.0,31,2025-05-22 05:48:00
1747892940,31190.0,31190.0,31190.0,31190.0,0,2025-05-22 05:49:00
1747893000,31190.0,31190.0,31190.0,31190.0,0,2025-05-22 05:50:00
1747893060,31190.0,31190.0,31190.0,31190.0,0,2025-05-22 05:51:00
1747893120,31190.0,31190.0,31190.0,31190.0,6,2025-05-22 05:52:00
1747893180,31190.0,31190.0,31190.0,31190.0,0,2025-05-22 05:53:00
1747893240,31190.0,31190.0,31190.0,31190.0,0,2025-05-22 05:54:00
1747893300,31190.0,31190.0,31190.0,31190.0,0,2025-05-22 05:55:00
1747893360,31190.0,31190.0,31190.0,31190.0,0,2025-05-22 05:56:00
1747893420,31190.0,31190.0,31190.0,31190.0,1,2025-05-22 05:57:00
1747893480,31190.0,31190.0,31190.0,31190.0,0,2025-05-22 05:58:00
1747893540,31190.0,31190.0,31190.0,31190.0,0,2025-05-22 05:59:00
1747893600,31190.0,31190.0,31190.0,31190.0,0,2025-05-22 06:00:00
1747893660,31190.0,31190.0,31190.0,31190.0,0,2025-05-22 06:01:00
1747893720,31190.0,31190.0,31190.0,31190.0,0,2025-05-22 06:02:00
1747893780,31190.0,31190.0,31190.0,31190.0,0,2025-05-22 06:03:00
1747893840,31190.0,31190.0,31190.0,31190.0,2,2025-05-22 06:04:00
1747893900,31190.0,31195.0,31190.0,31195.0,1,2025-05-22 06:05:00
1747893960,31195.0,31195.0,31195.0,31195.0,0,2025-05-22 06:06:00
1747894020,31195.0,31195.0,31195.0,31195.0,11,2025-05-22 06:07:00
1747894080,31195.0,31195.0,31195.0,31195.0,0,2025-05-22 06:08:00
1747894140,31195.0,31195.0,31190.0,31190.0,1,2025-05-22 06:09:00
1747894200,31190.0,31195.0,31190.0,31190.0,3,2025-05-22 06:10:00
1747894260,31190.0,31195.0,31190.0,31195.0,1,2025-05-22 06:11:00
1747894320,31195.0,31195.0,31195.0,31195.0,3,2025-05-22 06:12:00
1747894380,31200.0,31200.0,31200.0,31200.0,2,2025-05-22 06:13:00
1747894440,31200.0,31200.0,31200.0,31200.0,1,2025-05-22 06:14:00
1747894500,31200.0,31200.0,31200.0,31200.0,5,2025-05-22 06:15:00
1747894560,31200.0,31200.0,31200.0,31200.0,0,2025-05-22 06:16:00
1747894620,31200.0,31200.0,31200.0,31200.0,0,2025-05-22 06:17:00
1747894680,31200.0,31200.0,31200.0,31200.0,6,2025-05-22 06:18:00
1747894740,31200.0,31200.0,31200.0,31200.0,0,2025-05-22 06:19:00
1747894800,31200.0,31200.0,31200.0,31200.0,4,2025-05-22 06:20:00
1747894860,31200.0,31200.0,31200.0,31200.0,0,2025-05-22 06:21:00
1747894920,31200.0,31200.0,31200.0,31200.0,0,2025-05-22 06:22:00
1747894980,31200.0,31200.0,31200.0,31200.0,1,2025-05-22 06:23:00
1747895040,31200.0,31200.0,31170.0,31170.0,3,2025-05-22 06:24:00
1747895100,31170.0,31200.0,31170.0,31200.0,1,2025-05-22 06:25:00
1747895160,31200.0,31200.0,31200.0,31200.0,0,2025-05-22 06:26:00
1747895220,31200.0,31200.0,31200.0,31200.0,1,2025-05-22 06:27:00
1747895280,31200.0,31200.0,31195.0,31200.0,7,2025-05-22 06:28:00
1747895340,31200.0,31200.0,31200.0,31200.0,1,2025-05-22 06:29:00
1747895400,31200.0,31200.0,31170.0,31200.0,3,2025-05-22 06:30:00
1747895460,31200.0,31200.0,31200.0,31200.0,1,2025-05-22 06:31:00
1747895520,31200.0,31200.0,31200.0,31200.0,1,2025-05-22 06:32:00
1747895580,31200.0,31200.0,31200.0,31200.0,0,2025-05-22 06:33:00
1747895640,31200.0,31200.0,31200.0,31200.0,1,2025-05-22 06:34:00
1747895700,31200.0,31200.0,31200.0,31200.0,7,2025-05-22 06:35:00
1747895760,31200.0,31200.0,31200.0,31200.0,4,2025-05-22 06:36:00
1747895820,31200.0,31200.0,31200.0,31200.0,0,2025-05-22 06:37:00
1747895880,31200.0,31200.0,31200.0,31200.0,0,2025-05-22 06:38:00
1747895940,31200.0,31200.0,31200.0,31200.0,0,2025-05-22 06:39:00
1747896000,31200.0,31200.0,31175.0,31200.0,8,2025-05-22 06:40:00
1747896060,31200.0,31200.0,31200.0,31200.0,2,2025-05-22 06:41:00
1747896120,31200.0,31200.0,31200.0,31200.0,0,2025-05-22 06:42:00
1747896180,31200.0,31200.0,31200.0,31200.0,1,2025-05-22 06:43:00
1747896240,31200.0,31200.0,31200.0,31200.0,0,2025-05-22 06:44:00
1747896300,31200.0,31200.0,31200.0,31200.0,0,2025-05-22 06:45:00
1747896360,31200.0,31200.0,31150.0,31175.0,21,2025-05-22 06:46:00
1747896420,31175.0,31175.0,31175.0,31175.0,1,2025-05-22 06:47:00
1747896480,31175.0,31175.0,31175.0,31175.0,1,2025-05-22 06:48:00
1747896540,31175.0,31175.0,31175.0,31175.0,0,2025-05-22 06:49:00
1747896600,31175.0,31200.0,31175.0,31200.0,1,2025-05-22 06:50:00
1747896660,31200.0,31200.0,31200.0,31200.0,1,2025-05-22 06:51:00
1747896720,31200.0,31200.0,31200.0,31200.0,26,2025-05-22 06:52:00
1747896780,31200.0,31200.0,31175.0,31175.0,7,2025-05-22 06:53:00
1747896840,31175.0,31195.0,31160.0,31195.0,2,2025-05-22 06:54:00
1747896900,31200.0,31200.0,31200.0,31200.0,12,2025-05-22 06:55:00
1747896960,31200.0,31200.0,31200.0,31200.0,112,2025-05-22 06:56:00
1747897020,31200.0,31240.0,31200.0,31240.0,2,2025-05-22 06:57:00
1747897080,31240.0,31240.0,31240.0,31240.0,0,2025-05-22 06:58:00
1747897140,31235.0,31235.0,31180.0,31180.0,20,2025-05-22 06:59:00
1747897200,31180.0,31245.0,31180.0,31245.0,11,2025-05-22 07:00:00
1747897260,31245.0,31245.0,31245.0,31245.0,0,2025-05-22 07:01:00
1747897320,31245.0,31250.0,31245.0,31250.0,1,2025-05-22 07:02:00
1747897380,31250.0,31250.0,31230.0,31230.0,6,2025-05-22 07:03:00
1747897440,31240.0,31245.0,31200.0,31200.0,23,2025-05-22 07:04:00
1747897500,31200.0,31200.0,31200.0,31200.0,5,2025-05-22 07:05:00
1747897560,31200.0,31200.0,31200.0,31200.0,0,2025-05-22 07:06:00
1747897620,31180.0,31200.0,31180.0,31200.0,10,2025-05-22 07:07:00
1747897680,31200.0,31200.0,31170.0,31170.0,2,2025-05-22 07:08:00
1747897740,31170.0,31200.0,31170.0,31200.0,1,2025-05-22 07:09:00
1747897800,31200.0,31200.0,31200.0,31200.0,1,2025-05-22 07:10:00
1747897860,31200.0,31200.0,31200.0,31200.0,0,2025-05-22 07:11:00
1747897920,31200.0,31200.0,31200.0,31200.0,0,2025-05-22 07:12:00
1747897980,31200.0,31200.0,31200.0,31200.0,0,2025-05-22 07:13:00
1747898040,31200.0,31200.0,31200.0,31200.0,0,2025-05-22 07:14:00
1747898100,31200.0,31200.0,31175.0,31175.0,6,2025-05-22 07:15:00
1747898160,31175.0,31200.0,31175.0,31200.0,2,2025-05-22 07:16:00
1747898220,31200.0,31200.0,31200.0,31200.0,0,2025-05-22 07:17:00
1747898280,31200.0,31200.0,31200.0,31200.0,0,2025-05-22 07:18:00
1747898340,31200.0,31200.0,31160.0,31195.0,9,2025-05-22 07:19:00
1747898400,31195.0,31195.0,31165.0,31165.0,4,2025-05-22 07:20:00
1747898460,31165.0,31190.0,31155.0,31155.0,5,2025-05-22 07:21:00
1747898520,31155.0,31190.0,31155.0,31190.0,4,2025-05-22 07:22:00
1747898580,31190.0,31190.0,31190.0,31190.0,0,2025-05-22 07:23:00
1747898640,31190.0,31190.0,31190.0,31190.0,1,2025-05-22 07:24:00
1747898700,31190.0,31195.0,31165.0,31195.0,5,2025-05-22 07:25:00
1747898760,31195.0,31195.0,31195.0,31195.0,0,2025-05-22 07:26:00
1747898820,31195.0,31195.0,31155.0,31155.0,1,2025-05-22 07:27:00
1747898880,31155.0,31155.0,31155.0,31155.0,0,2025-05-22 07:28:00
1747898940,31155.0,31155.0,31155.0,31155.0,0,2025-05-22 07:29:00
1747899000,31155.0,31155.0,31155.0,31155.0,1,2025-05-22 07:30:00
1747899060,31155.0,31155.0,31155.0,31155.0,0,2025-05-22 07:31:00
1747899120,31185.0,31185.0,31185.0,31185.0,1,2025-05-22 07:32:00
1747899180,31185.0,31185.0,31155.0,31185.0,6,2025-05-22 07:33:00
1747899240,31185.0,31185.0,31185.0,31185.0,0,2025-05-22 07:34:00
1747899300,31185.0,31185.0,31185.0,31185.0,0,2025-05-22 07:35:00
1747899360,31185.0,31185.0,31185.0,31185.0,1,2025-05-22 07:36:00
1747899420,31185.0,31185.0,31185.0,31185.0,0,2025-05-22 07:37:00
1747899480,31185.0,31185.0,31185.0,31185.0,0,2025-05-22 07:38:00
1747899540,31185.0,31185.0,31185.0,31185.0,0,2025-05-22 07:39:00
1747899600,31185.0,31185.0,31185.0,31185.0,0,2025-05-22 07:40:00
1747899660,31185.0,31185.0,31185.0,31185.0,4,2025-05-22 07:41:00
1747899720,31185.0,31185.0,31185.0,31185.0,0,2025-05-22 07:42:00
1747899780,31185.0,31185.0,31185.0,31185.0,1,2025-05-22 07:43:00
1747899840,31185.0,31185.0,31185.0,31185.0,0,2025-05-22 07:44:00
1747899900,31185.0,31185.0,31185.0,31185.0,0,2025-05-22 07:45:00
1747899960,31185.0,31185.0,31185.0,31185.0,0,2025-05-22 07:46:00
1747900020,31185.0,31185.0,31185.0,31185.0,0,2025-05-22 07:47:00
1747900080,31185.0,31185.0,31185.0,31185.0,0,2025-05-22 07:48:00
1747900140,31185.0,31185.0,31185.0,31185.0,13,2025-05-22 07:49:00
1747900200,31185.0,31185.0,31185.0,31185.0,2,2025-05-22 07:50:00
1747900260,31185.0,31185.0,31185.0,31185.0,0,2025-05-22 07:51:00
1747900320,31185.0,31185.0,31185.0,31185.0,0,2025-05-22 07:52:00
1747900380,31185.0,31185.0,31185.0,31185.0,0,2025-05-22 07:53:00
1747900440,31185.0,31185.0,31185.0,31185.0,0,2025-05-22 07:54:00
1747900500,31185.0,31185.0,31185.0,31185.0,0,2025-05-22 07:55:00
1747900560,31185.0,31185.0,31135.0,31180.0,44,2025-05-22 07:56:00
1747900620,31180.0,31180.0,31180.0,31180.0,0,2025-05-22 07:57:00
1747900680,31180.0,31180.0,31180.0,31180.0,0,2025-05-22 07:58:00
1747900740,31180.0,31185.0,31180.0,31185.0,5,2025-05-22 07:59:00
1747900800,31180.0,31180.0,31150.0,31150.0,6,2025-05-22 08:00:00
1747900860,31150.0,31180.0,31150.0,31180.0,1,2025-05-22 08:01:00
1747900920,31180.0,31180.0,31145.0,31145.0,1,2025-05-22 08:02:00
1747900980,31145.0,31145.0,31145.0,31145.0,0,2025-05-22 08:03:00
1747901040,31145.0,31145.0,31140.0,31140.0,4,2025-05-22 08:04:00
1747901100,31140.0,31140.0,31140.0,31140.0,0,2025-05-22 08:05:00
1747901160,31140.0,31140.0,31140.0,31140.0,0,2025-05-22 08:06:00
1747901220,31140.0,31140.0,31140.0,31140.0,10,2025-05-22 08:07:00
1747901280,31140.0,31170.0,31140.0,31170.0,1,2025-05-22 08:08:00
1747901340,31170.0,31170.0,31170.0,31170.0,0,2025-05-22 08:09:00
1747901400,31170.0,31185.0,31170.0,31185.0,19,2025-05-22 08:10:00
1747901460,31185.0,31185.0,31185.0,31185.0,26,2025-05-22 08:11:00
1747901520,31185.0,31185.0,31155.0,31155.0,13,2025-05-22 08:12:00
1747901580,31155.0,31155.0,31155.0,31155.0,0,2025-05-22 08:13:00
1747901640,31155.0,31155.0,31155.0,31155.0,0,2025-05-22 08:14:00
1747901700,31155.0,31185.0,31155.0,31185.0,1,2025-05-22 08:15:00
1747901760,31185.0,31185.0,31185.0,31185.0,1,2025-05-22 08:16:00
1747901820,31185.0,31185.0,31185.0,31185.0,197,2025-05-22 08:17:00
1747901880,31185.0,31185.0,31175.0,31175.0,10,2025-05-22 08:18:00
1747901940,31175.0,31175.0,31175.0,31175.0,2,2025-05-22 08:19:00
1747902000,31175.0,31175.0,31125.0,31125.0,4,2025-05-22 08:20:00
1747902060,31125.0,31150.0,31125.0,31150.0,1,2025-05-22 08:21:00
1747902120,31150.0,31150.0,31130.0,31130.0,6,2025-05-22 08:22:00
1747902180,31130.0,31130.0,31125.0,31130.0,4,2025-05-22 08:23:00
1747902240,31130.0,31130.0,31130.0,31130.0,0,2025-05-22 08:24:00
1747902300,31130.0,31150.0,31130.0,31150.0,1,2025-05-22 08:25:00
1747902360,31150.0,31175.0,31150.0,31175.0,20,2025-05-22 08:26:00
1747902420,31175.0,31175.0,31175.0,31175.0,0,2025-05-22 08:27:00
1747902480,31175.0,31175.0,31175.0,31175.0,4,2025-05-22 08:28:00
1747902540,31175.0,31175.0,31175.0,31175.0,0,2025-05-22 08:29:00
1747902600,31175.0,31175.0,31175.0,31175.0,0,2025-05-22 08:30:00
1747902660,31175.0,31175.0,31170.0,31170.0,1,2025-05-22 08:31:00
1747902720,31170.0,31170.0,31145.0,31145.0,2,2025-05-22 08:32:00
1747902780,31145.0,31145.0,31135.0,31135.0,12,2025-05-22 08:33:00
1747902840,31135.0,31135.0,31135.0,31135.0,0,2025-05-22 08:34:00
1747902900,31135.0,31135.0,31135.0,31135.0,6,2025-05-22 08:35:00
1747902960,31135.0,31135.0,31135.0,31135.0,0,2025-05-22 08:36:00
1747903020,31135.0,31135.0,31115.0,31115.0,8,2025-05-22 08:37:00
1747903080,31115.0,31120.0,31115.0,31120.0,12,2025-05-22 08:38:00
1747903140,31120.0,31120.0,31100.0,31100.0,9,2025-05-22 08:39:00
1747903200,31100.0,31100.0,31080.0,31080.0,18,2025-05-22 08:40:00
1747903260,31080.0,31080.0,30920.0,30920.0,398,2025-05-22 08:41:00
1747903320,30915.0,30940.0,30855.0,30855.0,107,2025-05-22 08:42:00
1747903380,30855.0,30855.0,30825.0,30835.0,26,2025-05-22 08:43:00
1747903440,30835.0,30895.0,30835.0,30835.0,39,2025-05-22 08:44:00
1747903500,30895.0,30895.0,30825.0,30825.0,85,2025-05-22 08:45:00
1747903560,30825.0,30855.0,30825.0,30855.0,42,2025-05-22 08:46:00
1747903620,30855.0,30855.0,30750.0,30765.0,70,2025-05-22 08:47:00
1747903680,30765.0,30795.0,30755.0,30795.0,23,2025-05-22 08:48:00
1747903740,30795.0,30920.0,30755.0,30860.0,135,2025-05-22 08:49:00
1747903800,30860.0,30985.0,30860.0,30975.0,35,2025-05-22 08:50:00
1747903860,30975.0,30975.0,30905.0,30905.0,27,2025-05-22 08:51:00
1747903920,30945.0,30945.0,30930.0,30930.0,2,2025-05-22 08:52:00
1747903980,30930.0,30935.0,30930.0,30935.0,2,2025-05-22 08:53:00
1747904040,30935.0,30935.0,30935.0,30935.0,0,2025-05-22 08:54:00
1747904100,30935.0,30935.0,30900.0,30900.0,6,2025-05-22 08:55:00
1747904160,30900.0,30925.0,30890.0,30925.0,4,2025-05-22 08:56:00
1747904220,30950.0,30985.0,30950.0,30965.0,72,2025-05-22 08:57:00
1747904280,30965.0,30980.0,30955.0,30955.0,29,2025-05-22 08:58:00
1747904340,30955.0,30955.0,30940.0,30950.0,12,2025-05-22 08:59:00
1747904400,30950.0,30950.0,30940.0,30940.0,4,2025-05-22 09:00:00
1747904460,30940.0,30940.0,30900.0,30900.0,15,2025-05-22 09:01:00
1747904520,30900.0,30900.0,30900.0,30900.0,0,2025-05-22 09:02:00
1747904580,30900.0,30900.0,30900.0,30900.0,1,2025-05-22 09:03:00
1747904640,30900.0,30900.0,30860.0,30860.0,6,2025-05-22 09:04:00
1747904700,30840.0,30900.0,30840.0,30900.0,8,2025-05-22 09:05:00
1747904760,30900.0,30915.0,30900.0,30915.0,3,2025-05-22 09:06:00
1747904820,30915.0,30915.0,30830.0,30830.0,37,2025-05-22 09:07:00
1747904880,30830.0,30870.0,30825.0,30870.0,79,2025-05-22 09:08:00
1747904940,30870.0,30880.0,30870.0,30880.0,1,2025-05-22 09:09:00
1747905000,30880.0,30925.0,30880.0,30925.0,3,2025-05-22 09:10:00
1747905060,30925.0,30940.0,30900.0,30915.0,16,2025-05-22 09:11:00
1747905120,30915.0,30915.0,30915.0,30915.0,0,2025-05-22 09:12:00
1747905180,30915.0,30955.0,30915.0,30955.0,18,2025-05-22 09:13:00
1747905240,30955.0,30970.0,30955.0,30955.0,5,2025-05-22 09:14:00
1747905300,30955.0,30955.0,30955.0,30955.0,0,2025-05-22 09:15:00
1747905360,30955.0,30955.0,30940.0,30940.0,4,2025-05-22 09:16:00
1747905420,30940.0,30940.0,30940.0,30940.0,0,2025-05-22 09:17:00
1747905480,30940.0,30940.0,30940.0,30940.0,5,2025-05-22 09:18:00
1747905540,30940.0,30940.0,30940.0,30940.0,0,2025-05-22 09:19:00
1747905600,30940.0,30940.0,30940.0,30940.0,0,2025-05-22 09:20:00
1747905660,30940.0,30955.0,30900.0,30900.0,16,2025-05-22 09:21:00
1747905720,30900.0,30900.0,30900.0,30900.0,32,2025-05-22 09:22:00
1747905780,30900.0,30900.0,30825.0,30850.0,50,2025-05-22 09:23:00
1747905840,30850.0,30900.0,30845.0,30900.0,10,2025-05-22 09:24:00
1747905900,30900.0,30900.0,30895.0,30895.0,1,2025-05-22 09:25:00
1747905960,30875.0,30940.0,30875.0,30940.0,9,2025-05-22 09:26:00
1747906020,30940.0,30940.0,30940.0,30940.0,2,2025-05-22 09:27:00
1747906080,30940.0,30940.0,30940.0,30940.0,0,2025-05-22 09:28:00
1747906140,30940.0,30940.0,30940.0,30940.0,1,2025-05-22 09:29:00
1747906200,30935.0,30945.0,30935.0,30945.0,14,2025-05-22 09:30:00
1747906260,30945.0,30945.0,30945.0,30945.0,0,2025-05-22 09:31:00
1747906320,30945.0,30970.0,30945.0,30965.0,3,2025-05-22 09:32:00
1747906380,30965.0,30965.0,30945.0,30945.0,31,2025-05-22 09:33:00
1747906440,30945.0,30960.0,30940.0,30940.0,27,2025-05-22 09:34:00
1747906500,30940.0,30945.0,30940.0,30945.0,2,2025-05-22 09:35:00
1747906560,30945.0,30945.0,30945.0,30945.0,2,2025-05-22 09:36:00
1747906620,30945.0,30945.0,30945.0,30945.0,0,2025-05-22 09:37:00
1747906680,30945.0,30945.0,30885.0,30885.0,11,2025-05-22 09:38:00
1747906740,30885.0,31045.0,30885.0,31025.0,144,2025-05-22 09:39:00
1747906800,30985.0,31020.0,30980.0,31010.0,8,2025-05-22 09:40:00
1747906860,31010.0,31100.0,31010.0,31100.0,99,2025-05-22 09:41:00
1747906920,31090.0,31090.0,31055.0,31055.0,11,2025-05-22 09:42:00
1747906980,31055.0,31090.0,31055.0,31055.0,3,2025-05-22 09:43:00
1747907040,31055.0,31090.0,31050.0,31050.0,45,2025-05-22 09:44:00
1747907100,31050.0,31190.0,31050.0,31190.0,198,2025-05-22 09:45:00
1747907160,31190.0,31190.0,31120.0,31150.0,727,2025-05-22 09:46:00
1747907220,31150.0,31185.0,31150.0,31150.0,683,2025-05-22 09:47:00
1747907280,31150.0,31195.0,31050.0,31195.0,340,2025-05-22 09:48:00
1747907340,31200.0,31245.0,31200.0,31200.0,116,2025-05-22 09:49:00
1747907400,31240.0,31245.0,31200.0,31245.0,82,2025-05-22 09:50:00
1747907460,31245.0,31245.0,31200.0,31200.0,521,2025-05-22 09:51:00
1747907520,31200.0,31200.0,31200.0,31200.0,60,2025-05-22 09:52:00
1747907580,31200.0,31200.0,31050.0,31050.0,132,2025-05-22 09:53:00
1747907640,31140.0,31170.0,31005.0,31170.0,40,2025-05-22 09:54:00
1747907700,31060.0,31060.0,31060.0,31060.0,2,2025-05-22 09:55:00
1747907760,31160.0,31160.0,31160.0,31160.0,4,2025-05-22 09:56:00
1747907820,31165.0,31165.0,31060.0,31070.0,21,2025-05-22 09:57:00
1747907880,31065.0,31065.0,31060.0,31065.0,20,2025-05-22 09:58:00
1747907940,31065.0,31075.0,31065.0,31075.0,2,2025-05-22 09:59:00
1747971900,31200.0,31245.0,31075.0,31120.0,351,2025-05-23 03:45:00
1747971960,31120.0,31120.0,31035.0,31060.0,60,2025-05-23 03:46:00
1747972020,31060.0,31060.0,30945.0,31000.0,47,2025-05-23 03:47:00
1747972080,31000.0,31095.0,31000.0,31020.0,48,2025-05-23 03:48:00
1747972140,31045.0,31065.0,30995.0,30995.0,15,2025-05-23 03:49:00
1747972200,30995.0,31090.0,30995.0,31085.0,21,2025-05-23 03:50:00
1747972260,31085.0,31145.0,31085.0,31110.0,11,2025-05-23 03:51:00
1747972320,31110.0,31110.0,31060.0,31060.0,9,2025-05-23 03:52:00
1747972380,31060.0,31090.0,31005.0,31010.0,20,2025-05-23 03:53:00
1747972440,31010.0,31105.0,31010.0,31105.0,3,2025-05-23 03:54:00
1747972500,31075.0,31075.0,31060.0,31060.0,6,2025-05-23 03:55:00
1747972560,31060.0,31060.0,31005.0,31060.0,8,2025-05-23 03:56:00
1747972620,31060.0,31060.0,31025.0,31025.0,1,2025-05-23 03:57:00
1747972680,31025.0,31045.0,31015.0,31045.0,8,2025-05-23 03:58:00
1747972740,31045.0,31045.0,31045.0,31045.0,1,2025-05-23 03:59:00
1747972800,31045.0,31075.0,31045.0,31060.0,2,2025-05-23 04:00:00
1747972860,31060.0,31060.0,31035.0,31035.0,1,2025-05-23 04:01:00
1747972920,31035.0,31050.0,31035.0,31050.0,5,2025-05-23 04:02:00
1747972980,31050.0,31050.0,31050.0,31050.0,0,2025-05-23 04:03:00
1747973040,31050.0,31050.0,31050.0,31050.0,2,2025-05-23 04:04:00
1747973100,31050.0,31065.0,31050.0,31065.0,5,2025-05-23 04:05:00
1747973160,31065.0,31065.0,31065.0,31065.0,1,2025-05-23 04:06:00
1747973220,31065.0,31065.0,31065.0,31065.0,0,2025-05-23 04:07:00
1747973280,31065.0,31065.0,31015.0,31055.0,7,2025-05-23 04:08:00
1747973340,31055.0,31070.0,31055.0,31070.0,19,2025-05-23 04:09:00
1747973400,31070.0,31075.0,31060.0,31075.0,12,2025-05-23 04:10:00
1747973460,31070.0,31070.0,31050.0,31050.0,12,2025-05-23 04:11:00
1747973520,31050.0,31050.0,30915.0,31005.0,80,2025-05-23 04:12:00
1747973580,31005.0,31005.0,30955.0,30960.0,5,2025-05-23 04:13:00
1747973640,30970.0,30995.0,30970.0,30980.0,26,2025-05-23 04:14:00
1747973700,30980.0,30980.0,30945.0,30945.0,10,2025-05-23 04:15:00
1747973760,30960.0,30980.0,30960.0,30980.0,20,2025-05-23 04:16:00
1747973820,30980.0,30980.0,30955.0,30955.0,5,2025-05-23 04:17:00
1747973880,30955.0,30990.0,30955.0,30990.0,2,2025-05-23 04:18:00
1747973940,30990.0,30990.0,30970.0,30980.0,9,2025-05-23 04:19:00
1747974000,30980.0,30980.0,30980.0,30980.0,0,2025-05-23 04:20:00
1747974060,31000.0,31000.0,31000.0,31000.0,19,2025-05-23 04:21:00
1747974120,31000.0,31000.0,31000.0,31000.0,0,2025-05-23 04:22:00
1747974180,31000.0,31000.0,30985.0,30985.0,1,2025-05-23 04:23:00
1747974240,30985.0,30985.0,30985.0,30985.0,2,2025-05-23 04:24:00
1747974300,30985.0,30985.0,30955.0,30955.0,78,2025-05-23 04:25:00
1747974360,30955.0,30985.0,30915.0,30915.0,57,2025-05-23 04:26:00
1747974420,30915.0,30960.0,30915.0,30915.0,3,2025-05-23 04:27:00
1747974480,30915.0,30960.0,30915.0,30960.0,16,2025-05-23 04:28:00
1747974540,30960.0,30960.0,30960.0,30960.0,0,2025-05-23 04:29:00
1747974600,30955.0,30955.0,30930.0,30930.0,6,2025-05-23 04:30:00
1747974660,30920.0,30945.0,30910.0,30910.0,42,2025-05-23 04:31:00
1747974720,30910.0,30945.0,30860.0,30945.0,112,2025-05-23 04:32:00
1747974780,30945.0,30945.0,30945.0,30945.0,2,2025-05-23 04:33:00
1747974840,30945.0,30960.0,30945.0,30960.0,2,2025-05-23 04:34:00
1747974900,30960.0,30960.0,30960.0,30960.0,1,2025-05-23 04:35:00
1747974960,30960.0,30960.0,30960.0,30960.0,3,2025-05-23 04:36:00
1747975020,30945.0,30945.0,30945.0,30945.0,2,2025-05-23 04:37:00
1747975080,30945.0,30945.0,30945.0,30945.0,0,2025-05-23 04:38:00
1747975140,30945.0,30945.0,30905.0,30905.0,4,2025-05-23 04:39:00
1747975200,30905.0,30905.0,30905.0,30905.0,6,2025-05-23 04:40:00
1747975260,30905.0,30905.0,30865.0,30865.0,26,2025-05-23 04:41:00
1747975320,30865.0,30895.0,30855.0,30855.0,81,2025-05-23 04:42:00
1747975380,30890.0,30910.0,30890.0,30890.0,8,2025-05-23 04:43:00
1747975440,30890.0,30945.0,30890.0,30945.0,40,2025-05-23 04:44:00
1747975500,30945.0,30945.0,30915.0,30915.0,1,2025-05-23 04:45:00
1747975560,30915.0,30945.0,30905.0,30905.0,11,2025-05-23 04:46:00
1747975620,30905.0,30905.0,30905.0,30905.0,0,2025-05-23 04:47:00
1747975680,30905.0,30950.0,30905.0,30925.0,4,2025-05-23 04:48:00
1747975740,30925.0,30950.0,30925.0,30950.0,2,2025-05-23 04:49:00
1747975800,30950.0,30955.0,30915.0,30955.0,4,2025-05-23 04:50:00
1747975860,30955.0,30955.0,30955.0,30955.0,8,2025-05-23 04:51:00
1747975920,31015.0,31040.0,31015.0,31040.0,51,2025-05-23 04:52:00
1747975980,31040.0,31040.0,30930.0,30985.0,28,2025-05-23 04:53:00
1747976040,30985.0,30990.0,30985.0,30990.0,1,2025-05-23 04:54:00
1747976100,30955.0,30995.0,30955.0,30995.0,2,2025-05-23 04:55:00
1747976160,30995.0,30995.0,30995.0,30995.0,2,2025-05-23 04:56:00
1747976220,30995.0,30995.0,30995.0,30995.0,0,2025-05-23 04:57:00
1747976280,30995.0,30995.0,30995.0,30995.0,3,2025-05-23 04:58:00
1747976340,30995.0,30995.0,30930.0,30995.0,11,2025-05-23 04:59:00
1747976400,30995.0,30995.0,30960.0,30960.0,3,2025-05-23 05:00:00
1747976460,30960.0,31045.0,30960.0,30965.0,32,2025-05-23 05:01:00
1747976520,30965.0,30965.0,30965.0,30965.0,0,2025-05-23 05:02:00
1747976580,30965.0,31015.0,30965.0,31015.0,2,2025-05-23 05:03:00
1747976640,31015.0,31015.0,31015.0,31015.0,0,2025-05-23 05:04:00
1747976700,31015.0,31015.0,31015.0,31015.0,0,2025-05-23 05:05:00
1747976760,31015.0,31015.0,31015.0,31015.0,2,2025-05-23 05:06:00
1747976820,31015.0,31015.0,30955.0,30955.0,15,2025-05-23 05:07:00
1747976880,30955.0,30955.0,30955.0,30955.0,0,2025-05-23 05:08:00
1747976940,30955.0,30955.0,30955.0,30955.0,0,2025-05-23 05:09:00
1747977000,30955.0,30995.0,30955.0,30960.0,6,2025-05-23 05:10:00
1747977060,30960.0,30960.0,30960.0,30960.0,0,2025-05-23 05:11:00
1747977120,30960.0,30960.0,30960.0,30960.0,0,2025-05-23 05:12:00
1747977180,30960.0,30995.0,30960.0,30995.0,2,2025-05-23 05:13:00
1747977240,30995.0,31025.0,30995.0,31025.0,7,2025-05-23 05:14:00
1747977300,31025.0,31025.0,31025.0,31025.0,0,2025-05-23 05:15:00
1747977360,31025.0,31025.0,31025.0,31025.0,0,2025-05-23 05:16:00
1747977420,31025.0,31025.0,31025.0,31025.0,0,2025-05-23 05:17:00
1747977480,31025.0,31025.0,31025.0,31025.0,1,2025-05-23 05:18:00
1747977540,31025.0,31025.0,31010.0,31010.0,6,2025-05-23 05:19:00
1747977600,31010.0,31010.0,31010.0,31010.0,0,2025-05-23 05:20:00
1747977660,31010.0,31010.0,31005.0,31005.0,26,2025-05-23 05:21:00
1747977720,31005.0,31005.0,31005.0,31005.0,0,2025-05-23 05:22:00
1747977780,31005.0,31025.0,31005.0,31025.0,4,2025-05-23 05:23:00
1747977840,31025.0,31040.0,30995.0,30995.0,11,2025-05-23 05:24:00
1747977900,30995.0,31000.0,30995.0,31000.0,1,2025-05-23 05:25:00
1747977960,31000.0,31000.0,30995.0,31000.0,15,2025-05-23 05:26:00
1747978020,31000.0,31000.0,30975.0,30975.0,1,2025-05-23 05:27:00
1747978080,30975.0,30975.0,30975.0,30975.0,0,2025-05-23 05:28:00
1747978140,30975.0,31000.0,30975.0,31000.0,1,2025-05-23 05:29:00
1747978200,31000.0,31000.0,30970.0,30970.0,1,2025-05-23 05:30:00
1747978260,30970.0,30970.0,30960.0,30960.0,3,2025-05-23 05:31:00
1747978320,30960.0,31000.0,30960.0,30960.0,23,2025-05-23 05:32:00
1747978380,30960.0,30960.0,30960.0,30960.0,1,2025-05-23 05:33:00
1747978440,30960.0,30995.0,30960.0,30995.0,1,2025-05-23 05:34:00
1747978500,30995.0,30995.0,30955.0,30955.0,6,2025-05-23 05:35:00
1747978560,30955.0,30955.0,30955.0,30955.0,0,2025-05-23 05:36:00
1747978620,30955.0,30955.0,30955.0,30955.0,4,2025-05-23 05:37:00
1747978680,30955.0,30955.0,30955.0,30955.0,8,2025-05-23 05:38:00
1747978740,30955.0,30995.0,30955.0,30995.0,1,2025-05-23 05:39:00
1747978800,30995.0,30995.0,30950.0,30950.0,1,2025-05-23 05:40:00
1747978860,30950.0,30950.0,30920.0,30920.0,41,2025-05-23 05:41:00
1747978920,30920.0,30920.0,30920.0,30920.0,0,2025-05-23 05:42:00
1747978980,30920.0,30960.0,30920.0,30960.0,1,2025-05-23 05:43:00
1747979040,30960.0,30960.0,30915.0,30915.0,6,2025-05-23 05:44:00
1747979100,30915.0,30955.0,30915.0,30955.0,5,2025-05-23 05:45:00
1747979160,30955.0,30960.0,30920.0,30920.0,18,2025-05-23 05:46:00
1747979220,30920.0,30920.0,30920.0,30920.0,0,2025-05-23 05:47:00
1747979280,30920.0,30920.0,30920.0,30920.0,0,2025-05-23 05:48:00
1747979340,30920.0,30920.0,30920.0,30920.0,14,2025-05-23 05:49:00
1747979400,30920.0,30955.0,30905.0,30905.0,37,2025-05-23 05:50:00
1747979460,30905.0,30905.0,30905.0,30905.0,5,2025-05-23 05:51:00
1747979520,30905.0,30955.0,30905.0,30955.0,1,2025-05-23 05:52:00
1747979580,30955.0,30955.0,30955.0,30955.0,0,2025-05-23 05:53:00
1747979640,30955.0,30955.0,30910.0,30950.0,8,2025-05-23 05:54:00
1747979700,30950.0,30950.0,30950.0,30950.0,1,2025-05-23 05:55:00
1747979760,30950.0,30950.0,30920.0,30920.0,6,2025-05-23 05:56:00
1747979820,30920.0,30920.0,30920.0,30920.0,0,2025-05-23 05:57:00
1747979880,30920.0,30940.0,30920.0,30940.0,1,2025-05-23 05:58:00
1747979940,30955.0,30970.0,30940.0,30940.0,20,2025-05-23 05:59:00
1747980000,30940.0,30990.0,30940.0,30990.0,1,2025-05-23 06:00:00
1747980060,30990.0,30990.0,30935.0,30935.0,9,2025-05-23 06:01:00
1747980120,30930.0,30930.0,30925.0,30925.0,2,2025-05-23 06:02:00
1747980180,30925.0,30965.0,30920.0,30965.0,23,2025-05-23 06:03:00
1747980240,30965.0,30965.0,30920.0,30920.0,5,2025-05-23 06:04:00
1747980300,30920.0,30995.0,30920.0,30995.0,11,2025-05-23 06:05:00
1747980360,30995.0,30995.0,30930.0,30930.0,6,2025-05-23 06:06:00
1747980420,30930.0,30930.0,30930.0,30930.0,0,2025-05-23 06:07:00
1747980480,30925.0,30925.0,30925.0,30925.0,6,2025-05-23 06:08:00
1747980540,30925.0,30925.0,30920.0,30920.0,7,2025-05-23 06:09:00
1747980600,30920.0,30965.0,30920.0,30965.0,3,2025-05-23 06:10:00
1747980660,30965.0,30965.0,30925.0,30925.0,5,2025-05-23 06:11:00
1747980720,30925.0,30925.0,30925.0,30925.0,0,2025-05-23 06:12:00
1747980780,30925.0,30925.0,30925.0,30925.0,0,2025-05-23 06:13:00
1747980840,30925.0,30925.0,30925.0,30925.0,10,2025-05-23 06:14:00
1747980900,30925.0,30925.0,30920.0,30920.0,1,2025-05-23 06:15:00
1747980960,30920.0,30960.0,30920.0,30960.0,1,2025-05-23 06:16:00
1747981020,30960.0,30960.0,30910.0,30910.0,48,2025-05-23 06:17:00
1747981080,30960.0,30960.0,30915.0,30945.0,3,2025-05-23 06:18:00
1747981140,30945.0,30945.0,30910.0,30910.0,12,2025-05-23 06:19:00
1747981200,30910.0,30910.0,30905.0,30905.0,5,2025-05-23 06:20:00
1747981260,30905.0,30905.0,30905.0,30905.0,0,2025-05-23 06:21:00
1747981320,30905.0,30930.0,30900.0,30900.0,21,2025-05-23 06:22:00
1747981380,30900.0,30920.0,30900.0,30920.0,2,2025-05-23 06:23:00
1747981440,30920.0,30920.0,30890.0,30890.0,33,2025-05-23 06:24:00
1747981500,30890.0,30910.0,30890.0,30910.0,46,2025-05-23 06:25:00
1747981560,30910.0,30910.0,30910.0,30910.0,3,2025-05-23 06:26:00
1747981620,30910.0,30910.0,30890.0,30890.0,6,2025-05-23 06:27:00
1747981680,30890.0,30890.0,30890.0,30890.0,0,2025-05-23 06:28:00
1747981740,30890.0,30890.0,30890.0,30890.0,0,2025-05-23 06:29:00
1747981800,30890.0,30940.0,30890.0,30890.0,6,2025-05-23 06:30:00
1747981860,30890.0,30955.0,30890.0,30955.0,8,2025-05-23 06:31:00
1747981920,30905.0,30950.0,30905.0,30950.0,4,2025-05-23 06:32:00
1747981980,30950.0,30950.0,30900.0,30900.0,8,2025-05-23 06:33:00
1747982040,30900.0,30900.0,30900.0,30900.0,4,2025-05-23 06:34:00
1747982100,30900.0,30900.0,30900.0,30900.0,5,2025-05-23 06:35:00
1747982160,30900.0,30950.0,30900.0,30950.0,1,2025-05-23 06:36:00
1747982220,30950.0,30950.0,30905.0,30905.0,3,2025-05-23 06:37:00
1747982280,30905.0,30905.0,30900.0,30900.0,6,2025-05-23 06:38:00
1747982340,30900.0,30900.0,30900.0,30900.0,4,2025-05-23 06:39:00
1747982400,30900.0,30900.0,30890.0,30900.0,54,2025-05-23 06:40:00
1747982460,30900.0,30900.0,30895.0,30895.0,5,2025-05-23 06:41:00
1747982520,30895.0,30905.0,30895.0,30905.0,1,2025-05-23 06:42:00
1747982580,30905.0,30935.0,30900.0,30900.0,7,2025-05-23 06:43:00
1747982640,30900.0,30990.0,30900.0,30990.0,30,2025-05-23 06:44:00
1747982700,30990.0,30990.0,30905.0,30905.0,6,2025-05-23 06:45:00
1747982760,30905.0,30945.0,30905.0,30945.0,7,2025-05-23 06:46:00
1747982820,30945.0,30945.0,30940.0,30940.0,1,2025-05-23 06:47:00
1747982880,30940.0,30940.0,30940.0,30940.0,0,2025-05-23 06:48:00
1747982940,30940.0,30940.0,30895.0,30895.0,6,2025-05-23 06:49:00
1747983000,30895.0,30935.0,30895.0,30935.0,1,2025-05-23 06:50:00
1747983060,30935.0,30935.0,30905.0,30905.0,7,2025-05-23 06:51:00
1747983120,30905.0,30905.0,30895.0,30895.0,5,2025-05-23 06:52:00
1747983180,30895.0,30945.0,30895.0,30945.0,1,2025-05-23 06:53:00
1747983240,30945.0,30945.0,30895.0,30895.0,5,2025-05-23 06:54:00
1747983300,30895.0,30900.0,30895.0,30900.0,2,2025-05-23 06:55:00
1747983360,30900.0,30930.0,30900.0,30905.0,9,2025-05-23 06:56:00
1747983420,30905.0,30905.0,30905.0,30905.0,5,2025-05-23 06:57:00
1747983480,30935.0,30935.0,30935.0,30935.0,1,2025-05-23 06:58:00
1747983540,30935.0,30935.0,30935.0,30935.0,0,2025-05-23 06:59:00
1747983600,30935.0,30935.0,30905.0,30905.0,7,2025-05-23 07:00:00
1747983660,30905.0,30905.0,30905.0,30905.0,0,2025-05-23 07:01:00
1747983720,30905.0,30905.0,30905.0,30905.0,5,2025-05-23 07:02:00
1747983780,30905.0,30905.0,30905.0,30905.0,1,2025-05-23 07:03:00
1747983840,30905.0,30905.0,30905.0,30905.0,0,2025-05-23 07:04:00
1747983900,30905.0,30955.0,30905.0,30905.0,10,2025-05-23 07:05:00
1747983960,30905.0,30905.0,30905.0,30905.0,0,2025-05-23 07:06:00
1747984020,30905.0,30905.0,30905.0,30905.0,1,2025-05-23 07:07:00
1747984080,30905.0,30905.0,30905.0,30905.0,11,2025-05-23 07:08:00
1747984140,30905.0,30905.0,30905.0,30905.0,0,2025-05-23 07:09:00
1747984200,30905.0,30905.0,30905.0,30905.0,0,2025-05-23 07:10:00
1747984260,30905.0,30905.0,30870.0,30870.0,36,2025-05-23 07:11:00
1747984320,30870.0,30915.0,30870.0,30915.0,1,2025-05-23 07:12:00
1747984380,30915.0,30915.0,30885.0,30885.0,1,2025-05-23 07:13:00
1747984440,30885.0,30885.0,30870.0,30870.0,5,2025-05-23 07:14:00
1747984500,30870.0,30870.0,30870.0,30870.0,0,2025-05-23 07:15:00
1747984560,30875.0,30925.0,30875.0,30875.0,12,2025-05-23 07:16:00
1747984620,30875.0,30925.0,30875.0,30925.0,1,2025-05-23 07:17:00
1747984680,30925.0,30925.0,30900.0,30920.0,2,2025-05-23 07:18:00
1747984740,30920.0,30920.0,30870.0,30870.0,5,2025-05-23 07:19:00
1747984800,30870.0,30870.0,30870.0,30870.0,0,2025-05-23 07:20:00
1747984860,30870.0,30915.0,30870.0,30915.0,1,2025-05-23 07:21:00
1747984920,30915.0,30915.0,30870.0,30870.0,5,2025-05-23 07:22:00
1747984980,30870.0,30880.0,30870.0,30880.0,71,2025-05-23 07:23:00
1747985040,30880.0,30890.0,30880.0,30890.0,10,2025-05-23 07:24:00
1747985100,30890.0,30890.0,30860.0,30860.0,34,2025-05-23 07:25:00
1747985160,30860.0,30860.0,30860.0,30860.0,0,2025-05-23 07:26:00
1747985220,30860.0,30860.0,30860.0,30860.0,3,2025-05-23 07:27:00
1747985280,30860.0,30900.0,30860.0,30900.0,13,2025-05-23 07:28:00
1747985340,30900.0,30900.0,30900.0,30900.0,1,2025-05-23 07:29:00
1747985400,30900.0,30900.0,30900.0,30900.0,2,2025-05-23 07:30:00
1747985460,30900.0,30900.0,30855.0,30865.0,8,2025-05-23 07:31:00
1747985520,30905.0,30905.0,30870.0,30870.0,12,2025-05-23 07:32:00
1747985580,30870.0,30910.0,30870.0,30910.0,6,2025-05-23 07:33:00
1747985640,30910.0,30920.0,30910.0,30915.0,7,2025-05-23 07:34:00
1747985700,30915.0,30915.0,30880.0,30880.0,3,2025-05-23 07:35:00
1747985760,30880.0,30880.0,30880.0,30880.0,7,2025-05-23 07:36:00
1747985820,30880.0,30880.0,30865.0,30880.0,12,2025-05-23 07:37:00
1747985880,30880.0,30905.0,30860.0,30905.0,10,2025-05-23 07:38:00
1747985940,30905.0,30910.0,30855.0,30855.0,44,2025-05-23 07:39:00
1747986000,30855.0,30855.0,30855.0,30855.0,1,2025-05-23 07:40:00
1747986060,30855.0,30885.0,30855.0,30885.0,12,2025-05-23 07:41:00
1747986120,30885.0,30885.0,30855.0,30885.0,6,2025-05-23 07:42:00
1747986180,30885.0,30885.0,30830.0,30830.0,56,2025-05-23 07:43:00
1747986240,30815.0,30815.0,30815.0,30815.0,37,2025-05-23 07:44:00
1747986300,30815.0,30815.0,30805.0,30805.0,7,2025-05-23 07:45:00
1747986360,30805.0,30845.0,30805.0,30845.0,5,2025-05-23 07:46:00
1747986420,30845.0,30845.0,30805.0,30805.0,6,2025-05-23 07:47:00
1747986480,30850.0,30850.0,30850.0,30850.0,7,2025-05-23 07:48:00
1747986540,30850.0,30850.0,30850.0,30850.0,4,2025-05-23 07:49:00
1747986600,30850.0,30850.0,30805.0,30805.0,43,2025-05-23 07:50:00
1747986660,30805.0,30840.0,30805.0,30840.0,1,2025-05-23 07:51:00
1747986720,30840.0,30840.0,30805.0,30805.0,1,2025-05-23 07:52:00
1747986780,30805.0,30805.0,30800.0,30805.0,7,2025-05-23 07:53:00
1747986840,30805.0,30805.0,30805.0,30805.0,0,2025-05-23 07:54:00
1747986900,30805.0,30805.0,30805.0,30805.0,0,2025-05-23 07:55:00
1747986960,30800.0,30800.0,30800.0,30800.0,72,2025-05-23 07:56:00
1747987020,30800.0,30800.0,30800.0,30800.0,0,2025-05-23 07:57:00
1747987080,30800.0,30830.0,30800.0,30800.0,6,2025-05-23 07:58:00
1747987140,30800.0,30800.0,30800.0,30800.0,0,2025-05-23 07:59:00
1747987200,30800.0,30830.0,30800.0,30830.0,14,2025-05-23 08:00:00
1747987260,30805.0,30805.0,30800.0,30800.0,6,2025-05-23 08:01:00
1747987320,30800.0,30840.0,30800.0,30830.0,15,2025-05-23 08:02:00
1747987380,30830.0,30830.0,30830.0,30830.0,2,2025-05-23 08:03:00
1747987440,30830.0,30830.0,30800.0,30800.0,16,2025-05-23 08:04:00
1747987500,30800.0,30840.0,30800.0,30835.0,3,2025-05-23 08:05:00
1747987560,30835.0,30835.0,30800.0,30830.0,8,2025-05-23 08:06:00
1747987620,30830.0,30850.0,30830.0,30850.0,10,2025-05-23 08:07:00
1747987680,30850.0,30850.0,30850.0,30850.0,0,2025-05-23 08:08:00
1747987740,30850.0,30850.0,30805.0,30805.0,5,2025-05-23 08:09:00
1747987800,30805.0,30830.0,30805.0,30830.0,1,2025-05-23 08:10:00
1747987860,30830.0,30830.0,30790.0,30790.0,22,2025-05-23 08:11:00
1747987920,30790.0,30790.0,30775.0,30775.0,4,2025-05-23 08:12:00
1747987980,30775.0,30790.0,30770.0,30770.0,6,2025-05-23 08:13:00
1747988040,30770.0,30770.0,30755.0,30755.0,11,2025-05-23 08:14:00
1747988100,30755.0,30800.0,30755.0,30800.0,4,2025-05-23 08:15:00
1747988160,30800.0,30800.0,30785.0,30785.0,2,2025-05-23 08:16:00
1747988220,30765.0,30765.0,30765.0,30765.0,2,2025-05-23 08:17:00
1747988280,30765.0,30765.0,30765.0,30765.0,1,2025-05-23 08:18:00
1747988340,30765.0,30765.0,30750.0,30750.0,10,2025-05-23 08:19:00
1747988400,30750.0,30750.0,30750.0,30750.0,0,2025-05-23 08:20:00
1747988460,30750.0,30785.0,30750.0,30780.0,11,2025-05-23 08:21:00
1747988520,30780.0,30785.0,30780.0,30780.0,2,2025-05-23 08:22:00
1747988580,30780.0,30795.0,30780.0,30790.0,9,2025-05-23 08:23:00
1747988640,30790.0,30815.0,30790.0,30815.0,16,2025-05-23 08:24:00
1747988700,30815.0,30835.0,30815.0,30835.0,25,2025-05-23 08:25:00
1747988760,30835.0,30835.0,30805.0,30830.0,33,2025-05-23 08:26:00
1747988820,30830.0,30830.0,30830.0,30830.0,0,2025-05-23 08:27:00
1747988880,30830.0,30830.0,30830.0,30830.0,0,2025-05-23 08:28:00
1747988940,30830.0,30830.0,30780.0,30780.0,6,2025-05-23 08:29:00
1747989000,30780.0,30785.0,30780.0,30785.0,2,2025-05-23 08:30:00
1747989060,30785.0,30820.0,30785.0,30820.0,2,2025-05-23 08:31:00
1747989120,30820.0,30820.0,30785.0,30785.0,5,2025-05-23 08:32:00
1747989180,30785.0,30820.0,30785.0,30820.0,1,2025-05-23 08:33:00
1747989240,30820.0,30820.0,30785.0,30785.0,5,2025-05-23 08:34:00
1747989300,30785.0,30785.0,30785.0,30785.0,0,2025-05-23 08:35:00
1747989360,30785.0,30810.0,30780.0,30810.0,81,2025-05-23 08:36:00
1747989420,30810.0,30810.0,30760.0,30760.0,5,2025-05-23 08:37:00
1747989480,30760.0,30810.0,30760.0,30805.0,7,2025-05-23 08:38:00
1747989540,30805.0,30810.0,30770.0,30770.0,3,2025-05-23 08:39:00
1747989600,30770.0,30810.0,30770.0,30780.0,10,2025-05-23 08:40:00
1747989660,30780.0,30810.0,30780.0,30810.0,7,2025-05-23 08:41:00
1747989720,30820.0,30820.0,30775.0,30775.0,14,2025-05-23 08:42:00
1747989780,30775.0,30820.0,30775.0,30785.0,7,2025-05-23 08:43:00
1747989840,30785.0,30830.0,30785.0,30790.0,23,2025-05-23 08:44:00
1747989900,30790.0,30800.0,30790.0,30790.0,8,2025-05-23 08:45:00
1747989960,30790.0,30820.0,30775.0,30820.0,19,2025-05-23 08:46:00
1747990020,30800.0,30800.0,30775.0,30775.0,8,2025-05-23 08:47:00
1747990080,30775.0,30775.0,30775.0,30775.0,1,2025-05-23 08:48:00
1747990140,30775.0,30800.0,30775.0,30775.0,10,2025-05-23 08:49:00
1747990200,30775.0,30775.0,30775.0,30775.0,1,2025-05-23 08:50:00
1747990260,30775.0,30775.0,30775.0,30775.0,2,2025-05-23 08:51:00
1747990320,30775.0,30805.0,30770.0,30770.0,16,2025-05-23 08:52:00
1747990380,30770.0,30770.0,30760.0,30760.0,2,2025-05-23 08:53:00
1747990440,30760.0,30785.0,30750.0,30750.0,35,2025-05-23 08:54:00
1747990500,30750.0,30795.0,30750.0,30755.0,2,2025-05-23 08:55:00
1747990560,30755.0,30760.0,30755.0,30760.0,1,2025-05-23 08:56:00
1747990620,30760.0,30760.0,30760.0,30760.0,2,2025-05-23 08:57:00
1747990680,30760.0,30765.0,30760.0,30765.0,1,2025-05-23 08:58:00
1747990740,30765.0,30765.0,30760.0,30760.0,1,2025-05-23 08:59:00
1747990800,30760.0,30765.0,30760.0,30765.0,1,2025-05-23 09:00:00
1747990860,30805.0,30805.0,30760.0,30760.0,3,2025-05-23 09:01:00
1747990920,30760.0,30800.0,30760.0,30765.0,3,2025-05-23 09:02:00
1747990980,30765.0,30800.0,30760.0,30760.0,103,2025-05-23 09:03:00
1747991040,30760.0,30770.0,30760.0,30770.0,1,2025-05-23 09:04:00
1747991100,30770.0,30785.0,30770.0,30770.0,3,2025-05-23 09:05:00
1747991160,30800.0,30800.0,30770.0,30800.0,5,2025-05-23 09:06:00
1747991220,30800.0,30800.0,30760.0,30760.0,4,2025-05-23 09:07:00
1747991280,30760.0,30805.0,30760.0,30765.0,8,2025-05-23 09:08:00
1747991340,30765.0,30770.0,30765.0,30770.0,4,2025-05-23 09:09:00
1747991400,30770.0,30770.0,30770.0,30770.0,0,2025-05-23 09:10:00
1747991460,30770.0,30770.0,30770.0,30770.0,0,2025-05-23 09:11:00
1747991520,30770.0,30805.0,30770.0,30805.0,3,2025-05-23 09:12:00
1747991580,30805.0,30805.0,30770.0,30770.0,12,2025-05-23 09:13:00
1747991640,30770.0,30770.0,30770.0,30770.0,0,2025-05-23 09:14:00
1747991700,30770.0,30775.0,30770.0,30775.0,1,2025-05-23 09:15:00
1747991760,30800.0,30800.0,30800.0,30800.0,10,2025-05-23 09:16:00
1747991820,30800.0,30800.0,30775.0,30775.0,1,2025-05-23 09:17:00
1747991880,30775.0,30800.0,30775.0,30800.0,3,2025-05-23 09:18:00
1747991940,30800.0,30805.0,30800.0,30805.0,2,2025-05-23 09:19:00
1747992000,30805.0,30805.0,30805.0,30805.0,3,2025-05-23 09:20:00
1747992060,30805.0,30810.0,30805.0,30810.0,2,2025-05-23 09:21:00
1747992120,30810.0,30810.0,30795.0,30795.0,3,2025-05-23 09:22:00
1747992180,30810.0,30810.0,30800.0,30810.0,9,2025-05-23 09:23:00
1747992240,30810.0,30810.0,30810.0,30810.0,1,2025-05-23 09:24:00
1747992300,30810.0,30810.0,30800.0,30800.0,9,2025-05-23 09:25:00
1747992360,30800.0,30800.0,30800.0,30800.0,1,2025-05-23 09:26:00
1747992420,30800.0,30800.0,30800.0,30800.0,0,2025-05-23 09:27:00
1747992480,30800.0,30810.0,30800.0,30810.0,14,2025-05-23 09:28:00
1747992540,30810.0,30810.0,30810.0,30810.0,2,2025-05-23 09:29:00
1747992600,30815.0,30825.0,30805.0,30805.0,11,2025-05-23 09:30:00
1747992660,30825.0,30825.0,30800.0,30800.0,9,2025-05-23 09:31:00
1747992720,30825.0,30825.0,30825.0,30825.0,5,2025-05-23 09:32:00
1747992780,30825.0,30830.0,30800.0,30800.0,44,2025-05-23 09:33:00
1747992840,30830.0,30830.0,30800.0,30800.0,17,2025-05-23 09:34:00
1747992900,30825.0,30830.0,30790.0,30790.0,38,2025-05-23 09:35:00
1747992960,30785.0,30805.0,30750.0,30760.0,83,2025-05-23 09:36:00
1747993020,30800.0,30800.0,30800.0,30800.0,30,2025-05-23 09:37:00
1747993080,30810.0,30810.0,30775.0,30775.0,9,2025-05-23 09:38:00
1747993140,30800.0,30800.0,30765.0,30795.0,12,2025-05-23 09:39:00
1747993200,30830.0,30855.0,30820.0,30855.0,119,2025-05-23 09:40:00
1747993260,30850.0,30850.0,30795.0,30845.0,22,2025-05-23 09:41:00
1747993320,30840.0,30840.0,30790.0,30840.0,20,2025-05-23 09:42:00
1747993380,30835.0,30840.0,30835.0,30840.0,18,2025-05-23 09:43:00
1747993440,30835.0,30835.0,30835.0,30835.0,5,2025-05-23 09:44:00
1747993500,30835.0,30835.0,30795.0,30800.0,9,2025-05-23 09:45:00
1747993560,30830.0,30830.0,30785.0,30790.0,21,2025-05-23 09:46:00
1747993620,30825.0,30825.0,30770.0,30800.0,41,2025-05-23 09:47:00
1747993680,30805.0,30805.0,30775.0,30795.0,8,2025-05-23 09:48:00
1747993740,30775.0,30795.0,30770.0,30795.0,107,2025-05-23 09:49:00
1747993800,30795.0,30795.0,30750.0,30750.0,77,2025-05-23 09:50:00
1747993860,30795.0,30820.0,30795.0,30820.0,20,2025-05-23 09:51:00
1747993920,30805.0,30820.0,30805.0,30820.0,20,2025-05-23 09:52:00
1747993980,30820.0,30820.0,30750.0,30820.0,50,2025-05-23 09:53:00
1747994040,30820.0,30820.0,30750.0,30800.0,34,2025-05-23 09:54:00
1747994100,30805.0,30815.0,30755.0,30760.0,26,2025-05-23 09:55:00
1747994160,30765.0,30835.0,30765.0,30770.0,60,2025-05-23 09:56:00
1747994220,30770.0,30815.0,30765.0,30765.0,85,2025-05-23 09:57:00
1747994280,30760.0,30790.0,30760.0,30770.0,8,2025-05-23 09:58:00
1747994340,30770.0,30775.0,30770.0,30775.0,4,2025-05-23 09:59:00
1748231100,30990.0,31100.0,30840.0,31100.0,278,2025-05-26 03:45:00
1748231160,30905.0,30945.0,30900.0,30945.0,11,2025-05-26 03:46:00
1748231220,30945.0,30945.0,30840.0,30890.0,6,2025-05-26 03:47:00
1748231280,30890.0,30900.0,30890.0,30900.0,4,2025-05-26 03:48:00
1748231340,30900.0,30900.0,30900.0,30900.0,1,2025-05-26 03:49:00
1748231400,30900.0,30940.0,30900.0,30940.0,25,2025-05-26 03:50:00
1748231460,30940.0,30940.0,30885.0,30930.0,6,2025-05-26 03:51:00
1748231520,30930.0,30930.0,30855.0,30855.0,11,2025-05-26 03:52:00
1748231580,30855.0,30855.0,30855.0,30855.0,0,2025-05-26 03:53:00
1748231640,30855.0,30950.0,30855.0,30950.0,35,2025-05-26 03:54:00
1748231700,30950.0,30995.0,30910.0,30920.0,16,2025-05-26 03:55:00
1748231760,30920.0,30920.0,30905.0,30905.0,6,2025-05-26 03:56:00
1748231820,30905.0,30905.0,30900.0,30900.0,2,2025-05-26 03:57:00
1748231880,30900.0,30900.0,30885.0,30885.0,2,2025-05-26 03:58:00
1748231940,30885.0,30930.0,30885.0,30930.0,2,2025-05-26 03:59:00
1748232000,30930.0,30970.0,30850.0,30850.0,79,2025-05-26 04:00:00
1748232060,30850.0,30850.0,30795.0,30800.0,42,2025-05-26 04:01:00
1748232120,30800.0,30855.0,30790.0,30795.0,59,2025-05-26 04:02:00
1748232180,30795.0,30795.0,30795.0,30795.0,8,2025-05-26 04:03:00
1748232240,30795.0,30795.0,30795.0,30795.0,0,2025-05-26 04:04:00
1748232300,30795.0,30805.0,30795.0,30805.0,1,2025-05-26 04:05:00
1748232360,30805.0,30845.0,30805.0,30845.0,5,2025-05-26 04:06:00
1748232420,30845.0,30850.0,30845.0,30850.0,5,2025-05-26 04:07:00
1748232480,30850.0,30855.0,30850.0,30855.0,1,2025-05-26 04:08:00
1748232540,30855.0,30895.0,30850.0,30850.0,13,2025-05-26 04:09:00
1748232600,30850.0,30850.0,30815.0,30825.0,5,2025-05-26 04:10:00
1748232660,30825.0,30825.0,30805.0,30805.0,5,2025-05-26 04:11:00
1748232720,30805.0,30825.0,30790.0,30790.0,74,2025-05-26 04:12:00
1748232780,30790.0,30790.0,30790.0,30790.0,0,2025-05-26 04:13:00
1748232840,30790.0,30790.0,30790.0,30790.0,0,2025-05-26 04:14:00
1748232900,30790.0,30790.0,30790.0,30790.0,0,2025-05-26 04:15:00
1748232960,30790.0,30870.0,30790.0,30870.0,11,2025-05-26 04:16:00
1748233020,30870.0,30870.0,30870.0,30870.0,0,2025-05-26 04:17:00
1748233080,30805.0,30850.0,30805.0,30850.0,5,2025-05-26 04:18:00
1748233140,30850.0,30855.0,30810.0,30815.0,7,2025-05-26 04:19:00
1748233200,30815.0,30815.0,30815.0,30815.0,1,2025-05-26 04:20:00
1748233260,30815.0,30860.0,30800.0,30860.0,26,2025-05-26 04:21:00
1748233320,30860.0,30860.0,30805.0,30805.0,1,2025-05-26 04:22:00
1748233380,30805.0,30870.0,30805.0,30865.0,4,2025-05-26 04:23:00
1748233440,30865.0,30865.0,30800.0,30800.0,47,2025-05-26 04:24:00
1748233500,30800.0,30800.0,30790.0,30790.0,15,2025-05-26 04:25:00
1748233560,30790.0,30790.0,30790.0,30790.0,0,2025-05-26 04:26:00
1748233620,30790.0,30805.0,30790.0,30805.0,1,2025-05-26 04:27:00
1748233680,30805.0,30805.0,30775.0,30775.0,44,2025-05-26 04:28:00
1748233740,30775.0,30775.0,30775.0,30775.0,2,2025-05-26 04:29:00
1748233800,30775.0,30805.0,30775.0,30805.0,3,2025-05-26 04:30:00
1748233860,30805.0,30805.0,30805.0,30805.0,0,2025-05-26 04:31:00
1748233920,30805.0,30805.0,30805.0,30805.0,0,2025-05-26 04:32:00
1748233980,30805.0,30840.0,30805.0,30840.0,12,2025-05-26 04:33:00
1748234040,30840.0,30840.0,30840.0,30840.0,1,2025-05-26 04:34:00
1748234100,30840.0,30840.0,30840.0,30840.0,0,2025-05-26 04:35:00
1748234160,30840.0,30840.0,30785.0,30840.0,9,2025-05-26 04:36:00
1748234220,30840.0,30840.0,30840.0,30840.0,0,2025-05-26 04:37:00
1748234280,30840.0,30840.0,30835.0,30835.0,1,2025-05-26 04:38:00
1748234340,30835.0,30835.0,30805.0,30805.0,1,2025-05-26 04:39:00
1748234400,30805.0,30805.0,30805.0,30805.0,0,2025-05-26 04:40:00
1748234460,30805.0,30835.0,30805.0,30835.0,1,2025-05-26 04:41:00
1748234520,30835.0,30835.0,30750.0,30755.0,40,2025-05-26 04:42:00
1748234580,30755.0,30800.0,30755.0,30800.0,41,2025-05-26 04:43:00
1748234640,30800.0,30800.0,30695.0,30715.0,66,2025-05-26 04:44:00
1748234700,30715.0,30715.0,30680.0,30680.0,41,2025-05-26 04:45:00
1748234760,30680.0,30690.0,30680.0,30690.0,1,2025-05-26 04:46:00
1748234820,30715.0,30715.0,30710.0,30710.0,12,2025-05-26 04:47:00
1748234880,30710.0,30710.0,30700.0,30710.0,20,2025-05-26 04:48:00
1748234940,30710.0,30710.0,30645.0,30670.0,87,2025-05-26 04:49:00
1748235000,30670.0,30670.0,30670.0,30670.0,0,2025-05-26 04:50:00
1748235060,30710.0,30710.0,30650.0,30670.0,26,2025-05-26 04:51:00
1748235120,30670.0,30670.0,30655.0,30655.0,1,2025-05-26 04:52:00
1748235180,30700.0,30700.0,30700.0,30700.0,4,2025-05-26 04:53:00
1748235240,30700.0,30700.0,30655.0,30670.0,12,2025-05-26 04:54:00
1748235300,30670.0,30670.0,30655.0,30655.0,2,2025-05-26 04:55:00
1748235360,30655.0,30665.0,30655.0,30665.0,14,2025-05-26 04:56:00
1748235420,30665.0,30665.0,30665.0,30665.0,1,2025-05-26 04:57:00
1748235480,30665.0,30665.0,30635.0,30635.0,1,2025-05-26 04:58:00
1748235540,30635.0,30635.0,30635.0,30635.0,0,2025-05-26 04:59:00
1748235600,30635.0,30665.0,30635.0,30665.0,5,2025-05-26 05:00:00
1748235660,30665.0,30665.0,30630.0,30630.0,2,2025-05-26 05:01:00
1748235720,30630.0,30630.0,30630.0,30630.0,0,2025-05-26 05:02:00
1748235780,30630.0,30670.0,30630.0,30670.0,2,2025-05-26 05:03:00
1748235840,30630.0,30630.0,30630.0,30630.0,8,2025-05-26 05:04:00
1748235900,30635.0,30665.0,30635.0,30665.0,4,2025-05-26 05:05:00
1748235960,30665.0,30670.0,30665.0,30670.0,1,2025-05-26 05:06:00
1748236020,30670.0,30670.0,30670.0,30670.0,1,2025-05-26 05:07:00
1748236080,30670.0,30670.0,30670.0,30670.0,4,2025-05-26 05:08:00
1748236140,30665.0,30670.0,30665.0,30670.0,9,2025-05-26 05:09:00
1748236200,30670.0,30670.0,30670.0,30670.0,0,2025-05-26 05:10:00
1748236260,30670.0,30670.0,30670.0,30670.0,1,2025-05-26 05:11:00
1748236320,30670.0,30670.0,30670.0,30670.0,5,2025-05-26 05:12:00
1748236380,30670.0,30840.0,30670.0,30840.0,72,2025-05-26 05:13:00
1748236440,30840.0,30840.0,30765.0,30765.0,9,2025-05-26 05:14:00
1748236500,30765.0,30775.0,30765.0,30775.0,1,2025-05-26 05:15:00
1748236560,30775.0,30775.0,30775.0,30775.0,0,2025-05-26 05:16:00
1748236620,30775.0,30870.0,30775.0,30870.0,34,2025-05-26 05:17:00
1748236680,30870.0,30870.0,30870.0,30870.0,19,2025-05-26 05:18:00
1748236740,30870.0,30920.0,30870.0,30880.0,12,2025-05-26 05:19:00
1748236800,30880.0,30920.0,30880.0,30890.0,13,2025-05-26 05:20:00
1748236860,30890.0,30890.0,30890.0,30890.0,5,2025-05-26 05:21:00
1748236920,30890.0,30920.0,30890.0,30920.0,2,2025-05-26 05:22:00
1748236980,30920.0,30920.0,30890.0,30890.0,2,2025-05-26 05:23:00
1748237040,30890.0,30890.0,30890.0,30890.0,7,2025-05-26 05:24:00
1748237100,30890.0,30910.0,30890.0,30910.0,50,2025-05-26 05:25:00
1748237160,30910.0,30910.0,30870.0,30870.0,1,2025-05-26 05:26:00
1748237220,30870.0,30870.0,30870.0,30870.0,1,2025-05-26 05:27:00
1748237280,30870.0,30895.0,30870.0,30895.0,1,2025-05-26 05:28:00
1748237340,30895.0,30900.0,30895.0,30900.0,5,2025-05-26 05:29:00
1748237400,30900.0,30900.0,30900.0,30900.0,0,2025-05-26 05:30:00
1748237460,30900.0,30900.0,30895.0,30900.0,2,2025-05-26 05:31:00
1748237520,30900.0,30900.0,30850.0,30850.0,1,2025-05-26 05:32:00
1748237580,30850.0,30890.0,30850.0,30890.0,1,2025-05-26 05:33:00
1748237640,30890.0,30890.0,30890.0,30890.0,0,2025-05-26 05:34:00
1748237700,30890.0,30890.0,30890.0,30890.0,3,2025-05-26 05:35:00
1748237760,30890.0,30890.0,30880.0,30880.0,1,2025-05-26 05:36:00
1748237820,30880.0,30880.0,30840.0,30840.0,6,2025-05-26 05:37:00
1748237880,30840.0,30875.0,30840.0,30875.0,2,2025-05-26 05:38:00
1748237940,30875.0,30880.0,30875.0,30880.0,1,2025-05-26 05:39:00
1748238000,30880.0,30950.0,30880.0,30950.0,117,2025-05-26 05:40:00
1748238060,30950.0,30950.0,30950.0,30950.0,1,2025-05-26 05:41:00
1748238120,30950.0,30950.0,30915.0,30915.0,2,2025-05-26 05:42:00
1748238180,30915.0,30950.0,30915.0,30950.0,2,2025-05-26 05:43:00
1748238240,30950.0,30950.0,30880.0,30930.0,11,2025-05-26 05:44:00
1748238300,30930.0,30985.0,30930.0,30985.0,76,2025-05-26 05:45:00
1748238360,30985.0,30985.0,30925.0,30935.0,13,2025-05-26 05:46:00
1748238420,30965.0,30965.0,30915.0,30915.0,8,2025-05-26 05:47:00
1748238480,30915.0,30915.0,30915.0,30915.0,0,2025-05-26 05:48:00
1748238540,30915.0,30915.0,30915.0,30915.0,0,2025-05-26 05:49:00
1748238600,30915.0,30930.0,30915.0,30930.0,1,2025-05-26 05:50:00
1748238660,30930.0,30930.0,30930.0,30930.0,0,2025-05-26 05:51:00
1748238720,30880.0,30895.0,30850.0,30850.0,11,2025-05-26 05:52:00
1748238780,30850.0,30865.0,30810.0,30865.0,9,2025-05-26 05:53:00
1748238840,30865.0,30865.0,30865.0,30865.0,0,2025-05-26 05:54:00
1748238900,30865.0,30865.0,30865.0,30865.0,0,2025-05-26 05:55:00
1748238960,30855.0,30855.0,30855.0,30855.0,1,2025-05-26 05:56:00
1748239020,30855.0,30855.0,30805.0,30805.0,32,2025-05-26 05:57:00
1748239080,30805.0,30805.0,30805.0,30805.0,3,2025-05-26 05:58:00
1748239140,30805.0,30805.0,30795.0,30795.0,1,2025-05-26 05:59:00
1748239200,30795.0,30795.0,30795.0,30795.0,0,2025-05-26 06:00:00
1748239260,30795.0,30835.0,30795.0,30835.0,1,2025-05-26 06:01:00
1748239320,30835.0,30835.0,30835.0,30835.0,0,2025-05-26 06:02:00
1748239380,30835.0,30835.0,30790.0,30790.0,2,2025-05-26 06:03:00
1748239440,30790.0,30835.0,30790.0,30835.0,2,2025-05-26 06:04:00
1748239500,30835.0,30835.0,30835.0,30835.0,0,2025-05-26 06:05:00
1748239560,30835.0,30835.0,30785.0,30785.0,1,2025-05-26 06:06:00
1748239620,30785.0,30800.0,30765.0,30800.0,39,2025-05-26 06:07:00
1748239680,30800.0,30810.0,30775.0,30775.0,3,2025-05-26 06:08:00
1748239740,30775.0,30825.0,30775.0,30825.0,1,2025-05-26 06:09:00
1748239800,30825.0,30825.0,30825.0,30825.0,9,2025-05-26 06:10:00
1748239860,30825.0,30825.0,30805.0,30805.0,1,2025-05-26 06:11:00
1748239920,30805.0,30840.0,30805.0,30840.0,1,2025-05-26 06:12:00
1748239980,30840.0,30840.0,30840.0,30840.0,0,2025-05-26 06:13:00
1748240040,30840.0,30840.0,30840.0,30840.0,10,2025-05-26 06:14:00
1748240100,30840.0,30840.0,30805.0,30805.0,3,2025-05-26 06:15:00
1748240160,30805.0,30805.0,30805.0,30805.0,0,2025-05-26 06:16:00
1748240220,30805.0,30805.0,30805.0,30805.0,0,2025-05-26 06:17:00
1748240280,30805.0,30830.0,30805.0,30830.0,2,2025-05-26 06:18:00
1748240340,30830.0,30830.0,30830.0,30830.0,0,2025-05-26 06:19:00
1748240400,30830.0,30835.0,30830.0,30835.0,1,2025-05-26 06:20:00
1748240460,30835.0,30835.0,30835.0,30835.0,0,2025-05-26 06:21:00
1748240520,30835.0,30835.0,30775.0,30775.0,55,2025-05-26 06:22:00
1748240580,30775.0,30790.0,30775.0,30790.0,2,2025-05-26 06:23:00
1748240640,30790.0,30790.0,30785.0,30785.0,1,2025-05-26 06:24:00
1748240700,30785.0,30785.0,30685.0,30780.0,48,2025-05-26 06:25:00
1748240760,30780.0,30780.0,30760.0,30760.0,3,2025-05-26 06:26:00
1748240820,30760.0,30770.0,30735.0,30770.0,4,2025-05-26 06:27:00
1748240880,30755.0,30755.0,30755.0,30755.0,2,2025-05-26 06:28:00
1748240940,30755.0,30775.0,30755.0,30775.0,2,2025-05-26 06:29:00
1748241000,30775.0,30775.0,30775.0,30775.0,0,2025-05-26 06:30:00
1748241060,30775.0,30795.0,30775.0,30795.0,2,2025-05-26 06:31:00
1748241120,30795.0,30795.0,30735.0,30735.0,7,2025-05-26 06:32:00
1748241180,30735.0,30735.0,30735.0,30735.0,0,2025-05-26 06:33:00
1748241240,30735.0,30780.0,30735.0,30775.0,7,2025-05-26 06:34:00
1748241300,30775.0,30775.0,30775.0,30775.0,0,2025-05-26 06:35:00
1748241360,30775.0,30775.0,30775.0,30775.0,1,2025-05-26 06:36:00
1748241420,30775.0,30775.0,30750.0,30750.0,3,2025-05-26 06:37:00
1748241480,30750.0,30750.0,30750.0,30750.0,0,2025-05-26 06:38:00
1748241540,30750.0,30750.0,30750.0,30750.0,0,2025-05-26 06:39:00
1748241600,30750.0,30760.0,30750.0,30760.0,1,2025-05-26 06:40:00
1748241660,30760.0,30760.0,30750.0,30750.0,5,2025-05-26 06:41:00
1748241720,30750.0,30750.0,30750.0,30750.0,0,2025-05-26 06:42:00
1748241780,30795.0,30795.0,30790.0,30790.0,3,2025-05-26 06:43:00
1748241840,30790.0,30790.0,30790.0,30790.0,0,2025-05-26 06:44:00
1748241900,30790.0,30790.0,30785.0,30785.0,2,2025-05-26 06:45:00
1748241960,30785.0,30795.0,30740.0,30740.0,2,2025-05-26 06:46:00
1748242020,30740.0,30775.0,30740.0,30775.0,2,2025-05-26 06:47:00
1748242080,30775.0,30780.0,30775.0,30780.0,1,2025-05-26 06:48:00
1748242140,30780.0,30780.0,30780.0,30780.0,0,2025-05-26 06:49:00
1748242200,30780.0,30780.0,30780.0,30780.0,0,2025-05-26 06:50:00
1748242260,30780.0,30780.0,30775.0,30775.0,1,2025-05-26 06:51:00
1748242320,30775.0,30775.0,30740.0,30740.0,1,2025-05-26 06:52:00
1748242380,30740.0,30770.0,30740.0,30770.0,1,2025-05-26 06:53:00
1748242440,30770.0,30775.0,30735.0,30735.0,4,2025-05-26 06:54:00
1748242500,30735.0,30735.0,30735.0,30735.0,0,2025-05-26 06:55:00
1748242560,30735.0,30765.0,30735.0,30765.0,1,2025-05-26 06:56:00
1748242620,30765.0,30765.0,30755.0,30760.0,2,2025-05-26 06:57:00
1748242680,30760.0,30760.0,30760.0,30760.0,0,2025-05-26 06:58:00
1748242740,30760.0,30760.0,30760.0,30760.0,2,2025-05-26 06:59:00
1748242800,30760.0,30760.0,30760.0,30760.0,0,2025-05-26 07:00:00
1748242860,30760.0,30760.0,30755.0,30755.0,21,2025-05-26 07:01:00
1748242920,30755.0,30775.0,30755.0,30775.0,1,2025-05-26 07:02:00
1748242980,30775.0,30775.0,30775.0,30775.0,1,2025-05-26 07:03:00
1748243040,30775.0,30775.0,30760.0,30760.0,2,2025-05-26 07:04:00
1748243100,30760.0,30775.0,30760.0,30775.0,8,2025-05-26 07:05:00
1748243160,30775.0,30775.0,30775.0,30775.0,0,2025-05-26 07:06:00
1748243220,30775.0,30805.0,30710.0,30770.0,51,2025-05-26 07:07:00
1748243280,30770.0,30770.0,30770.0,30770.0,0,2025-05-26 07:08:00
1748243340,30770.0,30770.0,30770.0,30770.0,0,2025-05-26 07:09:00
1748243400,30770.0,30795.0,30770.0,30795.0,2,2025-05-26 07:10:00
1748243460,30795.0,30795.0,30795.0,30795.0,0,2025-05-26 07:11:00
1748243520,30795.0,30795.0,30795.0,30795.0,0,2025-05-26 07:12:00
1748243580,30795.0,30795.0,30780.0,30780.0,1,2025-05-26 07:13:00
1748243640,30780.0,30780.0,30780.0,30780.0,0,2025-05-26 07:14:00
1748243700,30780.0,30780.0,30745.0,30745.0,3,2025-05-26 07:15:00
1748243760,30745.0,30745.0,30740.0,30740.0,1,2025-05-26 07:16:00
1748243820,30740.0,30740.0,30740.0,30740.0,0,2025-05-26 07:17:00
1748243880,30740.0,30740.0,30740.0,30740.0,0,2025-05-26 07:18:00
1748243940,30745.0,30745.0,30745.0,30745.0,1,2025-05-26 07:19:00
1748244000,30745.0,30745.0,30745.0,30745.0,0,2025-05-26 07:20:00
1748244060,30745.0,30745.0,30745.0,30745.0,0,2025-05-26 07:21:00
1748244120,30745.0,30745.0,30745.0,30745.0,0,2025-05-26 07:22:00
1748244180,30745.0,30745.0,30745.0,30745.0,0,2025-05-26 07:23:00
1748244240,30745.0,30745.0,30745.0,30745.0,31,2025-05-26 07:24:00
1748244300,30745.0,30745.0,30745.0,30745.0,0,2025-05-26 07:25:00
1748244360,30745.0,30745.0,30745.0,30745.0,0,2025-05-26 07:26:00
1748244420,30745.0,30745.0,30745.0,30745.0,0,2025-05-26 07:27:00
1748244480,30745.0,30745.0,30720.0,30720.0,1,2025-05-26 07:28:00
1748244540,30720.0,30755.0,30720.0,30755.0,1,2025-05-26 07:29:00
1748244600,30755.0,30755.0,30730.0,30730.0,2,2025-05-26 07:30:00
1748244660,30730.0,30730.0,30730.0,30730.0,0,2025-05-26 07:31:00
1748244720,30730.0,30730.0,30730.0,30730.0,0,2025-05-26 07:32:00
1748244780,30730.0,30730.0,30730.0,30730.0,0,2025-05-26 07:33:00
1748244840,30730.0,30730.0,30730.0,30730.0,0,2025-05-26 07:34:00
1748244900,30730.0,30730.0,30730.0,30730.0,0,2025-05-26 07:35:00
1748244960,30730.0,30775.0,30730.0,30775.0,5,2025-05-26 07:36:00
1748245020,30775.0,30775.0,30705.0,30765.0,14,2025-05-26 07:37:00
1748245080,30765.0,30805.0,30715.0,30715.0,56,2025-05-26 07:38:00
1748245140,30715.0,30815.0,30715.0,30815.0,7,2025-05-26 07:39:00
1748245200,30815.0,30815.0,30815.0,30815.0,0,2025-05-26 07:40:00
1748245260,30815.0,30815.0,30805.0,30805.0,46,2025-05-26 07:41:00
1748245320,30805.0,30805.0,30805.0,30805.0,0,2025-05-26 07:42:00
1748245380,30805.0,30805.0,30800.0,30800.0,6,2025-05-26 07:43:00
1748245440,30800.0,30800.0,30800.0,30800.0,0,2025-05-26 07:44:00
1748245500,30800.0,30800.0,30740.0,30740.0,1,2025-05-26 07:45:00
1748245560,30740.0,30740.0,30740.0,30740.0,0,2025-05-26 07:46:00
1748245620,30740.0,30740.0,30740.0,30740.0,0,2025-05-26 07:47:00
1748245680,30740.0,30740.0,30740.0,30740.0,0,2025-05-26 07:48:00
1748245740,30740.0,30785.0,30740.0,30745.0,2,2025-05-26 07:49:00
1748245800,30745.0,30780.0,30745.0,30755.0,2,2025-05-26 07:50:00
1748245860,30755.0,30755.0,30755.0,30755.0,0,2025-05-26 07:51:00
1748245920,30755.0,30755.0,30755.0,30755.0,0,2025-05-26 07:52:00
1748245980,30755.0,30800.0,30750.0,30800.0,10,2025-05-26 07:53:00
1748246040,30800.0,30800.0,30800.0,30800.0,0,2025-05-26 07:54:00
1748246100,30800.0,30800.0,30740.0,30740.0,4,2025-05-26 07:55:00
1748246160,30740.0,30740.0,30740.0,30740.0,0,2025-05-26 07:56:00
1748246220,30740.0,30740.0,30740.0,30740.0,0,2025-05-26 07:57:00
1748246280,30740.0,30760.0,30740.0,30760.0,1,2025-05-26 07:58:00
1748246340,30760.0,30760.0,30725.0,30725.0,2,2025-05-26 07:59:00
1748246400,30725.0,30765.0,30725.0,30745.0,6,2025-05-26 08:00:00
1748246460,30745.0,30745.0,30735.0,30735.0,2,2025-05-26 08:01:00
1748246520,30735.0,30735.0,30730.0,30730.0,1,2025-05-26 08:02:00
1748246580,30730.0,30730.0,30730.0,30730.0,0,2025-05-26 08:03:00
1748246640,30730.0,30765.0,30730.0,30765.0,2,2025-05-26 08:04:00
1748246700,30765.0,30765.0,30740.0,30740.0,2,2025-05-26 08:05:00
1748246760,30740.0,30740.0,30740.0,30740.0,0,2025-05-26 08:06:00
1748246820,30740.0,30740.0,30740.0,30740.0,0,2025-05-26 08:07:00
1748246880,30740.0,30740.0,30740.0,30740.0,0,2025-05-26 08:08:00
1748246940,30740.0,30740.0,30740.0,30740.0,0,2025-05-26 08:09:00
1748247000,30740.0,30740.0,30740.0,30740.0,0,2025-05-26 08:10:00
1748247060,30740.0,30740.0,30740.0,30740.0,1,2025-05-26 08:11:00
1748247120,30740.0,30740.0,30740.0,30740.0,0,2025-05-26 08:12:00
1748247180,30740.0,30740.0,30740.0,30740.0,0,2025-05-26 08:13:00
1748247240,30740.0,30740.0,30740.0,30740.0,0,2025-05-26 08:14:00
1748247300,30740.0,30740.0,30720.0,30720.0,4,2025-05-26 08:15:00
1748247360,30720.0,30720.0,30720.0,30720.0,0,2025-05-26 08:16:00
1748247420,30720.0,30720.0,30720.0,30720.0,0,2025-05-26 08:17:00
1748247480,30720.0,30720.0,30720.0,30720.0,0,2025-05-26 08:18:00
1748247540,30720.0,30720.0,30720.0,30720.0,0,2025-05-26 08:19:00
1748247600,30720.0,30740.0,30720.0,30740.0,2,2025-05-26 08:20:00
1748247660,30740.0,30740.0,30740.0,30740.0,0,2025-05-26 08:21:00
1748247720,30740.0,30740.0,30740.0,30740.0,0,2025-05-26 08:22:00
1748247780,30740.0,30740.0,30740.0,30740.0,0,2025-05-26 08:23:00
1748247840,30740.0,30740.0,30740.0,30740.0,6,2025-05-26 08:24:00
1748247900,30740.0,30745.0,30740.0,30745.0,2,2025-05-26 08:25:00
1748247960,30745.0,30745.0,30745.0,30745.0,0,2025-05-26 08:26:00
1748248020,30745.0,30745.0,30745.0,30745.0,1,2025-05-26 08:27:00
1748248080,30745.0,30745.0,30740.0,30740.0,52,2025-05-26 08:28:00
1748248140,30740.0,30745.0,30720.0,30735.0,28,2025-05-26 08:29:00
1748248200,30735.0,30735.0,30720.0,30720.0,2,2025-05-26 08:30:00
1748248260,30720.0,30740.0,30720.0,30740.0,2,2025-05-26 08:31:00
1748248320,30740.0,30740.0,30740.0,30740.0,0,2025-05-26 08:32:00
1748248380,30740.0,30740.0,30740.0,30740.0,0,2025-05-26 08:33:00
1748248440,30740.0,30740.0,30740.0,30740.0,0,2025-05-26 08:34:00
1748248500,30740.0,30740.0,30740.0,30740.0,7,2025-05-26 08:35:00
1748248560,30740.0,30740.0,30740.0,30740.0,0,2025-05-26 08:36:00
1748248620,30740.0,30740.0,30725.0,30725.0,2,2025-05-26 08:37:00
1748248680,30725.0,30725.0,30725.0,30725.0,0,2025-05-26 08:38:00
1748248740,30725.0,30725.0,30725.0,30725.0,0,2025-05-26 08:39:00
1748248800,30725.0,30745.0,30725.0,30745.0,1,2025-05-26 08:40:00
1748248860,30745.0,30745.0,30745.0,30745.0,0,2025-05-26 08:41:00
1748248920,30745.0,30745.0,30745.0,30745.0,0,2025-05-26 08:42:00
1748248980,30745.0,30745.0,30745.0,30745.0,0,2025-05-26 08:43:00
1748249040,30745.0,30745.0,30745.0,30745.0,0,2025-05-26 08:44:00
1748249100,30745.0,30745.0,30735.0,30735.0,1,2025-05-26 08:45:00
1748249160,30735.0,30745.0,30735.0,30745.0,1,2025-05-26 08:46:00
1748249220,30745.0,30745.0,30745.0,30745.0,1,2025-05-26 08:47:00
1748249280,30745.0,30745.0,30745.0,30745.0,2,2025-05-26 08:48:00
1748249340,30745.0,30745.0,30745.0,30745.0,3,2025-05-26 08:49:00
1748249400,30745.0,30745.0,30745.0,30745.0,2,2025-05-26 08:50:00
1748249460,30745.0,30745.0,30745.0,30745.0,5,2025-05-26 08:51:00
1748249520,30745.0,30745.0,30745.0,30745.0,1,2025-05-26 08:52:00
1748249580,30745.0,30745.0,30745.0,30745.0,0,2025-05-26 08:53:00
1748249640,30745.0,30745.0,30745.0,30745.0,5,2025-05-26 08:54:00
1748249700,30765.0,30765.0,30765.0,30765.0,78,2025-05-26 08:55:00
1748249760,30765.0,30765.0,30730.0,30730.0,15,2025-05-26 08:56:00
1748249820,30730.0,30780.0,30730.0,30780.0,1,2025-05-26 08:57:00
1748249880,30780.0,30780.0,30745.0,30745.0,2,2025-05-26 08:58:00
1748249940,30745.0,30775.0,30745.0,30775.0,1,2025-05-26 08:59:00
1748250000,30740.0,30775.0,30740.0,30775.0,4,2025-05-26 09:00:00
1748250060,30775.0,30785.0,30775.0,30785.0,4,2025-05-26 09:01:00
1748250120,30785.0,30790.0,30785.0,30790.0,2,2025-05-26 09:02:00
1748250180,30790.0,30790.0,30775.0,30775.0,2,2025-05-26 09:03:00
1748250240,30775.0,30775.0,30740.0,30745.0,11,2025-05-26 09:04:00
1748250300,30745.0,30745.0,30745.0,30745.0,1,2025-05-26 09:05:00
1748250360,30745.0,30745.0,30700.0,30735.0,75,2025-05-26 09:06:00
1748250420,30735.0,30735.0,30735.0,30735.0,1,2025-05-26 09:07:00
1748250480,30735.0,30735.0,30735.0,30735.0,0,2025-05-26 09:08:00
1748250540,30735.0,30735.0,30735.0,30735.0,0,2025-05-26 09:09:00
1748250600,30735.0,30735.0,30705.0,30705.0,1,2025-05-26 09:10:00
1748250660,30705.0,30705.0,30705.0,30705.0,0,2025-05-26 09:11:00
1748250720,30705.0,30720.0,30705.0,30720.0,2,2025-05-26 09:12:00
1748250780,30720.0,30720.0,30700.0,30700.0,1,2025-05-26 09:13:00
1748250840,30700.0,30700.0,30700.0,30700.0,2,2025-05-26 09:14:00
1748250900,30700.0,30700.0,30700.0,30700.0,0,2025-05-26 09:15:00
1748250960,30700.0,30720.0,30700.0,30720.0,2,2025-05-26 09:16:00
1748251020,30720.0,30720.0,30720.0,30720.0,0,2025-05-26 09:17:00
1748251080,30720.0,30720.0,30720.0,30720.0,1,2025-05-26 09:18:00
1748251140,30720.0,30720.0,30720.0,30720.0,0,2025-05-26 09:19:00
1748251200,30720.0,30720.0,30700.0,30700.0,2,2025-05-26 09:20:00
1748251260,30700.0,30745.0,30700.0,30745.0,6,2025-05-26 09:21:00
1748251320,30745.0,30745.0,30700.0,30700.0,19,2025-05-26 09:22:00
1748251380,30700.0,30715.0,30700.0,30715.0,2,2025-05-26 09:23:00
1748251440,30715.0,30715.0,30710.0,30710.0,6,2025-05-26 09:24:00
1748251500,30710.0,30715.0,30660.0,30660.0,190,2025-05-26 09:25:00
1748251560,30660.0,30660.0,30590.0,30610.0,190,2025-05-26 09:26:00
1748251620,30610.0,30615.0,30500.0,30560.0,199,2025-05-26 09:27:00
1748251680,30560.0,30560.0,30450.0,30490.0,213,2025-05-26 09:28:00
1748251740,30430.0,30495.0,30385.0,30495.0,236,2025-05-26 09:29:00
1748251800,30455.0,30495.0,30355.0,30480.0,314,2025-05-26 09:30:00
1748251860,30495.0,30495.0,30450.0,30460.0,42,2025-05-26 09:31:00
1748251920,30460.0,30460.0,30355.0,30385.0,90,2025-05-26 09:32:00
1748251980,30385.0,30440.0,30385.0,30400.0,21,2025-05-26 09:33:00
1748252040,30440.0,30445.0,30355.0,30415.0,554,2025-05-26 09:34:00
1748252100,30395.0,30450.0,30395.0,30450.0,18,2025-05-26 09:35:00
1748252160,30450.0,30460.0,30450.0,30460.0,15,2025-05-26 09:36:00
1748252220,30460.0,30510.0,30460.0,30490.0,315,2025-05-26 09:37:00
1748252280,30490.0,30490.0,30355.0,30385.0,112,2025-05-26 09:38:00
1748252340,30395.0,30395.0,30255.0,30300.0,642,2025-05-26 09:39:00
1748252400,30300.0,30300.0,30030.0,30100.0,246,2025-05-26 09:40:00
1748252460,30180.0,30220.0,29995.0,30050.0,675,2025-05-26 09:41:00
1748252520,30040.0,30120.0,30005.0,30120.0,114,2025-05-26 09:42:00
1748252580,30120.0,30160.0,30120.0,30160.0,60,2025-05-26 09:43:00
1748252640,30160.0,30180.0,30135.0,30180.0,16,2025-05-26 09:44:00
1748252700,30180.0,30200.0,30135.0,30195.0,38,2025-05-26 09:45:00
1748252760,30200.0,30240.0,30155.0,30240.0,59,2025-05-26 09:46:00
1748252820,30240.0,30240.0,30215.0,30215.0,21,2025-05-26 09:47:00
1748252880,30215.0,30235.0,30175.0,30235.0,28,2025-05-26 09:48:00
1748252940,30235.0,30235.0,30205.0,30205.0,21,2025-05-26 09:49:00
1748253000,30200.0,30200.0,29950.0,30080.0,557,2025-05-26 09:50:00
1748253060,30000.0,30070.0,29940.0,30050.0,257,2025-05-26 09:51:00
1748253120,30050.0,30090.0,29990.0,30065.0,72,2025-05-26 09:52:00
1748253180,30065.0,30085.0,30060.0,30085.0,30,2025-05-26 09:53:00
1748253240,30090.0,30100.0,30055.0,30095.0,28,2025-05-26 09:54:00
1748253300,30095.0,30095.0,30060.0,30095.0,14,2025-05-26 09:55:00
1748253360,30095.0,30105.0,30070.0,30105.0,32,2025-05-26 09:56:00
1748253420,30100.0,30120.0,30065.0,30065.0,46,2025-05-26 09:57:00
1748253480,30135.0,30135.0,30065.0,30100.0,90,2025-05-26 09:58:00
1748253540,30110.0,30200.0,30100.0,30200.0,286,2025-05-26 09:59:00
1748317500,30450.0,30450.0,30270.0,30445.0,84,2025-05-27 03:45:00
1748317560,30465.0,30475.0,30415.0,30445.0,63,2025-05-27 03:46:00
1748317620,30445.0,30445.0,30415.0,30415.0,13,2025-05-27 03:47:00
1748317680,30415.0,30490.0,30415.0,30480.0,39,2025-05-27 03:48:00
1748317740,30480.0,30480.0,30400.0,30415.0,21,2025-05-27 03:49:00
1748317800,30385.0,30445.0,30385.0,30400.0,27,2025-05-27 03:50:00
1748317860,30430.0,30445.0,30430.0,30445.0,6,2025-05-27 03:51:00
1748317920,30445.0,30445.0,30395.0,30440.0,3,2025-05-27 03:52:00
1748317980,30440.0,30440.0,30415.0,30415.0,1,2025-05-27 03:53:00
1748318040,30415.0,30415.0,30415.0,30415.0,0,2025-05-27 03:54:00
1748318100,30415.0,30440.0,30335.0,30395.0,37,2025-05-27 03:55:00
1748318160,30395.0,30395.0,30295.0,30295.0,46,2025-05-27 03:56:00
1748318220,30295.0,30385.0,30295.0,30385.0,9,2025-05-27 03:57:00
1748318280,30385.0,30385.0,30315.0,30315.0,15,2025-05-27 03:58:00
1748318340,30315.0,30390.0,30315.0,30365.0,10,2025-05-27 03:59:00
1748318400,30365.0,30380.0,30350.0,30350.0,9,2025-05-27 04:00:00
1748318460,30350.0,30385.0,30350.0,30385.0,10,2025-05-27 04:01:00
1748318520,30385.0,30395.0,30360.0,30395.0,4,2025-05-27 04:02:00
1748318580,30395.0,30440.0,30395.0,30440.0,15,2025-05-27 04:03:00
1748318640,30475.0,30475.0,30420.0,30420.0,47,2025-05-27 04:04:00
1748318700,30420.0,30420.0,30390.0,30420.0,14,2025-05-27 04:05:00
1748318760,30420.0,30420.0,30420.0,30420.0,5,2025-05-27 04:06:00
1748318820,30420.0,30420.0,30420.0,30420.0,8,2025-05-27 04:07:00
1748318880,30420.0,30450.0,30235.0,30320.0,258,2025-05-27 04:08:00
1748318940,30320.0,30320.0,30310.0,30315.0,12,2025-05-27 04:09:00
1748319000,30270.0,30335.0,30260.0,30260.0,25,2025-05-27 04:10:00
1748319060,30260.0,30290.0,30205.0,30290.0,91,2025-05-27 04:11:00
1748319120,30290.0,30300.0,30290.0,30300.0,4,2025-05-27 04:12:00
1748319180,30305.0,30385.0,30305.0,30305.0,11,2025-05-27 04:13:00
1748319240,30305.0,30360.0,30305.0,30360.0,26,2025-05-27 04:14:00
1748319300,30360.0,30360.0,30305.0,30305.0,1,2025-05-27 04:15:00
1748319360,30305.0,30350.0,30305.0,30350.0,2,2025-05-27 04:16:00
1748319420,30350.0,30350.0,30350.0,30350.0,1,2025-05-27 04:17:00
1748319480,30350.0,30360.0,30350.0,30360.0,25,2025-05-27 04:18:00
1748319540,30360.0,30400.0,30360.0,30400.0,7,2025-05-27 04:19:00
1748319600,30400.0,30400.0,30325.0,30325.0,7,2025-05-27 04:20:00
1748319660,30325.0,30325.0,30325.0,30325.0,0,2025-05-27 04:21:00
1748319720,30325.0,30325.0,30315.0,30325.0,5,2025-05-27 04:22:00
1748319780,30325.0,30325.0,30325.0,30325.0,1,2025-05-27 04:23:00
1748319840,30325.0,30325.0,30325.0,30325.0,11,2025-05-27 04:24:00
1748319900,30365.0,30365.0,30305.0,30305.0,6,2025-05-27 04:25:00
1748319960,30305.0,30315.0,30305.0,30315.0,2,2025-05-27 04:26:00
1748320020,30315.0,30315.0,30315.0,30315.0,0,2025-05-27 04:27:00
1748320080,30315.0,30315.0,30315.0,30315.0,0,2025-05-27 04:28:00
1748320140,30315.0,30315.0,30315.0,30315.0,0,2025-05-27 04:29:00
1748320200,30315.0,30315.0,30310.0,30310.0,6,2025-05-27 04:30:00
1748320260,30375.0,30375.0,30375.0,30375.0,1,2025-05-27 04:31:00
1748320320,30375.0,30375.0,30375.0,30375.0,0,2025-05-27 04:32:00
1748320380,30375.0,30375.0,30375.0,30375.0,0,2025-05-27 04:33:00
1748320440,30375.0,30375.0,30325.0,30370.0,5,2025-05-27 04:34:00
1748320500,30370.0,30370.0,30355.0,30355.0,1,2025-05-27 04:35:00
1748320560,30355.0,30365.0,30355.0,30355.0,4,2025-05-27 04:36:00
1748320620,30355.0,30355.0,30355.0,30355.0,0,2025-05-27 04:37:00
1748320680,30355.0,30355.0,30355.0,30355.0,0,2025-05-27 04:38:00
1748320740,30355.0,30355.0,30320.0,30320.0,2,2025-05-27 04:39:00
1748320800,30320.0,30320.0,30320.0,30320.0,0,2025-05-27 04:40:00
1748320860,30320.0,30325.0,30320.0,30325.0,1,2025-05-27 04:41:00
1748320920,30325.0,30325.0,30325.0,30325.0,0,2025-05-27 04:42:00
1748320980,30325.0,30325.0,30325.0,30325.0,0,2025-05-27 04:43:00
1748321040,30325.0,30325.0,30325.0,30325.0,0,2025-05-27 04:44:00
1748321100,30325.0,30350.0,30325.0,30350.0,1,2025-05-27 04:45:00
1748321160,30350.0,30350.0,30320.0,30320.0,1,2025-05-27 04:46:00
1748321220,30320.0,30350.0,30320.0,30345.0,4,2025-05-27 04:47:00
1748321280,30345.0,30370.0,30345.0,30370.0,6,2025-05-27 04:48:00
1748321340,30370.0,30370.0,30370.0,30370.0,0,2025-05-27 04:49:00
1748321400,30370.0,30370.0,30370.0,30370.0,1,2025-05-27 04:50:00
1748321460,30370.0,30370.0,30350.0,30350.0,4,2025-05-27 04:51:00
1748321520,30350.0,30350.0,30350.0,30350.0,2,2025-05-27 04:52:00
1748321580,30350.0,30350.0,30350.0,30350.0,0,2025-05-27 04:53:00
1748321640,30350.0,30350.0,30350.0,30350.0,0,2025-05-27 04:54:00
1748321700,30350.0,30350.0,30320.0,30320.0,2,2025-05-27 04:55:00
1748321760,30320.0,30350.0,30320.0,30350.0,2,2025-05-27 04:56:00
1748321820,30350.0,30350.0,30350.0,30350.0,1,2025-05-27 04:57:00
1748321880,30350.0,30365.0,30325.0,30325.0,3,2025-05-27 04:58:00
1748321940,30325.0,30370.0,30325.0,30370.0,5,2025-05-27 04:59:00
1748322000,30370.0,30370.0,30370.0,30370.0,0,2025-05-27 05:00:00
1748322060,30370.0,30370.0,30370.0,30370.0,0,2025-05-27 05:01:00
1748322120,30370.0,30370.0,30330.0,30330.0,1,2025-05-27 05:02:00
1748322180,30330.0,30330.0,30330.0,30330.0,1,2025-05-27 05:03:00
1748322240,30330.0,30370.0,30330.0,30370.0,1,2025-05-27 05:04:00
1748322300,30370.0,30370.0,30370.0,30370.0,0,2025-05-27 05:05:00
1748322360,30370.0,30370.0,30370.0,30370.0,0,2025-05-27 05:06:00
1748322420,30370.0,30370.0,30370.0,30370.0,0,2025-05-27 05:07:00
1748322480,30370.0,30370.0,30335.0,30335.0,10,2025-05-27 05:08:00
1748322540,30335.0,30350.0,30335.0,30350.0,6,2025-05-27 05:09:00
1748322600,30350.0,30350.0,30350.0,30350.0,0,2025-05-27 05:10:00
1748322660,30350.0,30350.0,30350.0,30350.0,0,2025-05-27 05:11:00
1748322720,30350.0,30350.0,30330.0,30330.0,5,2025-05-27 05:12:00
1748322780,30330.0,30360.0,30320.0,30320.0,1,2025-05-27 05:13:00
1748322840,30320.0,30320.0,30320.0,30320.0,1,2025-05-27 05:14:00
1748322900,30320.0,30320.0,30320.0,30320.0,0,2025-05-27 05:15:00
1748322960,30320.0,30355.0,30300.0,30305.0,27,2025-05-27 05:16:00
1748323020,30305.0,30355.0,30305.0,30355.0,4,2025-05-27 05:17:00
1748323080,30355.0,30355.0,30300.0,30345.0,17,2025-05-27 05:18:00
1748323140,30345.0,30345.0,30300.0,30300.0,1,2025-05-27 05:19:00
1748323200,30300.0,30370.0,30300.0,30315.0,10,2025-05-27 05:20:00
1748323260,30315.0,30315.0,30315.0,30315.0,0,2025-05-27 05:21:00
1748323320,30360.0,30360.0,30360.0,30360.0,2,2025-05-27 05:22:00
1748323380,30360.0,30360.0,30355.0,30355.0,1,2025-05-27 05:23:00
1748323440,30355.0,30355.0,30355.0,30355.0,0,2025-05-27 05:24:00
1748323500,30355.0,30365.0,30355.0,30365.0,1,2025-05-27 05:25:00
1748323560,30365.0,30365.0,30365.0,30365.0,0,2025-05-27 05:26:00
1748323620,30365.0,30365.0,30365.0,30365.0,0,2025-05-27 05:27:00
1748323680,30365.0,30365.0,30365.0,30365.0,0,2025-05-27 05:28:00
1748323740,30365.0,30365.0,30365.0,30365.0,0,2025-05-27 05:29:00
1748323800,30365.0,30365.0,30365.0,30365.0,0,2025-05-27 05:30:00
1748323860,30365.0,30395.0,30365.0,30375.0,48,2025-05-27 05:31:00
1748323920,30375.0,30375.0,30375.0,30375.0,0,2025-05-27 05:32:00
1748323980,30375.0,30390.0,30375.0,30390.0,47,2025-05-27 05:33:00
1748324040,30385.0,30385.0,30385.0,30385.0,3,2025-05-27 05:34:00
1748324100,30385.0,30500.0,30385.0,30490.0,40,2025-05-27 05:35:00
1748324160,30490.0,30490.0,30400.0,30400.0,4,2025-05-27 05:36:00
1748324220,30400.0,30400.0,30400.0,30400.0,0,2025-05-27 05:37:00
1748324280,30400.0,30465.0,30400.0,30405.0,4,2025-05-27 05:38:00
1748324340,30470.0,30470.0,30465.0,30465.0,4,2025-05-27 05:39:00
1748324400,30465.0,30465.0,30450.0,30450.0,3,2025-05-27 05:40:00
1748324460,30450.0,30450.0,30450.0,30450.0,0,2025-05-27 05:41:00
1748324520,30450.0,30450.0,30450.0,30450.0,0,2025-05-27 05:42:00
1748324580,30450.0,30485.0,30435.0,30435.0,14,2025-05-27 05:43:00
1748324640,30435.0,30500.0,30435.0,30440.0,52,2025-05-27 05:44:00
1748324700,30440.0,30490.0,30440.0,30445.0,6,2025-05-27 05:45:00
1748324760,30445.0,30445.0,30420.0,30420.0,33,2025-05-27 05:46:00
1748324820,30420.0,30450.0,30370.0,30385.0,19,2025-05-27 05:47:00
1748324880,30385.0,30385.0,30385.0,30385.0,0,2025-05-27 05:48:00
1748324940,30385.0,30425.0,30385.0,30425.0,1,2025-05-27 05:49:00
1748325000,30425.0,30425.0,30425.0,30425.0,0,2025-05-27 05:50:00
1748325060,30425.0,30450.0,30425.0,30450.0,8,2025-05-27 05:51:00
1748325120,30450.0,30450.0,30450.0,30450.0,0,2025-05-27 05:52:00
1748325180,30450.0,30450.0,30410.0,30410.0,1,2025-05-27 05:53:00
1748325240,30410.0,30430.0,30410.0,30430.0,3,2025-05-27 05:54:00
1748325300,30440.0,30485.0,30440.0,30480.0,40,2025-05-27 05:55:00
1748325360,30480.0,30480.0,30465.0,30465.0,3,2025-05-27 05:56:00
1748325420,30440.0,30450.0,30400.0,30400.0,29,2025-05-27 05:57:00
1748325480,30400.0,30415.0,30370.0,30380.0,38,2025-05-27 05:58:00
1748325540,30380.0,30380.0,30380.0,30380.0,0,2025-05-27 05:59:00
1748325600,30380.0,30425.0,30380.0,30425.0,2,2025-05-27 06:00:00
1748325660,30425.0,30425.0,30415.0,30415.0,1,2025-05-27 06:01:00
1748325720,30415.0,30415.0,30365.0,30365.0,9,2025-05-27 06:02:00
1748325780,30365.0,30380.0,30365.0,30380.0,2,2025-05-27 06:03:00
1748325840,30380.0,30380.0,30380.0,30380.0,0,2025-05-27 06:04:00
1748325900,30380.0,30420.0,30380.0,30420.0,1,2025-05-27 06:05:00
1748325960,30420.0,30420.0,30420.0,30420.0,0,2025-05-27 06:06:00
1748326020,30440.0,30440.0,30395.0,30395.0,6,2025-05-27 06:07:00
1748326080,30395.0,30395.0,30395.0,30395.0,0,2025-05-27 06:08:00
1748326140,30395.0,30435.0,30395.0,30435.0,1,2025-05-27 06:09:00
1748326200,30435.0,30435.0,30435.0,30435.0,0,2025-05-27 06:10:00
1748326260,30435.0,30435.0,30420.0,30420.0,5,2025-05-27 06:11:00
1748326320,30420.0,30420.0,30385.0,30385.0,3,2025-05-27 06:12:00
1748326380,30385.0,30385.0,30385.0,30385.0,0,2025-05-27 06:13:00
1748326440,30385.0,30385.0,30385.0,30385.0,0,2025-05-27 06:14:00
1748326500,30385.0,30385.0,30365.0,30365.0,8,2025-05-27 06:15:00
1748326560,30365.0,30365.0,30365.0,30365.0,0,2025-05-27 06:16:00
1748326620,30365.0,30370.0,30365.0,30370.0,1,2025-05-27 06:17:00
1748326680,30370.0,30415.0,30370.0,30415.0,1,2025-05-27 06:18:00
1748326740,30415.0,30415.0,30415.0,30415.0,1,2025-05-27 06:19:00
1748326800,30415.0,30415.0,30415.0,30415.0,0,2025-05-27 06:20:00
1748326860,30415.0,30415.0,30415.0,30415.0,0,2025-05-27 06:21:00
1748326920,30415.0,30415.0,30415.0,30415.0,0,2025-05-27 06:22:00
1748326980,30415.0,30415.0,30415.0,30415.0,2,2025-05-27 06:23:00
1748327040,30415.0,30415.0,30415.0,30415.0,0,2025-05-27 06:24:00
1748327100,30415.0,30415.0,30415.0,30415.0,0,2025-05-27 06:25:00
1748327160,30415.0,30415.0,30415.0,30415.0,0,2025-05-27 06:26:00
1748327220,30415.0,30420.0,30400.0,30400.0,4,2025-05-27 06:27:00
1748327280,30400.0,30400.0,30400.0,30400.0,0,2025-05-27 06:28:00
1748327340,30400.0,30400.0,30400.0,30400.0,1,2025-05-27 06:29:00
1748327400,30400.0,30400.0,30400.0,30400.0,0,2025-05-27 06:30:00
1748327460,30400.0,30420.0,30400.0,30420.0,1,2025-05-27 06:31:00
1748327520,30420.0,30435.0,30420.0,30435.0,3,2025-05-27 06:32:00
1748327580,30435.0,30440.0,30375.0,30375.0,5,2025-05-27 06:33:00
1748327640,30375.0,30405.0,30375.0,30405.0,1,2025-05-27 06:34:00
1748327700,30405.0,30405.0,30405.0,30405.0,0,2025-05-27 06:35:00
1748327760,30405.0,30405.0,30405.0,30405.0,0,2025-05-27 06:36:00
1748327820,30405.0,30405.0,30380.0,30380.0,3,2025-05-27 06:37:00
1748327880,30380.0,30380.0,30380.0,30380.0,1,2025-05-27 06:38:00
1748327940,30380.0,30380.0,30370.0,30370.0,4,2025-05-27 06:39:00
1748328000,30370.0,30405.0,30370.0,30405.0,1,2025-05-27 06:40:00
1748328060,30405.0,30405.0,30370.0,30370.0,6,2025-05-27 06:41:00
1748328120,30370.0,30370.0,30365.0,30365.0,3,2025-05-27 06:42:00
1748328180,30365.0,30365.0,30335.0,30335.0,21,2025-05-27 06:43:00
1748328240,30370.0,30370.0,30370.0,30370.0,1,2025-05-27 06:44:00
1748328300,30370.0,30395.0,30370.0,30395.0,6,2025-05-27 06:45:00
1748328360,30395.0,30395.0,30370.0,30370.0,1,2025-05-27 06:46:00
1748328420,30370.0,30370.0,30365.0,30365.0,1,2025-05-27 06:47:00
1748328480,30365.0,30400.0,30340.0,30340.0,51,2025-05-27 06:48:00
1748328540,30340.0,30340.0,30340.0,30340.0,0,2025-05-27 06:49:00
1748328600,30340.0,30350.0,30340.0,30350.0,1,2025-05-27 06:50:00
1748328660,30350.0,30350.0,30350.0,30350.0,1,2025-05-27 06:51:00
1748328720,30350.0,30350.0,30350.0,30350.0,1,2025-05-27 06:52:00
1748328780,30350.0,30400.0,30350.0,30365.0,26,2025-05-27 06:53:00
1748328840,30365.0,30365.0,30350.0,30350.0,3,2025-05-27 06:54:00
1748328900,30390.0,30390.0,30350.0,30350.0,3,2025-05-27 06:55:00
1748328960,30350.0,30360.0,30350.0,30360.0,1,2025-05-27 06:56:00
1748329020,30360.0,30400.0,30360.0,30400.0,1,2025-05-27 06:57:00
1748329080,30400.0,30400.0,30360.0,30395.0,2,2025-05-27 06:58:00
1748329140,30380.0,30380.0,30355.0,30355.0,10,2025-05-27 06:59:00
1748329200,30370.0,30370.0,30350.0,30350.0,7,2025-05-27 07:00:00
1748329260,30350.0,30350.0,30250.0,30320.0,89,2025-05-27 07:01:00
1748329320,30320.0,30320.0,30310.0,30310.0,6,2025-05-27 07:02:00
1748329380,30310.0,30310.0,30275.0,30310.0,3,2025-05-27 07:03:00
1748329440,30310.0,30325.0,30310.0,30325.0,31,2025-05-27 07:04:00
1748329500,30325.0,30325.0,30310.0,30310.0,2,2025-05-27 07:05:00
1748329560,30310.0,30310.0,30310.0,30310.0,0,2025-05-27 07:06:00
1748329620,30310.0,30310.0,30310.0,30310.0,1,2025-05-27 07:07:00
1748329680,30310.0,30370.0,30310.0,30310.0,8,2025-05-27 07:08:00
1748329740,30310.0,30310.0,30310.0,30310.0,1,2025-05-27 07:09:00
1748329800,30305.0,30355.0,30305.0,30355.0,3,2025-05-27 07:10:00
1748329860,30355.0,30355.0,30320.0,30320.0,1,2025-05-27 07:11:00
1748329920,30320.0,30400.0,30320.0,30335.0,85,2025-05-27 07:12:00
1748329980,30335.0,30340.0,30335.0,30340.0,1,2025-05-27 07:13:00
1748330040,30340.0,30340.0,30290.0,30290.0,26,2025-05-27 07:14:00
1748330100,30290.0,30325.0,30290.0,30325.0,5,2025-05-27 07:15:00
1748330160,30325.0,30325.0,30285.0,30315.0,2,2025-05-27 07:16:00
1748330220,30315.0,30315.0,30300.0,30300.0,5,2025-05-27 07:17:00
1748330280,30300.0,30335.0,30300.0,30335.0,3,2025-05-27 07:18:00
1748330340,30300.0,30300.0,30300.0,30300.0,1,2025-05-27 07:19:00
1748330400,30300.0,30345.0,30300.0,30310.0,3,2025-05-27 07:20:00
1748330460,30310.0,30310.0,30310.0,30310.0,1,2025-05-27 07:21:00
1748330520,30310.0,30310.0,30310.0,30310.0,1,2025-05-27 07:22:00
1748330580,30310.0,30310.0,30285.0,30295.0,4,2025-05-27 07:23:00
1748330640,30330.0,30330.0,30290.0,30290.0,2,2025-05-27 07:24:00
1748330700,30290.0,30320.0,30285.0,30285.0,2,2025-05-27 07:25:00
1748330760,30285.0,30285.0,30285.0,30285.0,1,2025-05-27 07:26:00
1748330820,30285.0,30285.0,30285.0,30285.0,0,2025-05-27 07:27:00
1748330880,30295.0,30330.0,30235.0,30295.0,39,2025-05-27 07:28:00
1748330940,30295.0,30295.0,30250.0,30250.0,1,2025-05-27 07:29:00
1748331000,30250.0,30250.0,30250.0,30250.0,0,2025-05-27 07:30:00
1748331060,30250.0,30250.0,30250.0,30250.0,0,2025-05-27 07:31:00
1748331120,30250.0,30250.0,30250.0,30250.0,0,2025-05-27 07:32:00
1748331180,30250.0,30250.0,30250.0,30250.0,0,2025-05-27 07:33:00
1748331240,30250.0,30255.0,30250.0,30255.0,1,2025-05-27 07:34:00
1748331300,30255.0,30285.0,30255.0,30285.0,1,2025-05-27 07:35:00
1748331360,30285.0,30320.0,30270.0,30270.0,14,2025-05-27 07:36:00
1748331420,30270.0,30270.0,30265.0,30265.0,2,2025-05-27 07:37:00
1748331480,30265.0,30265.0,30265.0,30265.0,0,2025-05-27 07:38:00
1748331540,30265.0,30300.0,30250.0,30255.0,15,2025-05-27 07:39:00
1748331600,30255.0,30255.0,30255.0,30255.0,2,2025-05-27 07:40:00
1748331660,30255.0,30255.0,30255.0,30255.0,0,2025-05-27 07:41:00
1748331720,30255.0,30255.0,30255.0,30255.0,0,2025-05-27 07:42:00
1748331780,30265.0,30265.0,30255.0,30255.0,21,2025-05-27 07:43:00
1748331840,30255.0,30285.0,30245.0,30245.0,4,2025-05-27 07:44:00
1748331900,30245.0,30245.0,30235.0,30235.0,2,2025-05-27 07:45:00
1748331960,30235.0,30280.0,30235.0,30280.0,16,2025-05-27 07:46:00
1748332020,30280.0,30280.0,30280.0,30280.0,0,2025-05-27 07:47:00
1748332080,30280.0,30280.0,30240.0,30240.0,2,2025-05-27 07:48:00
1748332140,30240.0,30240.0,30240.0,30240.0,0,2025-05-27 07:49:00
1748332200,30240.0,30240.0,30240.0,30240.0,1,2025-05-27 07:50:00
1748332260,30240.0,30280.0,30240.0,30280.0,2,2025-05-27 07:51:00
1748332320,30280.0,30280.0,30270.0,30270.0,1,2025-05-27 07:52:00
1748332380,30270.0,30270.0,30270.0,30270.0,3,2025-05-27 07:53:00
1748332440,30270.0,30270.0,30215.0,30215.0,30,2025-05-27 07:54:00
1748332500,30215.0,30215.0,30215.0,30215.0,2,2025-05-27 07:55:00
1748332560,30215.0,30235.0,30215.0,30225.0,42,2025-05-27 07:56:00
1748332620,30225.0,30225.0,30225.0,30225.0,0,2025-05-27 07:57:00
1748332680,30225.0,30225.0,30225.0,30225.0,0,2025-05-27 07:58:00
1748332740,30230.0,30230.0,30230.0,30230.0,1,2025-05-27 07:59:00
1748332800,30230.0,30230.0,30230.0,30230.0,0,2025-05-27 08:00:00
1748332860,30230.0,30230.0,30230.0,30230.0,0,2025-05-27 08:01:00
1748332920,30230.0,30230.0,30230.0,30230.0,0,2025-05-27 08:02:00
1748332980,30230.0,30230.0,30230.0,30230.0,0,2025-05-27 08:03:00
1748333040,30230.0,30230.0,30230.0,30230.0,0,2025-05-27 08:04:00
1748333100,30230.0,30250.0,30230.0,30250.0,1,2025-05-27 08:05:00
1748333160,30250.0,30250.0,30230.0,30230.0,2,2025-05-27 08:06:00
1748333220,30230.0,30230.0,30230.0,30230.0,0,2025-05-27 08:07:00
1748333280,30230.0,30230.0,30230.0,30230.0,0,2025-05-27 08:08:00
1748333340,30230.0,30265.0,30230.0,30230.0,12,2025-05-27 08:09:00
1748333400,30230.0,30230.0,30230.0,30230.0,0,2025-05-27 08:10:00
1748333460,30230.0,30230.0,30230.0,30230.0,0,2025-05-27 08:11:00
1748333520,30230.0,30230.0,30230.0,30230.0,1,2025-05-27 08:12:00
1748333580,30230.0,30230.0,30230.0,30230.0,0,2025-05-27 08:13:00
1748333640,30230.0,30230.0,30230.0,30230.0,0,2025-05-27 08:14:00
1748333700,30230.0,30230.0,30230.0,30230.0,1,2025-05-27 08:15:00
1748333760,30230.0,30260.0,30230.0,30260.0,3,2025-05-27 08:16:00
1748333820,30260.0,30260.0,30230.0,30230.0,1,2025-05-27 08:17:00
1748333880,30230.0,30230.0,30230.0,30230.0,1,2025-05-27 08:18:00
1748333940,30230.0,30275.0,30210.0,30210.0,41,2025-05-27 08:19:00
1748334000,30210.0,30210.0,30210.0,30210.0,0,2025-05-27 08:20:00
1748334060,30210.0,30250.0,30210.0,30250.0,2,2025-05-27 08:21:00
1748334120,30250.0,30260.0,30250.0,30260.0,1,2025-05-27 08:22:00
1748334180,30260.0,30260.0,30260.0,30260.0,0,2025-05-27 08:23:00
1748334240,30260.0,30260.0,30255.0,30255.0,5,2025-05-27 08:24:00
1748334300,30255.0,30255.0,30255.0,30255.0,0,2025-05-27 08:25:00
1748334360,30255.0,30255.0,30255.0,30255.0,0,2025-05-27 08:26:00
1748334420,30255.0,30255.0,30255.0,30255.0,0,2025-05-27 08:27:00
1748334480,30255.0,30255.0,30220.0,30220.0,1,2025-05-27 08:28:00
1748334540,30220.0,30250.0,30220.0,30250.0,1,2025-05-27 08:29:00
1748334600,30250.0,30250.0,30250.0,30250.0,0,2025-05-27 08:30:00
1748334660,30250.0,30250.0,30220.0,30220.0,1,2025-05-27 08:31:00
1748334720,30220.0,30260.0,30220.0,30260.0,6,2025-05-27 08:32:00
1748334780,30325.0,30400.0,30320.0,30365.0,189,2025-05-27 08:33:00
1748334840,30365.0,30380.0,30365.0,30365.0,5,2025-05-27 08:34:00
1748334900,30365.0,30430.0,30355.0,30355.0,16,2025-05-27 08:35:00
1748334960,30400.0,30430.0,30400.0,30430.0,9,2025-05-27 08:36:00
1748335020,30430.0,30430.0,30360.0,30360.0,34,2025-05-27 08:37:00
1748335080,30360.0,30415.0,30360.0,30415.0,3,2025-05-27 08:38:00
1748335140,30415.0,30415.0,30365.0,30405.0,7,2025-05-27 08:39:00
1748335200,30405.0,30405.0,30405.0,30405.0,0,2025-05-27 08:40:00
1748335260,30375.0,30375.0,30375.0,30375.0,1,2025-05-27 08:41:00
1748335320,30375.0,30405.0,30360.0,30405.0,7,2025-05-27 08:42:00
1748335380,30405.0,30405.0,30365.0,30365.0,19,2025-05-27 08:43:00
1748335440,30365.0,30365.0,30365.0,30365.0,1,2025-05-27 08:44:00
1748335500,30365.0,30365.0,30365.0,30365.0,0,2025-05-27 08:45:00
1748335560,30365.0,30365.0,30350.0,30350.0,1,2025-05-27 08:46:00
1748335620,30390.0,30390.0,30390.0,30390.0,1,2025-05-27 08:47:00
1748335680,30390.0,30390.0,30355.0,30355.0,1,2025-05-27 08:48:00
1748335740,30355.0,30355.0,30350.0,30350.0,1,2025-05-27 08:49:00
1748335800,30340.0,30370.0,30305.0,30305.0,32,2025-05-27 08:50:00
1748335860,30305.0,30315.0,30305.0,30315.0,1,2025-05-27 08:51:00
1748335920,30315.0,30315.0,30315.0,30315.0,0,2025-05-27 08:52:00
1748335980,30315.0,30315.0,30315.0,30315.0,1,2025-05-27 08:53:00
1748336040,30315.0,30340.0,30300.0,30340.0,7,2025-05-27 08:54:00
1748336100,30340.0,30355.0,30305.0,30355.0,3,2025-05-27 08:55:00
1748336160,30355.0,30355.0,30355.0,30355.0,0,2025-05-27 08:56:00
1748336220,30305.0,30365.0,30305.0,30350.0,4,2025-05-27 08:57:00
1748336280,30350.0,30350.0,30310.0,30310.0,1,2025-05-27 08:58:00
1748336340,30310.0,30350.0,30310.0,30350.0,1,2025-05-27 08:59:00
1748336400,30350.0,30350.0,30305.0,30305.0,12,2025-05-27 09:00:00
1748336460,30305.0,30305.0,30305.0,30305.0,0,2025-05-27 09:01:00
1748336520,30305.0,30360.0,30305.0,30310.0,7,2025-05-27 09:02:00
1748336580,30310.0,30310.0,30310.0,30310.0,0,2025-05-27 09:03:00
1748336640,30310.0,30345.0,30310.0,30345.0,3,2025-05-27 09:04:00
1748336700,30345.0,30350.0,30305.0,30305.0,6,2025-05-27 09:05:00
1748336760,30305.0,30350.0,30305.0,30350.0,4,2025-05-27 09:06:00
1748336820,30350.0,30360.0,30335.0,30335.0,2,2025-05-27 09:07:00
1748336880,30335.0,30335.0,30335.0,30335.0,0,2025-05-27 09:08:00
1748336940,30370.0,30375.0,30335.0,30335.0,6,2025-05-27 09:09:00
1748337000,30335.0,30335.0,30335.0,30335.0,0,2025-05-27 09:10:00
1748337060,30335.0,30380.0,30335.0,30380.0,13,2025-05-27 09:11:00
1748337120,30380.0,30380.0,30350.0,30350.0,2,2025-05-27 09:12:00
1748337180,30350.0,30350.0,30305.0,30305.0,48,2025-05-27 09:13:00
1748337240,30370.0,30380.0,30370.0,30380.0,22,2025-05-27 09:14:00
1748337300,30380.0,30390.0,30355.0,30355.0,10,2025-05-27 09:15:00
1748337360,30355.0,30390.0,30350.0,30350.0,10,2025-05-27 09:16:00
1748337420,30350.0,30350.0,30350.0,30350.0,0,2025-05-27 09:17:00
1748337480,30350.0,30400.0,30350.0,30400.0,50,2025-05-27 09:18:00
1748337540,30400.0,30415.0,30385.0,30385.0,10,2025-05-27 09:19:00
1748337600,30385.0,30385.0,30365.0,30365.0,7,2025-05-27 09:20:00
1748337660,30365.0,30445.0,30365.0,30445.0,26,2025-05-27 09:21:00
1748337720,30445.0,30445.0,30370.0,30410.0,7,2025-05-27 09:22:00
1748337780,30410.0,30410.0,30410.0,30410.0,0,2025-05-27 09:23:00
1748337840,30410.0,30410.0,30410.0,30410.0,14,2025-05-27 09:24:00
1748337900,30380.0,30425.0,30380.0,30425.0,2,2025-05-27 09:25:00
1748337960,30425.0,30425.0,30415.0,30415.0,1,2025-05-27 09:26:00
1748338020,30420.0,30430.0,30385.0,30385.0,4,2025-05-27 09:27:00
1748338080,30385.0,30385.0,30385.0,30385.0,0,2025-05-27 09:28:00
1748338140,30385.0,30385.0,30385.0,30385.0,0,2025-05-27 09:29:00
1748338200,30425.0,30450.0,30390.0,30390.0,25,2025-05-27 09:30:00
1748338260,30390.0,30395.0,30390.0,30395.0,1,2025-05-27 09:31:00
1748338320,30395.0,30430.0,30395.0,30425.0,2,2025-05-27 09:32:00
1748338380,30425.0,30425.0,30400.0,30400.0,4,2025-05-27 09:33:00
1748338440,30400.0,30435.0,30395.0,30395.0,3,2025-05-27 09:34:00
1748338500,30430.0,30430.0,30385.0,30385.0,27,2025-05-27 09:35:00
1748338560,30385.0,30385.0,30385.0,30385.0,0,2025-05-27 09:36:00
1748338620,30385.0,30430.0,30385.0,30430.0,2,2025-05-27 09:37:00
1748338680,30430.0,30430.0,30390.0,30425.0,11,2025-05-27 09:38:00
1748338740,30425.0,30445.0,30400.0,30420.0,77,2025-05-27 09:39:00
1748338800,30445.0,30445.0,30400.0,30440.0,44,2025-05-27 09:40:00
1748338860,30430.0,30430.0,30385.0,30400.0,15,2025-05-27 09:41:00
1748338920,30405.0,30420.0,30405.0,30420.0,5,2025-05-27 09:42:00
1748338980,30420.0,30420.0,30410.0,30410.0,3,2025-05-27 09:43:00
1748339040,30410.0,30415.0,30360.0,30360.0,8,2025-05-27 09:44:00
1748339100,30410.0,30425.0,30360.0,30425.0,15,2025-05-27 09:45:00
1748339160,30425.0,30450.0,30365.0,30445.0,223,2025-05-27 09:46:00
1748339220,30445.0,30445.0,30375.0,30440.0,3,2025-05-27 09:47:00
1748339280,30440.0,30440.0,30400.0,30400.0,5,2025-05-27 09:48:00
1748339340,30400.0,30445.0,30395.0,30440.0,21,2025-05-27 09:49:00
1748339400,30440.0,30440.0,30320.0,30370.0,53,2025-05-27 09:50:00
1748339460,30390.0,30415.0,30375.0,30415.0,12,2025-05-27 09:51:00
1748339520,30415.0,30415.0,30340.0,30340.0,18,2025-05-27 09:52:00
1748339580,30340.0,30415.0,30340.0,30415.0,4,2025-05-27 09:53:00
1748339640,30415.0,30415.0,30350.0,30350.0,22,2025-05-27 09:54:00
1748339700,30350.0,30355.0,30350.0,30355.0,3,2025-05-27 09:55:00
1748339760,30355.0,30390.0,30355.0,30390.0,2,2025-05-27 09:56:00
1748339820,30390.0,30425.0,30365.0,30375.0,28,2025-05-27 09:57:00
1748339880,30375.0,30375.0,30365.0,30365.0,4,2025-05-27 09:58:00
1748339940,30425.0,30425.0,30370.0,30425.0,14,2025-05-27 09:59:00
1748403900,30490.0,30490.0,30260.0,30260.0,22,2025-05-28 03:45:00
1748403960,30295.0,30300.0,30250.0,30285.0,38,2025-05-28 03:46:00
1748404020,30285.0,30325.0,30280.0,30325.0,15,2025-05-28 03:47:00
1748404080,30330.0,30330.0,30290.0,30290.0,13,2025-05-28 03:48:00
1748404140,30290.0,30290.0,30270.0,30290.0,4,2025-05-28 03:49:00
1748404200,30290.0,30310.0,30290.0,30290.0,16,2025-05-28 03:50:00
1748404260,30290.0,30290.0,30255.0,30255.0,6,2025-05-28 03:51:00
1748404320,30255.0,30275.0,30250.0,30265.0,13,2025-05-28 03:52:00
1748404380,30250.0,30285.0,30250.0,30285.0,7,2025-05-28 03:53:00
1748404440,30250.0,30250.0,30220.0,30220.0,5,2025-05-28 03:54:00
1748404500,30220.0,30250.0,30220.0,30225.0,3,2025-05-28 03:55:00
1748404560,30225.0,30265.0,30225.0,30265.0,3,2025-05-28 03:56:00
1748404620,30265.0,30265.0,30225.0,30225.0,13,2025-05-28 03:57:00
1748404680,30225.0,30230.0,30225.0,30230.0,2,2025-05-28 03:58:00
1748404740,30230.0,30230.0,30225.0,30225.0,4,2025-05-28 03:59:00
1748404800,30225.0,30225.0,30225.0,30225.0,15,2025-05-28 04:00:00
1748404860,30225.0,30295.0,30225.0,30290.0,28,2025-05-28 04:01:00
1748404920,30290.0,30290.0,30285.0,30285.0,1,2025-05-28 04:02:00
1748404980,30285.0,30285.0,30240.0,30275.0,6,2025-05-28 04:03:00
1748405040,30275.0,30275.0,30275.0,30275.0,0,2025-05-28 04:04:00
1748405100,30275.0,30275.0,30275.0,30275.0,2,2025-05-28 04:05:00
1748405160,30275.0,30285.0,30275.0,30285.0,1,2025-05-28 04:06:00
1748405220,30285.0,30285.0,30285.0,30285.0,1,2025-05-28 04:07:00
1748405280,30285.0,30285.0,30250.0,30250.0,1,2025-05-28 04:08:00
1748405340,30250.0,30250.0,30165.0,30165.0,128,2025-05-28 04:09:00
1748405400,30215.0,30235.0,30165.0,30210.0,49,2025-05-28 04:10:00
1748405460,30210.0,30210.0,30210.0,30210.0,1,2025-05-28 04:11:00
1748405520,30210.0,30230.0,30210.0,30230.0,4,2025-05-28 04:12:00
1748405580,30230.0,30230.0,30220.0,30220.0,7,2025-05-28 04:13:00
1748405640,30220.0,30220.0,30220.0,30220.0,0,2025-05-28 04:14:00
1748405700,30220.0,30220.0,30220.0,30220.0,0,2025-05-28 04:15:00
1748405760,30220.0,30220.0,30220.0,30220.0,0,2025-05-28 04:16:00
1748405820,30220.0,30220.0,30220.0,30220.0,12,2025-05-28 04:17:00
1748405880,30220.0,30220.0,30220.0,30220.0,9,2025-05-28 04:18:00
1748405940,30220.0,30220.0,30200.0,30220.0,11,2025-05-28 04:19:00
1748406000,30220.0,30220.0,30220.0,30220.0,1,2025-05-28 04:20:00
1748406060,30220.0,30220.0,30220.0,30220.0,0,2025-05-28 04:21:00
1748406120,30220.0,30220.0,30200.0,30200.0,2,2025-05-28 04:22:00
1748406180,30200.0,30200.0,30200.0,30200.0,1,2025-05-28 04:23:00
1748406240,30200.0,30200.0,30200.0,30200.0,3,2025-05-28 04:24:00
1748406300,30200.0,30200.0,30200.0,30200.0,5,2025-05-28 04:25:00
1748406360,30175.0,30200.0,30175.0,30200.0,4,2025-05-28 04:26:00
1748406420,30200.0,30200.0,30170.0,30200.0,2,2025-05-28 04:27:00
1748406480,30200.0,30200.0,30200.0,30200.0,2,2025-05-28 04:28:00
1748406540,30200.0,30200.0,30175.0,30200.0,35,2025-05-28 04:29:00
1748406600,30200.0,30230.0,30200.0,30230.0,2,2025-05-28 04:30:00
1748406660,30230.0,30230.0,30230.0,30230.0,2,2025-05-28 04:31:00
1748406720,30230.0,30230.0,30200.0,30200.0,2,2025-05-28 04:32:00
1748406780,30200.0,30200.0,30190.0,30190.0,4,2025-05-28 04:33:00
1748406840,30190.0,30190.0,30175.0,30175.0,2,2025-05-28 04:34:00
1748406900,30175.0,30175.0,30175.0,30175.0,5,2025-05-28 04:35:00
1748406960,30175.0,30175.0,30175.0,30175.0,0,2025-05-28 04:36:00
1748407020,30175.0,30175.0,30175.0,30175.0,0,2025-05-28 04:37:00
1748407080,30175.0,30190.0,30175.0,30190.0,4,2025-05-28 04:38:00
1748407140,30190.0,30190.0,30190.0,30190.0,0,2025-05-28 04:39:00
1748407200,30190.0,30190.0,30190.0,30190.0,1,2025-05-28 04:40:00
1748407260,30190.0,30190.0,30150.0,30150.0,23,2025-05-28 04:41:00
1748407320,30150.0,30150.0,30105.0,30110.0,19,2025-05-28 04:42:00
1748407380,30110.0,30155.0,30110.0,30155.0,3,2025-05-28 04:43:00
1748407440,30155.0,30155.0,30155.0,30155.0,0,2025-05-28 04:44:00
1748407500,30155.0,30155.0,30155.0,30155.0,0,2025-05-28 04:45:00
1748407560,30155.0,30155.0,30155.0,30155.0,0,2025-05-28 04:46:00
1748407620,30155.0,30180.0,30155.0,30155.0,3,2025-05-28 04:47:00
1748407680,30155.0,30185.0,30140.0,30185.0,3,2025-05-28 04:48:00
1748407740,30155.0,30155.0,30155.0,30155.0,1,2025-05-28 04:49:00
1748407800,30155.0,30155.0,30135.0,30135.0,6,2025-05-28 04:50:00
1748407860,30135.0,30135.0,30135.0,30135.0,0,2025-05-28 04:51:00
1748407920,30135.0,30175.0,30135.0,30175.0,2,2025-05-28 04:52:00
1748407980,30175.0,30175.0,30175.0,30175.0,0,2025-05-28 04:53:00
1748408040,30175.0,30180.0,30175.0,30180.0,20,2025-05-28 04:54:00
1748408100,30185.0,30200.0,30185.0,30200.0,23,2025-05-28 04:55:00
1748408160,30200.0,30250.0,30200.0,30250.0,28,2025-05-28 04:56:00
1748408220,30250.0,30250.0,30225.0,30225.0,5,2025-05-28 04:57:00
1748408280,30205.0,30245.0,30205.0,30245.0,12,2025-05-28 04:58:00
1748408340,30245.0,30245.0,30245.0,30245.0,0,2025-05-28 04:59:00
1748408400,30245.0,30245.0,30245.0,30245.0,0,2025-05-28 05:00:00
1748408460,30245.0,30245.0,30150.0,30150.0,27,2025-05-28 05:01:00
1748408520,30150.0,30195.0,30150.0,30195.0,1,2025-05-28 05:02:00
1748408580,30195.0,30195.0,30195.0,30195.0,0,2025-05-28 05:03:00
1748408640,30195.0,30250.0,30195.0,30250.0,33,2025-05-28 05:04:00
1748408700,30220.0,30220.0,30205.0,30220.0,24,2025-05-28 05:05:00
1748408760,30220.0,30220.0,30190.0,30190.0,1,2025-05-28 05:06:00
1748408820,30220.0,30230.0,30220.0,30230.0,22,2025-05-28 05:07:00
1748408880,30230.0,30245.0,30200.0,30220.0,17,2025-05-28 05:08:00
1748408940,30245.0,30245.0,30220.0,30240.0,10,2025-05-28 05:09:00
1748409000,30215.0,30240.0,30215.0,30240.0,22,2025-05-28 05:10:00
1748409060,30240.0,30240.0,30240.0,30240.0,0,2025-05-28 05:11:00
1748409120,30240.0,30240.0,30220.0,30220.0,8,2025-05-28 05:12:00
1748409180,30220.0,30250.0,30215.0,30250.0,25,2025-05-28 05:13:00
1748409240,30250.0,30250.0,30250.0,30250.0,0,2025-05-28 05:14:00
1748409300,30250.0,30250.0,30210.0,30210.0,7,2025-05-28 05:15:00
1748409360,30270.0,30350.0,30270.0,30305.0,27,2025-05-28 05:16:00
1748409420,30305.0,30350.0,30305.0,30345.0,11,2025-05-28 05:17:00
1748409480,30350.0,30350.0,30350.0,30350.0,2,2025-05-28 05:18:00
1748409540,30350.0,30370.0,30315.0,30315.0,6,2025-05-28 05:19:00
1748409600,30315.0,30315.0,30315.0,30315.0,0,2025-05-28 05:20:00
1748409660,30315.0,30315.0,30315.0,30315.0,0,2025-05-28 05:21:00
1748409720,30315.0,30370.0,30315.0,30370.0,6,2025-05-28 05:22:00
1748409780,30370.0,30395.0,30320.0,30395.0,16,2025-05-28 05:23:00
1748409840,30355.0,30390.0,30355.0,30385.0,8,2025-05-28 05:24:00
1748409900,30330.0,30420.0,30330.0,30390.0,25,2025-05-28 05:25:00
1748409960,30390.0,30440.0,30390.0,30440.0,20,2025-05-28 05:26:00
1748410020,30440.0,30440.0,30380.0,30380.0,15,2025-05-28 05:27:00
1748410080,30375.0,30410.0,30375.0,30410.0,40,2025-05-28 05:28:00
1748410140,30410.0,30410.0,30410.0,30410.0,1,2025-05-28 05:29:00
1748410200,30410.0,30425.0,30380.0,30425.0,5,2025-05-28 05:30:00
1748410260,30425.0,30425.0,30385.0,30425.0,5,2025-05-28 05:31:00
1748410320,30425.0,30435.0,30425.0,30435.0,4,2025-05-28 05:32:00
1748410380,30435.0,30435.0,30420.0,30425.0,4,2025-05-28 05:33:00
1748410440,30425.0,30460.0,30425.0,30460.0,1,2025-05-28 05:34:00
1748410500,30460.0,30480.0,30460.0,30480.0,7,2025-05-28 05:35:00
1748410560,30480.0,30490.0,30440.0,30485.0,29,2025-05-28 05:36:00
1748410620,30485.0,30490.0,30445.0,30490.0,11,2025-05-28 05:37:00
1748410680,30490.0,30500.0,30450.0,30495.0,54,2025-05-28 05:38:00
1748410740,30495.0,30495.0,30455.0,30455.0,10,2025-05-28 05:39:00
1748410800,30455.0,30490.0,30455.0,30455.0,3,2025-05-28 05:40:00
1748410860,30470.0,30470.0,30435.0,30460.0,19,2025-05-28 05:41:00
1748410920,30460.0,30460.0,30460.0,30460.0,0,2025-05-28 05:42:00
1748410980,30460.0,30460.0,30410.0,30455.0,3,2025-05-28 05:43:00
1748411040,30455.0,30460.0,30405.0,30455.0,15,2025-05-28 05:44:00
1748411100,30455.0,30455.0,30420.0,30420.0,1,2025-05-28 05:45:00
1748411160,30420.0,30420.0,30420.0,30420.0,0,2025-05-28 05:46:00
1748411220,30420.0,30420.0,30420.0,30420.0,0,2025-05-28 05:47:00
1748411280,30420.0,30420.0,30410.0,30410.0,1,2025-05-28 05:48:00
1748411340,30410.0,30455.0,30380.0,30390.0,19,2025-05-28 05:49:00
1748411400,30390.0,30440.0,30390.0,30435.0,56,2025-05-28 05:50:00
1748411460,30430.0,30455.0,30425.0,30455.0,20,2025-05-28 05:51:00
1748411520,30455.0,30455.0,30390.0,30390.0,4,2025-05-28 05:52:00
1748411580,30390.0,30410.0,30390.0,30410.0,1,2025-05-28 05:53:00
1748411640,30410.0,30410.0,30365.0,30365.0,1,2025-05-28 05:54:00
1748411700,30365.0,30415.0,30365.0,30415.0,3,2025-05-28 05:55:00
1748411760,30415.0,30415.0,30370.0,30390.0,3,2025-05-28 05:56:00
1748411820,30390.0,30390.0,30390.0,30390.0,0,2025-05-28 05:57:00
1748411880,30390.0,30390.0,30390.0,30390.0,0,2025-05-28 05:58:00
1748411940,30390.0,30390.0,30385.0,30385.0,3,2025-05-28 05:59:00
1748412000,30385.0,30385.0,30385.0,30385.0,0,2025-05-28 06:00:00
1748412060,30385.0,30385.0,30370.0,30385.0,5,2025-05-28 06:01:00
1748412120,30385.0,30385.0,30385.0,30385.0,0,2025-05-28 06:02:00
1748412180,30385.0,30400.0,30380.0,30395.0,9,2025-05-28 06:03:00
1748412240,30370.0,30450.0,30370.0,30450.0,20,2025-05-28 06:04:00
1748412300,30450.0,30450.0,30420.0,30420.0,4,2025-05-28 06:05:00
1748412360,30420.0,30440.0,30395.0,30395.0,20,2025-05-28 06:06:00
1748412420,30395.0,30405.0,30395.0,30405.0,2,2025-05-28 06:07:00
1748412480,30405.0,30405.0,30405.0,30405.0,0,2025-05-28 06:08:00
1748412540,30405.0,30405.0,30405.0,30405.0,0,2025-05-28 06:09:00
1748412600,30405.0,30405.0,30390.0,30390.0,3,2025-05-28 06:10:00
1748412660,30390.0,30415.0,30390.0,30415.0,4,2025-05-28 06:11:00
1748412720,30415.0,30415.0,30405.0,30405.0,2,2025-05-28 06:12:00
1748412780,30405.0,30405.0,30405.0,30405.0,0,2025-05-28 06:13:00
1748412840,30405.0,30405.0,30380.0,30380.0,2,2025-05-28 06:14:00
1748412900,30380.0,30425.0,30380.0,30425.0,8,2025-05-28 06:15:00
1748412960,30425.0,30425.0,30395.0,30395.0,3,2025-05-28 06:16:00
1748413020,30395.0,30400.0,30395.0,30400.0,1,2025-05-28 06:17:00
1748413080,30400.0,30400.0,30400.0,30400.0,1,2025-05-28 06:18:00
1748413140,30400.0,30445.0,30400.0,30445.0,16,2025-05-28 06:19:00
1748413200,30420.0,30445.0,30420.0,30445.0,3,2025-05-28 06:20:00
1748413260,30445.0,30445.0,30410.0,30410.0,2,2025-05-28 06:21:00
1748413320,30410.0,30410.0,30410.0,30410.0,0,2025-05-28 06:22:00
1748413380,30410.0,30410.0,30395.0,30410.0,2,2025-05-28 06:23:00
1748413440,30410.0,30410.0,30410.0,30410.0,0,2025-05-28 06:24:00
1748413500,30410.0,30410.0,30410.0,30410.0,0,2025-05-28 06:25:00
1748413560,30410.0,30410.0,30395.0,30395.0,2,2025-05-28 06:26:00
1748413620,30395.0,30395.0,30395.0,30395.0,0,2025-05-28 06:27:00
1748413680,30395.0,30395.0,30395.0,30395.0,0,2025-05-28 06:28:00
1748413740,30395.0,30395.0,30395.0,30395.0,1,2025-05-28 06:29:00
1748413800,30395.0,30415.0,30395.0,30415.0,4,2025-05-28 06:30:00
1748413860,30415.0,30415.0,30415.0,30415.0,0,2025-05-28 06:31:00
1748413920,30415.0,30415.0,30415.0,30415.0,0,2025-05-28 06:32:00
1748413980,30415.0,30415.0,30400.0,30410.0,3,2025-05-28 06:33:00
1748414040,30410.0,30415.0,30410.0,30415.0,1,2025-05-28 06:34:00
1748414100,30400.0,30445.0,30400.0,30445.0,5,2025-05-28 06:35:00
1748414160,30445.0,30445.0,30445.0,30445.0,0,2025-05-28 06:36:00
1748414220,30445.0,30445.0,30395.0,30430.0,7,2025-05-28 06:37:00
1748414280,30430.0,30430.0,30395.0,30425.0,2,2025-05-28 06:38:00
1748414340,30425.0,30425.0,30425.0,30425.0,0,2025-05-28 06:39:00
1748414400,30425.0,30425.0,30425.0,30425.0,0,2025-05-28 06:40:00
1748414460,30425.0,30440.0,30380.0,30385.0,22,2025-05-28 06:41:00
1748414520,30385.0,30390.0,30385.0,30390.0,1,2025-05-28 06:42:00
1748414580,30390.0,30430.0,30390.0,30430.0,4,2025-05-28 06:43:00
1748414640,30430.0,30430.0,30405.0,30405.0,4,2025-05-28 06:44:00
1748414700,30405.0,30405.0,30390.0,30390.0,1,2025-05-28 06:45:00
1748414760,30390.0,30390.0,30365.0,30365.0,2,2025-05-28 06:46:00
1748414820,30365.0,30390.0,30365.0,30390.0,5,2025-05-28 06:47:00
1748414880,30390.0,30400.0,30390.0,30400.0,1,2025-05-28 06:48:00
1748414940,30400.0,30400.0,30365.0,30365.0,2,2025-05-28 06:49:00
1748415000,30365.0,30390.0,30365.0,30390.0,1,2025-05-28 06:50:00
1748415060,30390.0,30390.0,30365.0,30390.0,2,2025-05-28 06:51:00
1748415120,30390.0,30390.0,30390.0,30390.0,0,2025-05-28 06:52:00
1748415180,30390.0,30390.0,30365.0,30365.0,1,2025-05-28 06:53:00
1748415240,30365.0,30365.0,30365.0,30365.0,0,2025-05-28 06:54:00
1748415300,30365.0,30365.0,30365.0,30365.0,0,2025-05-28 06:55:00
1748415360,30365.0,30365.0,30365.0,30365.0,0,2025-05-28 06:56:00
1748415420,30365.0,30380.0,30365.0,30380.0,6,2025-05-28 06:57:00
1748415480,30380.0,30390.0,30370.0,30390.0,3,2025-05-28 06:58:00
1748415540,30390.0,30390.0,30390.0,30390.0,0,2025-05-28 06:59:00
1748415600,30390.0,30390.0,30390.0,30390.0,0,2025-05-28 07:00:00
1748415660,30390.0,30390.0,30365.0,30365.0,1,2025-05-28 07:01:00
1748415720,30365.0,30405.0,30365.0,30395.0,6,2025-05-28 07:02:00
1748415780,30395.0,30395.0,30355.0,30355.0,5,2025-05-28 07:03:00
1748415840,30355.0,30370.0,30355.0,30365.0,3,2025-05-28 07:04:00
1748415900,30365.0,30370.0,30365.0,30370.0,2,2025-05-28 07:05:00
1748415960,30370.0,30400.0,30370.0,30400.0,33,2025-05-28 07:06:00
1748416020,30400.0,30400.0,30380.0,30380.0,3,2025-05-28 07:07:00
1748416080,30380.0,30405.0,30375.0,30375.0,3,2025-05-28 07:08:00
1748416140,30375.0,30375.0,30370.0,30370.0,1,2025-05-28 07:09:00
1748416200,30370.0,30370.0,30370.0,30370.0,1,2025-05-28 07:10:00
1748416260,30370.0,30370.0,30370.0,30370.0,2,2025-05-28 07:11:00
1748416320,30370.0,30370.0,30370.0,30370.0,0,2025-05-28 07:12:00
1748416380,30370.0,30370.0,30350.0,30370.0,5,2025-05-28 07:13:00
1748416440,30370.0,30370.0,30370.0,30370.0,0,2025-05-28 07:14:00
1748416500,30370.0,30370.0,30370.0,30370.0,1,2025-05-28 07:15:00
1748416560,30370.0,30375.0,30330.0,30375.0,20,2025-05-28 07:16:00
1748416620,30375.0,30375.0,30375.0,30375.0,0,2025-05-28 07:17:00
1748416680,30375.0,30375.0,30375.0,30375.0,6,2025-05-28 07:18:00
1748416740,30375.0,30375.0,30375.0,30375.0,1,2025-05-28 07:19:00
1748416800,30375.0,30375.0,30320.0,30370.0,2,2025-05-28 07:20:00
1748416860,30370.0,30370.0,30330.0,30370.0,5,2025-05-28 07:21:00
1748416920,30370.0,30375.0,30370.0,30375.0,1,2025-05-28 07:22:00
1748416980,30375.0,30375.0,30375.0,30375.0,0,2025-05-28 07:23:00
1748417040,30375.0,30380.0,30305.0,30305.0,146,2025-05-28 07:24:00
1748417100,30325.0,30360.0,30325.0,30360.0,4,2025-05-28 07:25:00
1748417160,30360.0,30360.0,30325.0,30335.0,4,2025-05-28 07:26:00
1748417220,30335.0,30335.0,30335.0,30335.0,0,2025-05-28 07:27:00
1748417280,30335.0,30335.0,30330.0,30330.0,2,2025-05-28 07:28:00
1748417340,30330.0,30335.0,30330.0,30335.0,29,2025-05-28 07:29:00
1748417400,30335.0,30350.0,30335.0,30350.0,9,2025-05-28 07:30:00
1748417460,30350.0,30350.0,30305.0,30320.0,2,2025-05-28 07:31:00
1748417520,30335.0,30335.0,30300.0,30310.0,9,2025-05-28 07:32:00
1748417580,30310.0,30310.0,30300.0,30300.0,1,2025-05-28 07:33:00
1748417640,30300.0,30335.0,30300.0,30335.0,41,2025-05-28 07:34:00
1748417700,30325.0,30370.0,30325.0,30370.0,12,2025-05-28 07:35:00
1748417760,30370.0,30370.0,30310.0,30310.0,1,2025-05-28 07:36:00
1748417820,30310.0,30310.0,30310.0,30310.0,0,2025-05-28 07:37:00
1748417880,30325.0,30330.0,30325.0,30330.0,4,2025-05-28 07:38:00
1748417940,30330.0,30330.0,30310.0,30310.0,2,2025-05-28 07:39:00
1748418000,30310.0,30340.0,30310.0,30340.0,4,2025-05-28 07:40:00
1748418060,30340.0,30340.0,30340.0,30340.0,0,2025-05-28 07:41:00
1748418120,30340.0,30340.0,30340.0,30340.0,0,2025-05-28 07:42:00
1748418180,30315.0,30335.0,30300.0,30300.0,28,2025-05-28 07:43:00
1748418240,30300.0,30345.0,30300.0,30300.0,30,2025-05-28 07:44:00
1748418300,30315.0,30330.0,30315.0,30320.0,6,2025-05-28 07:45:00
1748418360,30325.0,30330.0,30325.0,30330.0,6,2025-05-28 07:46:00
1748418420,30330.0,30330.0,30320.0,30320.0,2,2025-05-28 07:47:00
1748418480,30320.0,30355.0,30305.0,30355.0,5,2025-05-28 07:48:00
1748418540,30355.0,30355.0,30330.0,30350.0,9,2025-05-28 07:49:00
1748418600,30350.0,30350.0,30350.0,30350.0,1,2025-05-28 07:50:00
1748418660,30350.0,30350.0,30320.0,30320.0,2,2025-05-28 07:51:00
1748418720,30320.0,30325.0,30320.0,30325.0,2,2025-05-28 07:52:00
1748418780,30325.0,30325.0,30315.0,30315.0,2,2025-05-28 07:53:00
1748418840,30315.0,30315.0,30310.0,30310.0,1,2025-05-28 07:54:00
1748418900,30310.0,30315.0,30310.0,30315.0,2,2025-05-28 07:55:00
1748418960,30315.0,30315.0,30315.0,30315.0,0,2025-05-28 07:56:00
1748419020,30315.0,30315.0,30310.0,30310.0,2,2025-05-28 07:57:00
1748419080,30310.0,30310.0,30310.0,30310.0,0,2025-05-28 07:58:00
1748419140,30310.0,30310.0,30300.0,30300.0,6,2025-05-28 07:59:00
1748419200,30300.0,30310.0,30300.0,30310.0,3,2025-05-28 08:00:00
1748419260,30310.0,30310.0,30310.0,30310.0,2,2025-05-28 08:01:00
1748419320,30310.0,30310.0,30310.0,30310.0,2,2025-05-28 08:02:00
1748419380,30310.0,30310.0,30310.0,30310.0,1,2025-05-28 08:03:00
1748419440,30310.0,30310.0,30310.0,30310.0,0,2025-05-28 08:04:00
1748419500,30310.0,30310.0,30305.0,30305.0,8,2025-05-28 08:05:00
1748419560,30305.0,30315.0,30300.0,30300.0,3,2025-05-28 08:06:00
1748419620,30300.0,30300.0,30300.0,30300.0,0,2025-05-28 08:07:00
1748419680,30300.0,30300.0,30300.0,30300.0,1,2025-05-28 08:08:00
1748419740,30300.0,30300.0,30300.0,30300.0,1,2025-05-28 08:09:00
1748419800,30300.0,30300.0,30300.0,30300.0,0,2025-05-28 08:10:00
1748419860,30300.0,30300.0,30300.0,30300.0,1,2025-05-28 08:11:00
1748419920,30300.0,30315.0,30300.0,30315.0,2,2025-05-28 08:12:00
1748419980,30315.0,30315.0,30310.0,30310.0,3,2025-05-28 08:13:00
1748420040,30310.0,30310.0,30300.0,30300.0,3,2025-05-28 08:14:00
1748420100,30300.0,30300.0,30300.0,30300.0,1,2025-05-28 08:15:00
1748420160,30300.0,30300.0,30300.0,30300.0,0,2025-05-28 08:16:00
1748420220,30300.0,30310.0,30300.0,30310.0,2,2025-05-28 08:17:00
1748420280,30310.0,30310.0,30300.0,30300.0,1,2025-05-28 08:18:00
1748420340,30300.0,30300.0,30300.0,30300.0,2,2025-05-28 08:19:00
1748420400,30300.0,30300.0,30300.0,30300.0,0,2025-05-28 08:20:00
1748420460,30300.0,30300.0,30300.0,30300.0,0,2025-05-28 08:21:00
1748420520,30300.0,30300.0,30300.0,30300.0,0,2025-05-28 08:22:00
1748420580,30305.0,30310.0,30300.0,30310.0,24,2025-05-28 08:23:00
1748420640,30310.0,30310.0,30310.0,30310.0,0,2025-05-28 08:24:00
1748420700,30310.0,30310.0,30310.0,30310.0,0,2025-05-28 08:25:00
1748420760,30310.0,30310.0,30300.0,30300.0,3,2025-05-28 08:26:00
1748420820,30305.0,30310.0,30305.0,30310.0,7,2025-05-28 08:27:00
1748420880,30310.0,30310.0,30310.0,30310.0,0,2025-05-28 08:28:00
1748420940,30310.0,30310.0,30300.0,30300.0,1,2025-05-28 08:29:00
1748421000,30300.0,30300.0,30300.0,30300.0,0,2025-05-28 08:30:00
1748421060,30300.0,30300.0,30300.0,30300.0,0,2025-05-28 08:31:00
1748421120,30300.0,30310.0,30300.0,30310.0,1,2025-05-28 08:32:00
1748421180,30310.0,30310.0,30310.0,30310.0,0,2025-05-28 08:33:00
1748421240,30310.0,30310.0,30305.0,30305.0,1,2025-05-28 08:34:00
1748421300,30305.0,30305.0,30305.0,30305.0,0,2025-05-28 08:35:00
1748421360,30305.0,30305.0,30305.0,30305.0,0,2025-05-28 08:36:00
1748421420,30305.0,30305.0,30305.0,30305.0,0,2025-05-28 08:37:00
1748421480,30310.0,30315.0,30310.0,30315.0,4,2025-05-28 08:38:00
1748421540,30315.0,30315.0,30315.0,30315.0,0,2025-05-28 08:39:00
1748421600,30315.0,30315.0,30315.0,30315.0,2,2025-05-28 08:40:00
1748421660,30315.0,30315.0,30300.0,30300.0,2,2025-05-28 08:41:00
1748421720,30300.0,30300.0,30300.0,30300.0,2,2025-05-28 08:42:00
1748421780,30300.0,30300.0,30300.0,30300.0,0,2025-05-28 08:43:00
1748421840,30300.0,30300.0,30300.0,30300.0,0,2025-05-28 08:44:00
1748421900,30300.0,30300.0,30300.0,30300.0,0,2025-05-28 08:45:00
1748421960,30300.0,30300.0,30300.0,30300.0,1,2025-05-28 08:46:00
1748422020,30300.0,30305.0,30300.0,30305.0,1,2025-05-28 08:47:00
1748422080,30305.0,30310.0,30300.0,30300.0,2,2025-05-28 08:48:00
1748422140,30300.0,30310.0,30300.0,30310.0,3,2025-05-28 08:49:00
1748422200,30310.0,30315.0,30310.0,30315.0,3,2025-05-28 08:50:00
1748422260,30315.0,30315.0,30310.0,30310.0,2,2025-05-28 08:51:00
1748422320,30310.0,30320.0,30305.0,30320.0,8,2025-05-28 08:52:00
1748422380,30320.0,30330.0,30305.0,30330.0,6,2025-05-28 08:53:00
1748422440,30350.0,30350.0,30325.0,30325.0,8,2025-05-28 08:54:00
1748422500,30325.0,30355.0,30320.0,30355.0,5,2025-05-28 08:55:00
1748422560,30355.0,30355.0,30305.0,30310.0,2,2025-05-28 08:56:00
1748422620,30310.0,30320.0,30305.0,30320.0,7,2025-05-28 08:57:00
1748422680,30320.0,30320.0,30310.0,30310.0,4,2025-05-28 08:58:00
1748422740,30310.0,30320.0,30310.0,30320.0,3,2025-05-28 08:59:00
1748422800,30350.0,30350.0,30310.0,30310.0,4,2025-05-28 09:00:00
1748422860,30310.0,30310.0,30310.0,30310.0,2,2025-05-28 09:01:00
1748422920,30310.0,30310.0,30310.0,30310.0,0,2025-05-28 09:02:00
1748422980,30310.0,30310.0,30310.0,30310.0,0,2025-05-28 09:03:00
1748423040,30310.0,30315.0,30310.0,30310.0,5,2025-05-28 09:04:00
1748423100,30310.0,30315.0,30310.0,30315.0,2,2025-05-28 09:05:00
1748423160,30315.0,30315.0,30315.0,30315.0,0,2025-05-28 09:06:00
1748423220,30315.0,30315.0,30315.0,30315.0,0,2025-05-28 09:07:00
1748423280,30315.0,30315.0,30315.0,30315.0,0,2025-05-28 09:08:00
1748423340,30315.0,30315.0,30300.0,30315.0,9,2025-05-28 09:09:00
1748423400,30315.0,30345.0,30315.0,30345.0,2,2025-05-28 09:10:00
1748423460,30345.0,30345.0,30315.0,30315.0,2,2025-05-28 09:11:00
1748423520,30315.0,30330.0,30300.0,30330.0,6,2025-05-28 09:12:00
1748423580,30330.0,30330.0,30305.0,30310.0,2,2025-05-28 09:13:00
1748423640,30310.0,30310.0,30310.0,30310.0,0,2025-05-28 09:14:00
1748423700,30310.0,30315.0,30310.0,30315.0,4,2025-05-28 09:15:00
1748423760,30315.0,30340.0,30310.0,30310.0,3,2025-05-28 09:16:00
1748423820,30310.0,30325.0,30310.0,30325.0,3,2025-05-28 09:17:00
1748423880,30325.0,30325.0,30310.0,30310.0,1,2025-05-28 09:18:00
1748423940,30310.0,30310.0,30310.0,30310.0,1,2025-05-28 09:19:00
1748424000,30310.0,30310.0,30310.0,30310.0,0,2025-05-28 09:20:00
1748424060,30310.0,30310.0,30305.0,30310.0,3,2025-05-28 09:21:00
1748424120,30310.0,30310.0,30310.0,30310.0,0,2025-05-28 09:22:00
1748424180,30310.0,30310.0,30310.0,30310.0,0,2025-05-28 09:23:00
1748424240,30310.0,30310.0,30235.0,30235.0,675,2025-05-28 09:24:00
1748424300,30235.0,30295.0,30230.0,30290.0,49,2025-05-28 09:25:00
1748424360,30290.0,30290.0,30290.0,30290.0,14,2025-05-28 09:26:00
1748424420,30290.0,30290.0,30240.0,30240.0,15,2025-05-28 09:27:00
1748424480,30265.0,30280.0,30245.0,30270.0,36,2025-05-28 09:28:00
1748424540,30270.0,30270.0,30230.0,30250.0,4,2025-05-28 09:29:00
1748424600,30270.0,30270.0,30270.0,30270.0,1,2025-05-28 09:30:00
1748424660,30270.0,30270.0,30240.0,30240.0,11,2025-05-28 09:31:00
1748424720,30235.0,30245.0,30235.0,30245.0,3,2025-05-28 09:32:00
1748424780,30245.0,30245.0,30225.0,30230.0,13,2025-05-28 09:33:00
1748424840,30225.0,30280.0,30200.0,30225.0,51,2025-05-28 09:34:00
1748424900,30225.0,30260.0,30225.0,30240.0,8,2025-05-28 09:35:00
1748424960,30225.0,30245.0,30225.0,30235.0,5,2025-05-28 09:36:00
1748425020,30235.0,30280.0,30235.0,30270.0,5,2025-05-28 09:37:00
1748425080,30225.0,30225.0,30225.0,30225.0,21,2025-05-28 09:38:00
1748425140,30225.0,30245.0,30185.0,30245.0,44,2025-05-28 09:39:00
1748425200,30250.0,30270.0,30250.0,30270.0,7,2025-05-28 09:40:00
1748425260,30265.0,30265.0,30230.0,30255.0,4,2025-05-28 09:41:00
1748425320,30255.0,30270.0,30225.0,30270.0,33,2025-05-28 09:42:00
1748425380,30270.0,30270.0,30230.0,30240.0,5,2025-05-28 09:43:00
1748425440,30240.0,30240.0,30235.0,30240.0,11,2025-05-28 09:44:00
1748425500,30240.0,30240.0,30240.0,30240.0,8,2025-05-28 09:45:00
1748425560,30240.0,30240.0,30205.0,30240.0,66,2025-05-28 09:46:00
1748425620,30240.0,30240.0,30220.0,30225.0,12,2025-05-28 09:47:00
1748425680,30225.0,30225.0,30030.0,30065.0,717,2025-05-28 09:48:00
1748425740,30085.0,30135.0,30065.0,30065.0,157,2025-05-28 09:49:00
1748425800,30065.0,30125.0,30065.0,30095.0,44,2025-05-28 09:50:00
1748425860,30130.0,30150.0,30130.0,30150.0,14,2025-05-28 09:51:00
1748425920,30150.0,30150.0,30125.0,30150.0,20,2025-05-28 09:52:00
1748425980,30150.0,30160.0,30110.0,30160.0,95,2025-05-28 09:53:00
1748426040,30160.0,30160.0,30110.0,30125.0,7,2025-05-28 09:54:00
1748426100,30125.0,30145.0,30125.0,30145.0,16,2025-05-28 09:55:00
1748426160,30105.0,30130.0,30105.0,30125.0,29,2025-05-28 09:56:00
1748426220,30125.0,30125.0,30080.0,30100.0,83,2025-05-28 09:57:00
1748426280,30000.0,30150.0,30000.0,30070.0,283,2025-05-28 09:58:00
1748426340,30180.0,30180.0,30055.0,30055.0,16,2025-05-28 09:59:00
1748490300,30120.0,30415.0,30120.0,30205.0,80,2025-05-29 03:45:00
1748490360,30205.0,30205.0,30140.0,30140.0,26,2025-05-29 03:46:00
1748490420,30140.0,30215.0,30140.0,30170.0,26,2025-05-29 03:47:00
1748490480,30170.0,30185.0,30170.0,30185.0,2,2025-05-29 03:48:00
1748490540,30185.0,30185.0,30185.0,30185.0,1,2025-05-29 03:49:00
1748490600,30185.0,30190.0,30185.0,30185.0,10,2025-05-29 03:50:00
1748490660,30185.0,30215.0,30105.0,30185.0,72,2025-05-29 03:51:00
1748490720,30185.0,30185.0,30185.0,30185.0,1,2025-05-29 03:52:00
1748490780,30185.0,30185.0,30185.0,30185.0,0,2025-05-29 03:53:00
1748490840,30185.0,30215.0,30185.0,30215.0,2,2025-05-29 03:54:00
1748490900,30220.0,30230.0,30190.0,30190.0,7,2025-05-29 03:55:00
1748490960,30190.0,30240.0,30190.0,30200.0,109,2025-05-29 03:56:00
1748491020,30200.0,30200.0,30180.0,30180.0,1,2025-05-29 03:57:00
1748491080,30180.0,30200.0,30090.0,30130.0,74,2025-05-29 03:58:00
1748491140,30130.0,30145.0,30080.0,30125.0,19,2025-05-29 03:59:00
1748491200,30125.0,30145.0,30125.0,30145.0,5,2025-05-29 04:00:00
1748491260,30145.0,30145.0,30050.0,30090.0,24,2025-05-29 04:01:00
1748491320,30090.0,30090.0,30090.0,30090.0,6,2025-05-29 04:02:00
1748491380,30090.0,30090.0,30060.0,30065.0,13,2025-05-29 04:03:00
1748491440,30065.0,30100.0,30065.0,30100.0,5,2025-05-29 04:04:00
1748491500,30100.0,30100.0,30100.0,30100.0,0,2025-05-29 04:05:00
1748491560,30100.0,30105.0,30100.0,30100.0,17,2025-05-29 04:06:00
1748491620,30100.0,30100.0,30100.0,30100.0,0,2025-05-29 04:07:00
1748491680,30100.0,30100.0,30100.0,30100.0,2,2025-05-29 04:08:00
1748491740,30100.0,30125.0,30100.0,30125.0,1,2025-05-29 04:09:00
1748491800,30125.0,30145.0,30125.0,30145.0,10,2025-05-29 04:10:00
1748491860,30145.0,30145.0,30145.0,30145.0,7,2025-05-29 04:11:00
1748491920,30145.0,30145.0,30145.0,30145.0,1,2025-05-29 04:12:00
1748491980,30145.0,30145.0,30145.0,30145.0,0,2025-05-29 04:13:00
1748492040,30145.0,30145.0,30145.0,30145.0,0,2025-05-29 04:14:00
1748492100,30145.0,30145.0,30145.0,30145.0,5,2025-05-29 04:15:00
1748492160,30145.0,30145.0,30145.0,30145.0,0,2025-05-29 04:16:00
1748492220,30145.0,30145.0,30145.0,30145.0,0,2025-05-29 04:17:00
1748492280,30145.0,30145.0,30145.0,30145.0,0,2025-05-29 04:18:00
1748492340,30145.0,30145.0,30115.0,30115.0,1,2025-05-29 04:19:00
1748492400,30115.0,30115.0,30115.0,30115.0,0,2025-05-29 04:20:00
1748492460,30115.0,30115.0,30115.0,30115.0,0,2025-05-29 04:21:00
1748492520,30115.0,30170.0,30115.0,30170.0,8,2025-05-29 04:22:00
1748492580,30120.0,30120.0,30115.0,30115.0,35,2025-05-29 04:23:00
1748492640,30115.0,30115.0,30075.0,30075.0,5,2025-05-29 04:24:00
1748492700,30100.0,30100.0,30100.0,30100.0,2,2025-05-29 04:25:00
1748492760,30100.0,30245.0,30100.0,30245.0,50,2025-05-29 04:26:00
1748492820,30245.0,30260.0,30225.0,30225.0,4,2025-05-29 04:27:00
1748492880,30225.0,30265.0,30215.0,30265.0,20,2025-05-29 04:28:00
1748492940,30280.0,30300.0,30280.0,30300.0,6,2025-05-29 04:29:00
1748493000,30300.0,30300.0,30215.0,30260.0,19,2025-05-29 04:30:00
1748493060,30260.0,30260.0,30205.0,30245.0,24,2025-05-29 04:31:00
1748493120,30245.0,30245.0,30240.0,30245.0,36,2025-05-29 04:32:00
1748493180,30245.0,30295.0,30245.0,30290.0,5,2025-05-29 04:33:00
1748493240,30290.0,30290.0,30245.0,30245.0,7,2025-05-29 04:34:00
1748493300,30245.0,30285.0,30245.0,30285.0,3,2025-05-29 04:35:00
1748493360,30285.0,30285.0,30285.0,30285.0,3,2025-05-29 04:36:00
1748493420,30250.0,30280.0,30250.0,30280.0,6,2025-05-29 04:37:00
1748493480,30280.0,30285.0,30280.0,30285.0,3,2025-05-29 04:38:00
1748493540,30285.0,30285.0,30245.0,30285.0,4,2025-05-29 04:39:00
1748493600,30285.0,30285.0,30245.0,30285.0,4,2025-05-29 04:40:00
1748493660,30285.0,30285.0,30130.0,30235.0,85,2025-05-29 04:41:00
1748493720,30235.0,30240.0,30180.0,30180.0,6,2025-05-29 04:42:00
1748493780,30180.0,30235.0,30180.0,30220.0,3,2025-05-29 04:43:00
1748493840,30220.0,30240.0,30220.0,30240.0,3,2025-05-29 04:44:00
1748493900,30240.0,30245.0,30240.0,30245.0,3,2025-05-29 04:45:00
1748493960,30245.0,30260.0,30245.0,30255.0,8,2025-05-29 04:46:00
1748494020,30255.0,30260.0,30220.0,30250.0,4,2025-05-29 04:47:00
1748494080,30250.0,30265.0,30220.0,30255.0,6,2025-05-29 04:48:00
1748494140,30255.0,30255.0,30230.0,30255.0,5,2025-05-29 04:49:00
1748494200,30255.0,30260.0,30240.0,30240.0,3,2025-05-29 04:50:00
1748494260,30240.0,30260.0,30240.0,30260.0,4,2025-05-29 04:51:00
1748494320,30260.0,30280.0,30250.0,30250.0,3,2025-05-29 04:52:00
1748494380,30250.0,30265.0,30235.0,30265.0,5,2025-05-29 04:53:00
1748494440,30265.0,30275.0,30235.0,30275.0,6,2025-05-29 04:54:00
1748494500,30275.0,30280.0,30225.0,30225.0,5,2025-05-29 04:55:00
1748494560,30225.0,30285.0,30225.0,30240.0,5,2025-05-29 04:56:00
1748494620,30240.0,30245.0,30225.0,30245.0,13,2025-05-29 04:57:00
1748494680,30245.0,30250.0,30245.0,30245.0,3,2025-05-29 04:58:00
1748494740,30245.0,30255.0,30130.0,30145.0,27,2025-05-29 04:59:00
1748494800,30145.0,30160.0,30060.0,30060.0,31,2025-05-29 05:00:00
1748494860,30095.0,30120.0,30060.0,30075.0,13,2025-05-29 05:01:00
1748494920,30075.0,30200.0,30075.0,30200.0,37,2025-05-29 05:02:00
1748494980,30190.0,30240.0,30190.0,30235.0,8,2025-05-29 05:03:00
1748495040,30235.0,30275.0,30225.0,30240.0,15,2025-05-29 05:04:00
1748495100,30240.0,30275.0,30230.0,30250.0,7,2025-05-29 05:05:00
1748495160,30250.0,30280.0,30250.0,30280.0,3,2025-05-29 05:06:00
1748495220,30280.0,30280.0,30255.0,30270.0,5,2025-05-29 05:07:00
1748495280,30270.0,30280.0,30220.0,30220.0,5,2025-05-29 05:08:00
1748495340,30250.0,30255.0,30220.0,30220.0,7,2025-05-29 05:09:00
1748495400,30220.0,30270.0,30220.0,30270.0,3,2025-05-29 05:10:00
1748495460,30270.0,30270.0,30225.0,30260.0,7,2025-05-29 05:11:00
1748495520,30260.0,30265.0,30260.0,30265.0,3,2025-05-29 05:12:00
1748495580,30265.0,30280.0,30235.0,30265.0,5,2025-05-29 05:13:00
1748495640,30265.0,30275.0,30205.0,30205.0,78,2025-05-29 05:14:00
1748495700,30205.0,30265.0,30205.0,30255.0,5,2025-05-29 05:15:00
1748495760,30255.0,30275.0,30255.0,30275.0,3,2025-05-29 05:16:00
1748495820,30260.0,30265.0,30260.0,30265.0,9,2025-05-29 05:17:00
1748495880,30265.0,30275.0,30265.0,30275.0,4,2025-05-29 05:18:00
1748495940,30275.0,30275.0,30275.0,30275.0,3,2025-05-29 05:19:00
1748496000,30275.0,30275.0,30275.0,30275.0,3,2025-05-29 05:20:00
1748496060,30275.0,30275.0,30275.0,30275.0,3,2025-05-29 05:21:00
1748496120,30275.0,30275.0,30275.0,30275.0,3,2025-05-29 05:22:00
1748496180,30275.0,30275.0,30205.0,30205.0,7,2025-05-29 05:23:00
1748496240,30205.0,30260.0,30205.0,30260.0,3,2025-05-29 05:24:00
1748496300,30260.0,30260.0,30255.0,30255.0,4,2025-05-29 05:25:00
1748496360,30255.0,30255.0,30200.0,30200.0,4,2025-05-29 05:26:00
1748496420,30200.0,30245.0,30200.0,30200.0,5,2025-05-29 05:27:00
1748496480,30200.0,30240.0,30200.0,30235.0,3,2025-05-29 05:28:00
1748496540,30235.0,30240.0,30200.0,30240.0,5,2025-05-29 05:29:00
1748496600,30240.0,30255.0,30205.0,30205.0,14,2025-05-29 05:30:00
1748496660,30205.0,30245.0,30205.0,30245.0,3,2025-05-29 05:31:00
1748496720,30245.0,30245.0,30245.0,30245.0,3,2025-05-29 05:32:00
1748496780,30245.0,30245.0,30245.0,30245.0,3,2025-05-29 05:33:00
1748496840,30245.0,30245.0,30200.0,30235.0,8,2025-05-29 05:34:00
1748496900,30235.0,30245.0,30235.0,30245.0,3,2025-05-29 05:35:00
1748496960,30245.0,30245.0,30230.0,30230.0,3,2025-05-29 05:36:00
1748497020,30230.0,30245.0,30210.0,30210.0,9,2025-05-29 05:37:00
1748497080,30235.0,30240.0,30235.0,30235.0,5,2025-05-29 05:38:00
1748497140,30235.0,30245.0,30235.0,30245.0,5,2025-05-29 05:39:00
1748497200,30245.0,30245.0,30245.0,30245.0,3,2025-05-29 05:40:00
1748497260,30245.0,30245.0,30245.0,30245.0,3,2025-05-29 05:41:00
1748497320,30245.0,30250.0,30245.0,30250.0,5,2025-05-29 05:42:00
1748497380,30250.0,30250.0,30250.0,30250.0,3,2025-05-29 05:43:00
1748497440,30250.0,30250.0,30250.0,30250.0,3,2025-05-29 05:44:00
1748497500,30250.0,30250.0,30250.0,30250.0,3,2025-05-29 05:45:00
1748497560,30250.0,30250.0,30245.0,30245.0,4,2025-05-29 05:46:00
1748497620,30245.0,30245.0,30240.0,30240.0,3,2025-05-29 05:47:00
1748497680,30240.0,30245.0,30240.0,30245.0,4,2025-05-29 05:48:00
1748497740,30245.0,30250.0,30245.0,30250.0,3,2025-05-29 05:49:00
1748497800,30250.0,30250.0,30250.0,30250.0,3,2025-05-29 05:50:00
1748497860,30250.0,30250.0,30225.0,30225.0,7,2025-05-29 05:51:00
1748497920,30225.0,30260.0,30225.0,30255.0,9,2025-05-29 05:52:00
1748497980,30255.0,30265.0,30215.0,30215.0,11,2025-05-29 05:53:00
1748498040,30215.0,30260.0,30215.0,30260.0,5,2025-05-29 05:54:00
1748498100,30260.0,30270.0,30215.0,30265.0,6,2025-05-29 05:55:00
1748498160,30265.0,30265.0,30220.0,30260.0,7,2025-05-29 05:56:00
1748498220,30260.0,30275.0,30235.0,30275.0,6,2025-05-29 05:57:00
1748498280,30275.0,30275.0,30235.0,30235.0,14,2025-05-29 05:58:00
1748498340,30235.0,30270.0,30235.0,30270.0,3,2025-05-29 05:59:00
1748498400,30270.0,30280.0,30270.0,30280.0,3,2025-05-29 06:00:00
1748498460,30280.0,30285.0,30280.0,30285.0,3,2025-05-29 06:01:00
1748498520,30285.0,30285.0,30285.0,30285.0,3,2025-05-29 06:02:00
1748498580,30285.0,30290.0,30250.0,30250.0,4,2025-05-29 06:03:00
1748498640,30250.0,30290.0,30240.0,30275.0,7,2025-05-29 06:04:00
1748498700,30275.0,30290.0,30275.0,30290.0,3,2025-05-29 06:05:00
1748498760,30290.0,30290.0,30265.0,30290.0,6,2025-05-29 06:06:00
1748498820,30290.0,30290.0,30270.0,30290.0,3,2025-05-29 06:07:00
1748498880,30290.0,30295.0,30290.0,30295.0,3,2025-05-29 06:08:00
1748498940,30295.0,30300.0,30295.0,30300.0,16,2025-05-29 06:09:00
1748499000,30300.0,30300.0,30280.0,30300.0,3,2025-05-29 06:10:00
1748499060,30300.0,30300.0,30260.0,30290.0,8,2025-05-29 06:11:00
1748499120,30290.0,30300.0,30290.0,30300.0,3,2025-05-29 06:12:00
1748499180,30300.0,30300.0,30300.0,30300.0,3,2025-05-29 06:13:00
1748499240,30300.0,30300.0,30300.0,30300.0,5,2025-05-29 06:14:00
1748499300,30300.0,30315.0,30300.0,30315.0,3,2025-05-29 06:15:00
1748499360,30315.0,30315.0,30265.0,30310.0,5,2025-05-29 06:16:00
1748499420,30310.0,30310.0,30280.0,30305.0,4,2025-05-29 06:17:00
1748499480,30305.0,30305.0,30305.0,30305.0,3,2025-05-29 06:18:00
1748499540,30275.0,30310.0,30275.0,30310.0,4,2025-05-29 06:19:00
1748499600,30310.0,30325.0,30275.0,30325.0,6,2025-05-29 06:20:00
1748499660,30325.0,30330.0,30290.0,30330.0,4,2025-05-29 06:21:00
1748499720,30330.0,30335.0,30330.0,30335.0,4,2025-05-29 06:22:00
1748499780,30295.0,30300.0,30280.0,30300.0,14,2025-05-29 06:23:00
1748499840,30300.0,30310.0,30300.0,30310.0,3,2025-05-29 06:24:00
1748499900,30310.0,30320.0,30290.0,30320.0,3,2025-05-29 06:25:00
1748499960,30320.0,30325.0,30280.0,30280.0,8,2025-05-29 06:26:00
1748500020,30280.0,30330.0,30280.0,30330.0,3,2025-05-29 06:27:00
1748500080,30330.0,30335.0,30280.0,30325.0,21,2025-05-29 06:28:00
1748500140,30325.0,30335.0,30325.0,30335.0,3,2025-05-29 06:29:00
1748500200,30335.0,30345.0,30320.0,30345.0,3,2025-05-29 06:30:00
1748500260,30345.0,30345.0,30285.0,30285.0,4,2025-05-29 06:31:00
1748500320,30285.0,30320.0,30285.0,30300.0,6,2025-05-29 06:32:00
1748500380,30300.0,30345.0,30300.0,30345.0,4,2025-05-29 06:33:00
1748500440,30345.0,30345.0,30315.0,30315.0,3,2025-05-29 06:34:00
1748500500,30315.0,30340.0,30315.0,30320.0,3,2025-05-29 06:35:00
1748500560,30330.0,30340.0,30320.0,30320.0,4,2025-05-29 06:36:00
1748500620,30320.0,30320.0,30300.0,30320.0,3,2025-05-29 06:37:00
1748500680,30320.0,30320.0,30290.0,30290.0,4,2025-05-29 06:38:00
1748500740,30290.0,30320.0,30290.0,30320.0,3,2025-05-29 06:39:00
1748500800,30320.0,30335.0,30320.0,30335.0,5,2025-05-29 06:40:00
1748500860,30335.0,30335.0,30295.0,30325.0,5,2025-05-29 06:41:00
1748500920,30325.0,30335.0,30300.0,30300.0,6,2025-05-29 06:42:00
1748500980,30300.0,30335.0,30300.0,30335.0,4,2025-05-29 06:43:00
1748501040,30335.0,30335.0,30335.0,30335.0,3,2025-05-29 06:44:00
1748501100,30335.0,30355.0,30320.0,30325.0,53,2025-05-29 06:45:00
1748501160,30325.0,30355.0,30325.0,30355.0,3,2025-05-29 06:46:00
1748501220,30355.0,30355.0,30310.0,30310.0,5,2025-05-29 06:47:00
1748501280,30310.0,30355.0,30305.0,30305.0,4,2025-05-29 06:48:00
1748501340,30305.0,30340.0,30305.0,30340.0,5,2025-05-29 06:49:00
1748501400,30340.0,30355.0,30340.0,30355.0,3,2025-05-29 06:50:00
1748501460,30355.0,30355.0,30355.0,30355.0,3,2025-05-29 06:51:00
1748501520,30355.0,30355.0,30330.0,30340.0,17,2025-05-29 06:52:00
1748501580,30350.0,30355.0,30350.0,30355.0,7,2025-05-29 06:53:00
1748501640,30355.0,30355.0,30355.0,30355.0,3,2025-05-29 06:54:00
1748501700,30355.0,30380.0,30335.0,30380.0,81,2025-05-29 06:55:00
1748501760,30380.0,30380.0,30345.0,30380.0,19,2025-05-29 06:56:00
1748501820,30380.0,30380.0,30380.0,30380.0,4,2025-05-29 06:57:00
1748501880,30380.0,30380.0,30380.0,30380.0,3,2025-05-29 06:58:00
1748501940,30380.0,30380.0,30330.0,30330.0,6,2025-05-29 06:59:00
1748502000,30330.0,30330.0,30315.0,30320.0,8,2025-05-29 07:00:00
1748502060,30320.0,30340.0,30290.0,30290.0,7,2025-05-29 07:01:00
1748502120,30290.0,30355.0,30290.0,30350.0,5,2025-05-29 07:02:00
1748502180,30350.0,30370.0,30350.0,30370.0,3,2025-05-29 07:03:00
1748502240,30370.0,30380.0,30370.0,30380.0,3,2025-05-29 07:04:00
1748502300,30380.0,30390.0,30380.0,30380.0,5,2025-05-29 07:05:00
1748502360,30380.0,30380.0,30375.0,30380.0,4,2025-05-29 07:06:00
1748502420,30380.0,30380.0,30380.0,30380.0,3,2025-05-29 07:07:00
1748502480,30395.0,30395.0,30355.0,30370.0,14,2025-05-29 07:08:00
1748502540,30370.0,30390.0,30340.0,30340.0,5,2025-05-29 07:09:00
1748502600,30320.0,30345.0,30285.0,30345.0,11,2025-05-29 07:10:00
1748502660,30345.0,30375.0,30345.0,30375.0,3,2025-05-29 07:11:00
1748502720,30375.0,30395.0,30365.0,30395.0,32,2025-05-29 07:12:00
1748502780,30395.0,30395.0,30365.0,30370.0,3,2025-05-29 07:13:00
1748502840,30370.0,30370.0,30355.0,30355.0,5,2025-05-29 07:14:00
1748502900,30355.0,30390.0,30355.0,30370.0,4,2025-05-29 07:15:00
1748502960,30370.0,30380.0,30320.0,30320.0,57,2025-05-29 07:16:00
1748503020,30320.0,30340.0,30320.0,30340.0,3,2025-05-29 07:17:00
1748503080,30340.0,30355.0,30340.0,30355.0,4,2025-05-29 07:18:00
1748503140,30355.0,30365.0,30350.0,30350.0,4,2025-05-29 07:19:00
1748503200,30350.0,30380.0,30350.0,30380.0,6,2025-05-29 07:20:00
1748503260,30380.0,30380.0,30335.0,30335.0,4,2025-05-29 07:21:00
1748503320,30335.0,30370.0,30335.0,30365.0,4,2025-05-29 07:22:00
1748503380,30365.0,30380.0,30365.0,30380.0,3,2025-05-29 07:23:00
1748503440,30380.0,30380.0,30355.0,30375.0,3,2025-05-29 07:24:00
1748503500,30375.0,30375.0,30355.0,30375.0,4,2025-05-29 07:25:00
1748503560,30375.0,30380.0,30360.0,30360.0,3,2025-05-29 07:26:00
1748503620,30360.0,30380.0,30300.0,30360.0,14,2025-05-29 07:27:00
1748503680,30360.0,30360.0,30290.0,30290.0,17,2025-05-29 07:28:00
1748503740,30290.0,30360.0,30290.0,30345.0,5,2025-05-29 07:29:00
1748503800,30345.0,30345.0,30345.0,30345.0,3,2025-05-29 07:30:00
1748503860,30345.0,30345.0,30320.0,30345.0,4,2025-05-29 07:31:00
1748503920,30345.0,30345.0,30345.0,30345.0,3,2025-05-29 07:32:00
1748503980,30350.0,30370.0,30320.0,30320.0,8,2025-05-29 07:33:00
1748504040,30320.0,30370.0,30300.0,30320.0,19,2025-05-29 07:34:00
1748504100,30320.0,30340.0,30320.0,30340.0,33,2025-05-29 07:35:00
1748504160,30300.0,30325.0,30300.0,30325.0,5,2025-05-29 07:36:00
1748504220,30325.0,30340.0,30325.0,30340.0,3,2025-05-29 07:37:00
1748504280,30340.0,30340.0,30320.0,30340.0,3,2025-05-29 07:38:00
1748504340,30340.0,30340.0,30320.0,30335.0,3,2025-05-29 07:39:00
1748504400,30335.0,30335.0,30310.0,30310.0,3,2025-05-29 07:40:00
1748504460,30310.0,30340.0,30275.0,30340.0,6,2025-05-29 07:41:00
1748504520,30340.0,30340.0,30290.0,30330.0,9,2025-05-29 07:42:00
1748504580,30330.0,30335.0,30330.0,30335.0,3,2025-05-29 07:43:00
1748504640,30335.0,30335.0,30320.0,30320.0,3,2025-05-29 07:44:00
1748504700,30320.0,30320.0,30290.0,30290.0,18,2025-05-29 07:45:00
1748504760,30290.0,30340.0,30290.0,30340.0,12,2025-05-29 07:46:00
1748504820,30340.0,30340.0,30300.0,30300.0,13,2025-05-29 07:47:00
1748504880,30300.0,30340.0,30300.0,30340.0,3,2025-05-29 07:48:00
1748504940,30340.0,30355.0,30340.0,30355.0,8,2025-05-29 07:49:00
1748505000,30315.0,30335.0,30315.0,30335.0,5,2025-05-29 07:50:00
1748505060,30335.0,30345.0,30315.0,30345.0,6,2025-05-29 07:51:00
1748505120,30345.0,30345.0,30330.0,30340.0,4,2025-05-29 07:52:00
1748505180,30340.0,30345.0,30315.0,30345.0,5,2025-05-29 07:53:00
1748505240,30320.0,30340.0,30315.0,30340.0,5,2025-05-29 07:54:00
1748505300,30340.0,30345.0,30330.0,30330.0,3,2025-05-29 07:55:00
1748505360,30330.0,30345.0,30325.0,30345.0,3,2025-05-29 07:56:00
1748505420,30345.0,30365.0,30325.0,30355.0,10,2025-05-29 07:57:00
1748505480,30355.0,30355.0,30300.0,30305.0,5,2025-05-29 07:58:00
1748505540,30300.0,30340.0,30300.0,30340.0,4,2025-05-29 07:59:00
1748505600,30340.0,30350.0,30325.0,30350.0,3,2025-05-29 08:00:00
1748505660,30350.0,30355.0,30330.0,30330.0,4,2025-05-29 08:01:00
1748505720,30330.0,30335.0,30330.0,30335.0,3,2025-05-29 08:02:00
1748505780,30335.0,30350.0,30330.0,30350.0,3,2025-05-29 08:03:00
1748505840,30320.0,30320.0,30295.0,30310.0,20,2025-05-29 08:04:00
1748505900,30310.0,30320.0,30310.0,30320.0,3,2025-05-29 08:05:00
1748505960,30320.0,30330.0,30320.0,30330.0,3,2025-05-29 08:06:00
1748506020,30275.0,30300.0,30275.0,30300.0,79,2025-05-29 08:07:00
1748506080,30300.0,30315.0,30300.0,30315.0,3,2025-05-29 08:08:00
1748506140,30315.0,30325.0,30315.0,30315.0,3,2025-05-29 08:09:00
1748506200,30315.0,30325.0,30310.0,30320.0,6,2025-05-29 08:10:00
1748506260,30320.0,30330.0,30300.0,30300.0,3,2025-05-29 08:11:00
1748506320,30300.0,30325.0,30300.0,30325.0,3,2025-05-29 08:12:00
1748506380,30330.0,30330.0,30315.0,30330.0,5,2025-05-29 08:13:00
1748506440,30300.0,30325.0,30300.0,30325.0,6,2025-05-29 08:14:00
1748506500,30325.0,30330.0,30290.0,30330.0,9,2025-05-29 08:15:00
1748506560,30330.0,30340.0,30330.0,30340.0,4,2025-05-29 08:16:00
1748506620,30310.0,30320.0,30310.0,30320.0,5,2025-05-29 08:17:00
1748506680,30320.0,30335.0,30315.0,30315.0,3,2025-05-29 08:18:00
1748506740,30300.0,30325.0,30300.0,30325.0,10,2025-05-29 08:19:00
1748506800,30325.0,30335.0,30315.0,30320.0,8,2025-05-29 08:20:00
1748506860,30320.0,30350.0,30320.0,30350.0,3,2025-05-29 08:21:00
1748506920,30350.0,30355.0,30310.0,30355.0,4,2025-05-29 08:22:00
1748506980,30355.0,30360.0,30340.0,30360.0,3,2025-05-29 08:23:00
1748507040,30360.0,30370.0,30345.0,30370.0,12,2025-05-29 08:24:00
1748507100,30370.0,30370.0,30320.0,30320.0,5,2025-05-29 08:25:00
1748507160,30305.0,30330.0,30305.0,30330.0,5,2025-05-29 08:26:00
1748507220,30330.0,30365.0,30330.0,30365.0,4,2025-05-29 08:27:00
1748507280,30365.0,30365.0,30345.0,30345.0,3,2025-05-29 08:28:00
1748507340,30345.0,30365.0,30345.0,30365.0,3,2025-05-29 08:29:00
1748507400,30365.0,30365.0,30340.0,30340.0,3,2025-05-29 08:30:00
1748507460,30340.0,30340.0,30330.0,30330.0,12,2025-05-29 08:31:00
1748507520,30330.0,30350.0,30330.0,30330.0,6,2025-05-29 08:32:00
1748507580,30330.0,30370.0,30330.0,30370.0,3,2025-05-29 08:33:00
1748507640,30325.0,30370.0,30325.0,30370.0,8,2025-05-29 08:34:00
1748507700,30370.0,30370.0,30370.0,30370.0,3,2025-05-29 08:35:00
1748507760,30370.0,30370.0,30315.0,30360.0,16,2025-05-29 08:36:00
1748507820,30360.0,30365.0,30360.0,30365.0,3,2025-05-29 08:37:00
1748507880,30365.0,30370.0,30365.0,30370.0,4,2025-05-29 08:38:00
1748507940,30370.0,30370.0,30370.0,30370.0,3,2025-05-29 08:39:00
1748508000,30370.0,30370.0,30370.0,30370.0,3,2025-05-29 08:40:00
1748508060,30370.0,30370.0,30370.0,30370.0,8,2025-05-29 08:41:00
1748508120,30370.0,30375.0,30335.0,30335.0,8,2025-05-29 08:42:00
1748508180,30335.0,30345.0,30330.0,30345.0,3,2025-05-29 08:43:00
1748508240,30345.0,30375.0,30330.0,30330.0,20,2025-05-29 08:44:00
1748508300,30330.0,30355.0,30330.0,30355.0,3,2025-05-29 08:45:00
1748508360,30355.0,30360.0,30355.0,30360.0,3,2025-05-29 08:46:00
1748508420,30360.0,30380.0,30360.0,30380.0,3,2025-05-29 08:47:00
1748508480,30380.0,30380.0,30355.0,30355.0,3,2025-05-29 08:48:00
1748508540,30355.0,30355.0,30330.0,30330.0,6,2025-05-29 08:49:00
1748508600,30325.0,30375.0,30320.0,30375.0,7,2025-05-29 08:50:00
1748508660,30375.0,30375.0,30360.0,30360.0,3,2025-05-29 08:51:00
1748508720,30360.0,30380.0,30360.0,30380.0,4,2025-05-29 08:52:00
1748508780,30380.0,30380.0,30350.0,30375.0,5,2025-05-29 08:53:00
1748508840,30375.0,30375.0,30375.0,30375.0,3,2025-05-29 08:54:00
1748508900,30375.0,30380.0,30370.0,30370.0,3,2025-05-29 08:55:00
1748508960,30370.0,30390.0,30370.0,30390.0,3,2025-05-29 08:56:00
1748509020,30390.0,30395.0,30365.0,30395.0,4,2025-05-29 08:57:00
1748509080,30395.0,30395.0,30380.0,30380.0,3,2025-05-29 08:58:00
1748509140,30380.0,30400.0,30380.0,30400.0,3,2025-05-29 08:59:00
1748509200,30400.0,30400.0,30380.0,30380.0,3,2025-05-29 09:00:00
1748509260,30380.0,30390.0,30365.0,30390.0,4,2025-05-29 09:01:00
1748509320,30395.0,30395.0,30335.0,30375.0,8,2025-05-29 09:02:00
1748509380,30375.0,30375.0,30330.0,30330.0,6,2025-05-29 09:03:00
1748509440,30330.0,30370.0,30330.0,30370.0,6,2025-05-29 09:04:00
1748509500,30370.0,30370.0,30350.0,30370.0,14,2025-05-29 09:05:00
1748509560,30370.0,30370.0,30370.0,30370.0,4,2025-05-29 09:06:00
1748509620,30370.0,30375.0,30370.0,30375.0,4,2025-05-29 09:07:00
1748509680,30375.0,30390.0,30375.0,30390.0,3,2025-05-29 09:08:00
1748509740,30390.0,30390.0,30370.0,30370.0,3,2025-05-29 09:09:00
1748509800,30370.0,30370.0,30315.0,30360.0,12,2025-05-29 09:10:00
1748509860,30360.0,30370.0,30360.0,30370.0,3,2025-05-29 09:11:00
1748509920,30370.0,30370.0,30370.0,30370.0,3,2025-05-29 09:12:00
1748509980,30370.0,30370.0,30360.0,30360.0,5,2025-05-29 09:13:00
1748510040,30360.0,30370.0,30360.0,30370.0,3,2025-05-29 09:14:00
1748510100,30370.0,30370.0,30365.0,30365.0,3,2025-05-29 09:15:00
1748510160,30365.0,30365.0,30360.0,30360.0,3,2025-05-29 09:16:00
1748510220,30360.0,30365.0,30330.0,30360.0,5,2025-05-29 09:17:00
1748510280,30360.0,30365.0,30360.0,30365.0,3,2025-05-29 09:18:00
1748510340,30365.0,30365.0,30335.0,30335.0,5,2025-05-29 09:19:00
1748510400,30335.0,30365.0,30335.0,30365.0,3,2025-05-29 09:20:00
1748510460,30365.0,30365.0,30355.0,30355.0,3,2025-05-29 09:21:00
1748510520,30355.0,30365.0,30355.0,30355.0,4,2025-05-29 09:22:00
1748510580,30355.0,30355.0,30345.0,30345.0,4,2025-05-29 09:23:00
1748510640,30345.0,30360.0,30345.0,30355.0,4,2025-05-29 09:24:00
1748510700,30355.0,30355.0,30300.0,30330.0,26,2025-05-29 09:25:00
1748510760,30330.0,30330.0,30305.0,30330.0,6,2025-05-29 09:26:00
1748510820,30330.0,30345.0,30320.0,30320.0,4,2025-05-29 09:27:00
1748510880,30315.0,30350.0,30315.0,30345.0,7,2025-05-29 09:28:00
1748510940,30345.0,30350.0,30345.0,30350.0,3,2025-05-29 09:29:00
1748511000,30350.0,30350.0,30350.0,30350.0,3,2025-05-29 09:30:00
1748511060,30350.0,30360.0,30335.0,30335.0,4,2025-05-29 09:31:00
1748511120,30335.0,30335.0,30320.0,30320.0,34,2025-05-29 09:32:00
1748511180,30345.0,30345.0,30320.0,30330.0,5,2025-05-29 09:33:00
1748511240,30330.0,30330.0,30295.0,30325.0,23,2025-05-29 09:34:00
1748511300,30345.0,30350.0,30345.0,30350.0,29,2025-05-29 09:35:00
1748511360,30350.0,30350.0,30335.0,30335.0,5,2025-05-29 09:36:00
1748511420,30335.0,30345.0,30325.0,30325.0,8,2025-05-29 09:37:00
1748511480,30325.0,30345.0,30310.0,30345.0,6,2025-05-29 09:38:00
1748511540,30310.0,30345.0,30310.0,30345.0,7,2025-05-29 09:39:00
1748511600,30315.0,30330.0,30275.0,30275.0,32,2025-05-29 09:40:00
1748511660,30275.0,30310.0,30275.0,30310.0,4,2025-05-29 09:41:00
1748511720,30310.0,30310.0,30290.0,30305.0,5,2025-05-29 09:42:00
1748511780,30305.0,30310.0,30305.0,30305.0,6,2025-05-29 09:43:00
1748511840,30305.0,30305.0,30245.0,30245.0,35,2025-05-29 09:44:00
1748511900,30245.0,30305.0,30245.0,30305.0,27,2025-05-29 09:45:00
1748511960,30300.0,30320.0,30300.0,30300.0,10,2025-05-29 09:46:00
1748512020,30300.0,30315.0,30295.0,30310.0,12,2025-05-29 09:47:00
1748512080,30310.0,30345.0,30310.0,30345.0,16,2025-05-29 09:48:00
1748512140,30345.0,30345.0,30320.0,30340.0,4,2025-05-29 09:49:00
1748512200,30340.0,30345.0,30300.0,30315.0,45,2025-05-29 09:50:00
1748512260,30315.0,30360.0,30315.0,30360.0,25,2025-05-29 09:51:00
1748512320,30360.0,30360.0,30325.0,30360.0,11,2025-05-29 09:52:00
1748512380,30340.0,30340.0,30315.0,30325.0,23,2025-05-29 09:53:00
1748512440,30325.0,30360.0,30320.0,30350.0,24,2025-05-29 09:54:00
1748512500,30350.0,30390.0,30350.0,30390.0,84,2025-05-29 09:55:00
1748512560,30440.0,30450.0,30435.0,30450.0,53,2025-05-29 09:56:00
1748512620,30450.0,30450.0,30400.0,30400.0,12,2025-05-29 09:57:00
1748512680,30400.0,30415.0,30400.0,30405.0,34,2025-05-29 09:58:00
1748512740,30405.0,30440.0,30400.0,30400.0,79,2025-05-29 09:59:00
1748576700,30350.0,30455.0,30245.0,30295.0,87,2025-05-30 03:45:00
1748576760,30295.0,30330.0,30295.0,30330.0,2,2025-05-30 03:46:00
1748576820,30330.0,30330.0,30330.0,30330.0,0,2025-05-30 03:47:00
1748576880,30330.0,30330.0,30330.0,30330.0,0,2025-05-30 03:48:00
1748576940,30330.0,30350.0,30330.0,30350.0,3,2025-05-30 03:49:00
1748577000,30350.0,30350.0,30335.0,30335.0,1,2025-05-30 03:50:00
1748577060,30335.0,30435.0,30335.0,30435.0,26,2025-05-30 03:51:00
1748577120,30435.0,30435.0,30370.0,30380.0,20,2025-05-30 03:52:00
1748577180,30415.0,30415.0,30415.0,30415.0,1,2025-05-30 03:53:00
1748577240,30415.0,30415.0,30370.0,30370.0,2,2025-05-30 03:54:00
1748577300,30370.0,30370.0,30365.0,30365.0,4,2025-05-30 03:55:00
1748577360,30365.0,30365.0,30350.0,30350.0,16,2025-05-30 03:56:00
1748577420,30350.0,30375.0,30335.0,30375.0,5,2025-05-30 03:57:00
1748577480,30375.0,30375.0,30375.0,30375.0,5,2025-05-30 03:58:00
1748577540,30330.0,30330.0,30330.0,30330.0,52,2025-05-30 03:59:00
1748577600,30330.0,30335.0,30305.0,30335.0,81,2025-05-30 04:00:00
1748577660,30335.0,30335.0,30335.0,30335.0,1,2025-05-30 04:01:00
1748577720,30335.0,30335.0,30335.0,30335.0,0,2025-05-30 04:02:00
1748577780,30335.0,30335.0,30275.0,30275.0,11,2025-05-30 04:03:00
1748577840,30275.0,30275.0,30275.0,30275.0,0,2025-05-30 04:04:00
1748577900,30275.0,30355.0,30275.0,30355.0,3,2025-05-30 04:05:00
1748577960,30355.0,30360.0,30355.0,30360.0,1,2025-05-30 04:06:00
1748578020,30360.0,30360.0,30360.0,30360.0,3,2025-05-30 04:07:00
1748578080,30360.0,30360.0,30360.0,30360.0,0,2025-05-30 04:08:00
1748578140,30360.0,30360.0,30360.0,30360.0,0,2025-05-30 04:09:00
1748578200,30360.0,30365.0,30335.0,30365.0,4,2025-05-30 04:10:00
1748578260,30370.0,30370.0,30360.0,30370.0,5,2025-05-30 04:11:00
1748578320,30370.0,30370.0,30370.0,30370.0,15,2025-05-30 04:12:00
1748578380,30370.0,30370.0,30335.0,30335.0,25,2025-05-30 04:13:00
1748578440,30335.0,30370.0,30330.0,30370.0,11,2025-05-30 04:14:00
1748578500,30370.0,30380.0,30370.0,30380.0,10,2025-05-30 04:15:00
1748578560,30380.0,30380.0,30300.0,30300.0,39,2025-05-30 04:16:00
1748578620,30300.0,30335.0,30255.0,30290.0,19,2025-05-30 04:17:00
1748578680,30290.0,30325.0,30290.0,30325.0,9,2025-05-30 04:18:00
1748578740,30325.0,30325.0,30265.0,30265.0,10,2025-05-30 04:19:00
1748578800,30265.0,30265.0,30265.0,30265.0,24,2025-05-30 04:20:00
1748578860,30265.0,30265.0,30265.0,30265.0,0,2025-05-30 04:21:00
1748578920,30265.0,30305.0,30265.0,30305.0,3,2025-05-30 04:22:00
1748578980,30305.0,30305.0,30280.0,30280.0,1,2025-05-30 04:23:00
1748579040,30280.0,30280.0,30275.0,30275.0,2,2025-05-30 04:24:00
1748579100,30300.0,30300.0,30270.0,30270.0,5,2025-05-30 04:25:00
1748579160,30270.0,30270.0,30270.0,30270.0,0,2025-05-30 04:26:00
1748579220,30270.0,30305.0,30270.0,30305.0,2,2025-05-30 04:27:00
1748579280,30305.0,30305.0,30305.0,30305.0,0,2025-05-30 04:28:00
1748579340,30305.0,30305.0,30305.0,30305.0,2,2025-05-30 04:29:00
1748579400,30305.0,30305.0,30275.0,30275.0,4,2025-05-30 04:30:00
1748579460,30275.0,30315.0,30275.0,30315.0,2,2025-05-30 04:31:00
1748579520,30315.0,30315.0,30315.0,30315.0,0,2025-05-30 04:32:00
1748579580,30310.0,30310.0,30310.0,30310.0,3,2025-05-30 04:33:00
1748579640,30320.0,30320.0,30280.0,30280.0,2,2025-05-30 04:34:00
1748579700,30280.0,30280.0,30280.0,30280.0,0,2025-05-30 04:35:00
1748579760,30325.0,30325.0,30325.0,30325.0,1,2025-05-30 04:36:00
1748579820,30325.0,30325.0,30325.0,30325.0,0,2025-05-30 04:37:00
1748579880,30325.0,30325.0,30325.0,30325.0,10,2025-05-30 04:38:00
1748579940,30325.0,30325.0,30325.0,30325.0,0,2025-05-30 04:39:00
1748580000,30325.0,30325.0,30290.0,30290.0,2,2025-05-30 04:40:00
1748580060,30290.0,30330.0,30290.0,30330.0,1,2025-05-30 04:41:00
1748580120,30330.0,30330.0,30260.0,30275.0,20,2025-05-30 04:42:00
1748580180,30245.0,30260.0,30245.0,30260.0,32,2025-05-30 04:43:00
1748580240,30260.0,30270.0,30260.0,30260.0,4,2025-05-30 04:44:00
1748580300,30260.0,30280.0,30260.0,30280.0,3,2025-05-30 04:45:00
1748580360,30280.0,30280.0,30280.0,30280.0,7,2025-05-30 04:46:00
1748580420,30295.0,30295.0,30295.0,30295.0,34,2025-05-30 04:47:00
1748580480,30295.0,30295.0,30285.0,30285.0,1,2025-05-30 04:48:00
1748580540,30285.0,30295.0,30285.0,30295.0,7,2025-05-30 04:49:00
1748580600,30295.0,30300.0,30295.0,30300.0,1,2025-05-30 04:50:00
1748580660,30300.0,30335.0,30300.0,30335.0,19,2025-05-30 04:51:00
1748580720,30335.0,30335.0,30335.0,30335.0,1,2025-05-30 04:52:00
1748580780,30335.0,30335.0,30310.0,30310.0,4,2025-05-30 04:53:00
1748580840,30310.0,30310.0,30190.0,30190.0,35,2025-05-30 04:54:00
1748580900,30190.0,30190.0,30155.0,30160.0,6,2025-05-30 04:55:00
1748580960,30160.0,30165.0,30140.0,30160.0,17,2025-05-30 04:56:00
1748581020,30160.0,30220.0,30130.0,30185.0,21,2025-05-30 04:57:00
1748581080,30185.0,30185.0,30150.0,30150.0,6,2025-05-30 04:58:00
1748581140,30150.0,30150.0,30130.0,30130.0,6,2025-05-30 04:59:00
1748581200,30130.0,30305.0,30130.0,30260.0,22,2025-05-30 05:00:00
1748581260,30260.0,30260.0,30260.0,30260.0,1,2025-05-30 05:01:00
1748581320,30260.0,30305.0,30260.0,30305.0,1,2025-05-30 05:02:00
1748581380,30305.0,30305.0,30255.0,30255.0,3,2025-05-30 05:03:00
1748581440,30255.0,30255.0,30255.0,30255.0,0,2025-05-30 05:04:00
1748581500,30255.0,30260.0,30255.0,30255.0,2,2025-05-30 05:05:00
1748581560,30255.0,30295.0,30255.0,30295.0,2,2025-05-30 05:06:00
1748581620,30295.0,30295.0,30295.0,30295.0,0,2025-05-30 05:07:00
1748581680,30295.0,30295.0,30290.0,30290.0,1,2025-05-30 05:08:00
1748581740,30290.0,30290.0,30290.0,30290.0,3,2025-05-30 05:09:00
1748581800,30290.0,30295.0,30240.0,30240.0,8,2025-05-30 05:10:00
1748581860,30240.0,30240.0,30240.0,30240.0,0,2025-05-30 05:11:00
1748581920,30240.0,30285.0,30240.0,30285.0,1,2025-05-30 05:12:00
1748581980,30285.0,30305.0,30285.0,30305.0,33,2025-05-30 05:13:00
1748582040,30305.0,30305.0,30295.0,30295.0,1,2025-05-30 05:14:00
1748582100,30295.0,30310.0,30295.0,30310.0,1,2025-05-30 05:15:00
1748582160,30310.0,30330.0,30310.0,30330.0,1,2025-05-30 05:16:00
1748582220,30330.0,30330.0,30310.0,30310.0,1,2025-05-30 05:17:00
1748582280,30310.0,30310.0,30310.0,30310.0,4,2025-05-30 05:18:00
1748582340,30310.0,30310.0,30270.0,30270.0,58,2025-05-30 05:19:00
1748582400,30270.0,30270.0,30270.0,30270.0,0,2025-05-30 05:20:00
1748582460,30270.0,30270.0,30270.0,30270.0,0,2025-05-30 05:21:00
1748582520,30270.0,30310.0,30270.0,30310.0,2,2025-05-30 05:22:00
1748582580,30310.0,30315.0,30310.0,30315.0,2,2025-05-30 05:23:00
1748582640,30315.0,30315.0,30315.0,30315.0,0,2025-05-30 05:24:00
1748582700,30315.0,30315.0,30315.0,30315.0,0,2025-05-30 05:25:00
1748582760,30315.0,30315.0,30310.0,30315.0,2,2025-05-30 05:26:00
1748582820,30315.0,30315.0,30315.0,30315.0,1,2025-05-30 05:27:00
1748582880,30315.0,30350.0,30315.0,30350.0,30,2025-05-30 05:28:00
1748582940,30350.0,30350.0,30315.0,30315.0,1,2025-05-30 05:29:00
1748583000,30315.0,30315.0,30315.0,30315.0,0,2025-05-30 05:30:00
1748583060,30315.0,30315.0,30315.0,30315.0,0,2025-05-30 05:31:00
1748583120,30315.0,30345.0,30315.0,30345.0,1,2025-05-30 05:32:00
1748583180,30345.0,30345.0,30345.0,30345.0,2,2025-05-30 05:33:00
1748583240,30345.0,30345.0,30345.0,30345.0,0,2025-05-30 05:34:00
1748583300,30345.0,30345.0,30345.0,30345.0,1,2025-05-30 05:35:00
1748583360,30345.0,30355.0,30325.0,30325.0,13,2025-05-30 05:36:00
1748583420,30325.0,30325.0,30325.0,30325.0,7,2025-05-30 05:37:00
1748583480,30325.0,30325.0,30325.0,30325.0,0,2025-05-30 05:38:00
1748583540,30325.0,30325.0,30325.0,30325.0,0,2025-05-30 05:39:00
1748583600,30325.0,30325.0,30325.0,30325.0,0,2025-05-30 05:40:00
1748583660,30325.0,30360.0,30325.0,30360.0,2,2025-05-30 05:41:00
1748583720,30360.0,30365.0,30360.0,30365.0,1,2025-05-30 05:42:00
1748583780,30365.0,30365.0,30365.0,30365.0,0,2025-05-30 05:43:00
1748583840,30365.0,30365.0,30330.0,30330.0,1,2025-05-30 05:44:00
1748583900,30330.0,30365.0,30330.0,30365.0,1,2025-05-30 05:45:00
1748583960,30365.0,30365.0,30365.0,30365.0,0,2025-05-30 05:46:00
1748584020,30365.0,30370.0,30340.0,30340.0,6,2025-05-30 05:47:00
1748584080,30340.0,30340.0,30340.0,30340.0,0,2025-05-30 05:48:00
1748584140,30340.0,30370.0,30340.0,30370.0,1,2025-05-30 05:49:00
1748584200,30365.0,30370.0,30365.0,30370.0,4,2025-05-30 05:50:00
1748584260,30370.0,30370.0,30370.0,30370.0,0,2025-05-30 05:51:00
1748584320,30370.0,30370.0,30370.0,30370.0,0,2025-05-30 05:52:00
1748584380,30370.0,30370.0,30370.0,30370.0,1,2025-05-30 05:53:00
1748584440,30370.0,30370.0,30370.0,30370.0,3,2025-05-30 05:54:00
1748584500,30370.0,30370.0,30370.0,30370.0,29,2025-05-30 05:55:00
1748584560,30370.0,30370.0,30370.0,30370.0,0,2025-05-30 05:56:00
1748584620,30370.0,30370.0,30370.0,30370.0,1,2025-05-30 05:57:00
1748584680,30370.0,30380.0,30340.0,30380.0,5,2025-05-30 05:58:00
1748584740,30380.0,30390.0,30380.0,30390.0,9,2025-05-30 05:59:00
1748584800,30390.0,30390.0,30350.0,30350.0,2,2025-05-30 06:00:00
1748584860,30350.0,30350.0,30350.0,30350.0,0,2025-05-30 06:01:00
1748584920,30350.0,30390.0,30350.0,30390.0,2,2025-05-30 06:02:00
1748584980,30390.0,30395.0,30390.0,30395.0,2,2025-05-30 06:03:00
1748585040,30395.0,30395.0,30395.0,30395.0,1,2025-05-30 06:04:00
1748585100,30395.0,30395.0,30350.0,30350.0,3,2025-05-30 06:05:00
1748585160,30340.0,30350.0,30340.0,30350.0,8,2025-05-30 06:06:00
1748585220,30350.0,30380.0,30350.0,30380.0,1,2025-05-30 06:07:00
1748585280,30380.0,30380.0,30380.0,30380.0,0,2025-05-30 06:08:00
1748585340,30380.0,30385.0,30380.0,30385.0,15,2025-05-30 06:09:00
1748585400,30385.0,30385.0,30385.0,30385.0,1,2025-05-30 06:10:00
1748585460,30385.0,30385.0,30350.0,30350.0,2,2025-05-30 06:11:00
1748585520,30350.0,30350.0,30345.0,30345.0,1,2025-05-30 06:12:00
1748585580,30345.0,30345.0,30345.0,30345.0,0,2025-05-30 06:13:00
1748585640,30345.0,30345.0,30345.0,30345.0,0,2025-05-30 06:14:00
1748585700,30345.0,30380.0,30345.0,30380.0,3,2025-05-30 06:15:00
1748585760,30380.0,30380.0,30380.0,30380.0,0,2025-05-30 06:16:00
1748585820,30380.0,30380.0,30345.0,30345.0,1,2025-05-30 06:17:00
1748585880,30345.0,30345.0,30345.0,30345.0,0,2025-05-30 06:18:00
1748585940,30345.0,30345.0,30345.0,30345.0,0,2025-05-30 06:19:00
1748586000,30345.0,30380.0,30345.0,30380.0,1,2025-05-30 06:20:00
1748586060,30380.0,30380.0,30380.0,30380.0,0,2025-05-30 06:21:00
1748586120,30380.0,30380.0,30380.0,30380.0,2,2025-05-30 06:22:00
1748586180,30380.0,30380.0,30320.0,30320.0,42,2025-05-30 06:23:00
1748586240,30320.0,30360.0,30320.0,30360.0,1,2025-05-30 06:24:00
1748586300,30360.0,30360.0,30320.0,30355.0,2,2025-05-30 06:25:00
1748586360,30355.0,30355.0,30315.0,30315.0,2,2025-05-30 06:26:00
1748586420,30315.0,30315.0,30315.0,30315.0,0,2025-05-30 06:27:00
1748586480,30315.0,30360.0,30290.0,30320.0,56,2025-05-30 06:28:00
1748586540,30320.0,30320.0,30320.0,30320.0,0,2025-05-30 06:29:00
1748586600,30355.0,30355.0,30355.0,30355.0,1,2025-05-30 06:30:00
1748586660,30355.0,30355.0,30280.0,30280.0,37,2025-05-30 06:31:00
1748586720,30280.0,30325.0,30280.0,30325.0,4,2025-05-30 06:32:00
1748586780,30325.0,30340.0,30325.0,30340.0,2,2025-05-30 06:33:00
1748586840,30340.0,30340.0,30340.0,30340.0,0,2025-05-30 06:34:00
1748586900,30340.0,30340.0,30340.0,30340.0,0,2025-05-30 06:35:00
1748586960,30340.0,30340.0,30340.0,30340.0,0,2025-05-30 06:36:00
1748587020,30340.0,30370.0,30340.0,30370.0,1,2025-05-30 06:37:00
1748587080,30370.0,30370.0,30370.0,30370.0,0,2025-05-30 06:38:00
1748587140,30370.0,30380.0,30370.0,30380.0,1,2025-05-30 06:39:00
1748587200,30380.0,30380.0,30350.0,30350.0,2,2025-05-30 06:40:00
1748587260,30350.0,30350.0,30350.0,30350.0,1,2025-05-30 06:41:00
1748587320,30350.0,30365.0,30300.0,30300.0,21,2025-05-30 06:42:00
1748587380,30300.0,30345.0,30300.0,30345.0,1,2025-05-30 06:43:00
1748587440,30345.0,30345.0,30345.0,30345.0,0,2025-05-30 06:44:00
1748587500,30345.0,30345.0,30310.0,30310.0,2,2025-05-30 06:45:00
1748587560,30310.0,30310.0,30310.0,30310.0,0,2025-05-30 06:46:00
1748587620,30310.0,30310.0,30310.0,30310.0,0,2025-05-30 06:47:00
1748587680,30310.0,30330.0,30300.0,30300.0,2,2025-05-30 06:48:00
1748587740,30300.0,30300.0,30300.0,30300.0,0,2025-05-30 06:49:00
1748587800,30300.0,30360.0,30300.0,30360.0,27,2025-05-30 06:50:00
1748587860,30360.0,30360.0,30320.0,30320.0,3,2025-05-30 06:51:00
1748587920,30320.0,30320.0,30320.0,30320.0,0,2025-05-30 06:52:00
1748587980,30320.0,30320.0,30320.0,30320.0,0,2025-05-30 06:53:00
1748588040,30320.0,30355.0,30320.0,30355.0,1,2025-05-30 06:54:00
1748588100,30355.0,30355.0,30355.0,30355.0,0,2025-05-30 06:55:00
1748588160,30355.0,30355.0,30315.0,30315.0,3,2025-05-30 06:56:00
1748588220,30350.0,30350.0,30350.0,30350.0,2,2025-05-30 06:57:00
1748588280,30350.0,30355.0,30350.0,30355.0,2,2025-05-30 06:58:00
1748588340,30355.0,30355.0,30355.0,30355.0,0,2025-05-30 06:59:00
1748588400,30355.0,30355.0,30355.0,30355.0,0,2025-05-30 07:00:00
1748588460,30355.0,30355.0,30355.0,30355.0,0,2025-05-30 07:01:00
1748588520,30355.0,30355.0,30355.0,30355.0,0,2025-05-30 07:02:00
1748588580,30355.0,30370.0,30355.0,30370.0,6,2025-05-30 07:03:00
1748588640,30370.0,30370.0,30370.0,30370.0,0,2025-05-30 07:04:00
1748588700,30370.0,30370.0,30325.0,30325.0,1,2025-05-30 07:05:00
1748588760,30325.0,30325.0,30325.0,30325.0,0,2025-05-30 07:06:00
1748588820,30325.0,30370.0,30325.0,30370.0,1,2025-05-30 07:07:00
1748588880,30370.0,30370.0,30370.0,30370.0,0,2025-05-30 07:08:00
1748588940,30370.0,30370.0,30330.0,30330.0,1,2025-05-30 07:09:00
1748589000,30330.0,30330.0,30330.0,30330.0,0,2025-05-30 07:10:00
1748589060,30330.0,30330.0,30330.0,30330.0,1,2025-05-30 07:11:00
1748589120,30330.0,30330.0,30330.0,30330.0,0,2025-05-30 07:12:00
1748589180,30330.0,30330.0,30320.0,30320.0,2,2025-05-30 07:13:00
1748589240,30320.0,30320.0,30320.0,30320.0,0,2025-05-30 07:14:00
1748589300,30320.0,30320.0,30320.0,30320.0,0,2025-05-30 07:15:00
1748589360,30320.0,30330.0,30320.0,30330.0,1,2025-05-30 07:16:00
1748589420,30330.0,30330.0,30330.0,30330.0,0,2025-05-30 07:17:00
1748589480,30330.0,30330.0,30330.0,30330.0,1,2025-05-30 07:18:00
1748589540,30330.0,30330.0,30330.0,30330.0,0,2025-05-30 07:19:00
1748589600,30330.0,30330.0,30330.0,30330.0,1,2025-05-30 07:20:00
1748589660,30330.0,30330.0,30320.0,30320.0,1,2025-05-30 07:21:00
1748589720,30320.0,30330.0,30320.0,30330.0,1,2025-05-30 07:22:00
1748589780,30330.0,30330.0,30275.0,30310.0,32,2025-05-30 07:23:00
1748589840,30310.0,30310.0,30310.0,30310.0,0,2025-05-30 07:24:00
1748589900,30310.0,30325.0,30310.0,30325.0,1,2025-05-30 07:25:00
1748589960,30325.0,30325.0,30325.0,30325.0,0,2025-05-30 07:26:00
1748590020,30325.0,30325.0,30325.0,30325.0,0,2025-05-30 07:27:00
1748590080,30325.0,30325.0,30325.0,30325.0,0,2025-05-30 07:28:00
1748590140,30325.0,30325.0,30320.0,30320.0,1,2025-05-30 07:29:00
1748590200,30320.0,30320.0,30320.0,30320.0,0,2025-05-30 07:30:00
1748590260,30320.0,30320.0,30320.0,30320.0,0,2025-05-30 07:31:00
1748590320,30320.0,30320.0,30320.0,30320.0,0,2025-05-30 07:32:00
1748590380,30320.0,30320.0,30320.0,30320.0,1,2025-05-30 07:33:00
1748590440,30320.0,30320.0,30320.0,30320.0,0,2025-05-30 07:34:00
1748590500,30320.0,30320.0,30320.0,30320.0,0,2025-05-30 07:35:00
1748590560,30320.0,30320.0,30320.0,30320.0,0,2025-05-30 07:36:00
1748590620,30320.0,30320.0,30310.0,30310.0,1,2025-05-30 07:37:00
1748590680,30310.0,30320.0,30310.0,30320.0,1,2025-05-30 07:38:00
1748590740,30320.0,30320.0,30320.0,30320.0,0,2025-05-30 07:39:00
1748590800,30320.0,30330.0,30310.0,30330.0,2,2025-05-30 07:40:00
1748590860,30330.0,30330.0,30330.0,30330.0,0,2025-05-30 07:41:00
1748590920,30330.0,30330.0,30330.0,30330.0,1,2025-05-30 07:42:00
1748590980,30330.0,30330.0,30330.0,30330.0,0,2025-05-30 07:43:00
1748591040,30330.0,30330.0,30330.0,30330.0,0,2025-05-30 07:44:00
1748591100,30330.0,30335.0,30330.0,30330.0,2,2025-05-30 07:45:00
1748591160,30330.0,30330.0,30330.0,30330.0,1,2025-05-30 07:46:00
1748591220,30330.0,30330.0,30330.0,30330.0,0,2025-05-30 07:47:00
1748591280,30330.0,30330.0,30300.0,30300.0,1,2025-05-30 07:48:00
1748591340,30300.0,30300.0,30300.0,30300.0,1,2025-05-30 07:49:00
1748591400,30300.0,30300.0,30300.0,30300.0,0,2025-05-30 07:50:00
1748591460,30300.0,30335.0,30295.0,30295.0,24,2025-05-30 07:51:00
1748591520,30295.0,30310.0,30295.0,30310.0,7,2025-05-30 07:52:00
1748591580,30310.0,30310.0,30310.0,30310.0,0,2025-05-30 07:53:00
1748591640,30310.0,30310.0,30310.0,30310.0,0,2025-05-30 07:54:00
1748591700,30310.0,30310.0,30310.0,30310.0,1,2025-05-30 07:55:00
1748591760,30310.0,30310.0,30310.0,30310.0,0,2025-05-30 07:56:00
1748591820,30310.0,30350.0,30310.0,30350.0,15,2025-05-30 07:57:00
1748591880,30350.0,30350.0,30350.0,30350.0,1,2025-05-30 07:58:00
1748591940,30350.0,30350.0,30310.0,30345.0,7,2025-05-30 07:59:00
1748592000,30345.0,30345.0,30300.0,30305.0,17,2025-05-30 08:00:00
1748592060,30305.0,30305.0,30295.0,30295.0,1,2025-05-30 08:01:00
1748592120,30295.0,30330.0,30295.0,30295.0,16,2025-05-30 08:02:00
1748592180,30295.0,30355.0,30295.0,30355.0,6,2025-05-30 08:03:00
1748592240,30355.0,30355.0,30315.0,30340.0,2,2025-05-30 08:04:00
1748592300,30340.0,30340.0,30315.0,30315.0,1,2025-05-30 08:05:00
1748592360,30315.0,30315.0,30315.0,30315.0,0,2025-05-30 08:06:00
1748592420,30315.0,30315.0,30315.0,30315.0,0,2025-05-30 08:07:00
1748592480,30315.0,30345.0,30315.0,30345.0,1,2025-05-30 08:08:00
1748592540,30345.0,30345.0,30345.0,30345.0,0,2025-05-30 08:09:00
1748592600,30345.0,30345.0,30345.0,30345.0,0,2025-05-30 08:10:00
1748592660,30345.0,30345.0,30305.0,30305.0,3,2025-05-30 08:11:00
1748592720,30305.0,30305.0,30300.0,30300.0,1,2025-05-30 08:12:00
1748592780,30300.0,30300.0,30300.0,30300.0,0,2025-05-30 08:13:00
1748592840,30300.0,30300.0,30300.0,30300.0,0,2025-05-30 08:14:00
1748592900,30300.0,30300.0,30300.0,30300.0,0,2025-05-30 08:15:00
1748592960,30300.0,30300.0,30300.0,30300.0,0,2025-05-30 08:16:00
1748593020,30300.0,30340.0,30300.0,30340.0,3,2025-05-30 08:17:00
1748593080,30340.0,30340.0,30340.0,30340.0,0,2025-05-30 08:18:00
1748593140,30340.0,30340.0,30340.0,30340.0,0,2025-05-30 08:19:00
1748593200,30340.0,30340.0,30340.0,30340.0,0,2025-05-30 08:20:00
1748593260,30340.0,30340.0,30340.0,30340.0,1,2025-05-30 08:21:00
1748593320,30340.0,30340.0,30340.0,30340.0,0,2025-05-30 08:22:00
1748593380,30340.0,30340.0,30295.0,30295.0,1,2025-05-30 08:23:00
1748593440,30295.0,30295.0,30295.0,30295.0,0,2025-05-30 08:24:00
1748593500,30295.0,30345.0,30295.0,30345.0,1,2025-05-30 08:25:00
1748593560,30345.0,30400.0,30295.0,30345.0,192,2025-05-30 08:26:00
1748593620,30345.0,30345.0,30345.0,30345.0,0,2025-05-30 08:27:00
1748593680,30345.0,30380.0,30345.0,30345.0,3,2025-05-30 08:28:00
1748593740,30345.0,30345.0,30345.0,30345.0,0,2025-05-30 08:29:00
1748593800,30345.0,30385.0,30335.0,30335.0,5,2025-05-30 08:30:00
1748593860,30335.0,30345.0,30335.0,30345.0,2,2025-05-30 08:31:00
1748593920,30345.0,30345.0,30345.0,30345.0,4,2025-05-30 08:32:00
1748593980,30345.0,30345.0,30345.0,30345.0,0,2025-05-30 08:33:00
1748594040,30345.0,30370.0,30345.0,30370.0,1,2025-05-30 08:34:00
1748594100,30370.0,30370.0,30335.0,30335.0,6,2025-05-30 08:35:00
1748594160,30335.0,30335.0,30335.0,30335.0,0,2025-05-30 08:36:00
1748594220,30335.0,30335.0,30335.0,30335.0,22,2025-05-30 08:37:00
1748594280,30335.0,30370.0,30335.0,30370.0,1,2025-05-30 08:38:00
1748594340,30370.0,30370.0,30370.0,30370.0,0,2025-05-30 08:39:00
1748594400,30370.0,30370.0,30370.0,30370.0,0,2025-05-30 08:40:00
1748594460,30370.0,30370.0,30335.0,30335.0,1,2025-05-30 08:41:00
1748594520,30335.0,30335.0,30335.0,30335.0,0,2025-05-30 08:42:00
1748594580,30365.0,30365.0,30365.0,30365.0,1,2025-05-30 08:43:00
1748594640,30365.0,30365.0,30365.0,30365.0,0,2025-05-30 08:44:00
1748594700,30365.0,30365.0,30365.0,30365.0,0,2025-05-30 08:45:00
1748594760,30365.0,30365.0,30365.0,30365.0,1,2025-05-30 08:46:00
1748594820,30365.0,30365.0,30365.0,30365.0,1,2025-05-30 08:47:00
1748594880,30365.0,30385.0,30365.0,30380.0,11,2025-05-30 08:48:00
1748594940,30380.0,30380.0,30380.0,30380.0,0,2025-05-30 08:49:00
1748595000,30380.0,30380.0,30340.0,30380.0,4,2025-05-30 08:50:00
1748595060,30380.0,30385.0,30335.0,30380.0,24,2025-05-30 08:51:00
1748595120,30380.0,30380.0,30345.0,30345.0,2,2025-05-30 08:52:00
1748595180,30345.0,30345.0,30345.0,30345.0,0,2025-05-30 08:53:00
1748595240,30345.0,30345.0,30345.0,30345.0,0,2025-05-30 08:54:00
1748595300,30345.0,30345.0,30340.0,30340.0,4,2025-05-30 08:55:00
1748595360,30340.0,30380.0,30340.0,30380.0,2,2025-05-30 08:56:00
1748595420,30380.0,30380.0,30380.0,30380.0,0,2025-05-30 08:57:00
1748595480,30380.0,30380.0,30375.0,30375.0,1,2025-05-30 08:58:00
1748595540,30375.0,30375.0,30345.0,30375.0,11,2025-05-30 08:59:00
1748595600,30375.0,30375.0,30375.0,30375.0,1,2025-05-30 09:00:00
1748595660,30375.0,30375.0,30375.0,30375.0,1,2025-05-30 09:01:00
1748595720,30375.0,30375.0,30375.0,30375.0,1,2025-05-30 09:02:00
1748595780,30375.0,30375.0,30310.0,30320.0,21,2025-05-30 09:03:00
1748595840,30320.0,30370.0,30320.0,30330.0,8,2025-05-30 09:04:00
1748595900,30330.0,30370.0,30330.0,30370.0,1,2025-05-30 09:05:00
1748595960,30370.0,30370.0,30325.0,30325.0,2,2025-05-30 09:06:00
1748596020,30325.0,30370.0,30325.0,30370.0,1,2025-05-30 09:07:00
1748596080,30370.0,30370.0,30365.0,30365.0,2,2025-05-30 09:08:00
1748596140,30365.0,30365.0,30325.0,30325.0,1,2025-05-30 09:09:00
1748596200,30320.0,30330.0,30320.0,30330.0,68,2025-05-30 09:10:00
1748596260,30320.0,30335.0,30320.0,30335.0,3,2025-05-30 09:11:00
1748596320,30335.0,30335.0,30305.0,30305.0,1,2025-05-30 09:12:00
1748596380,30305.0,30335.0,30305.0,30305.0,3,2025-05-30 09:13:00
1748596440,30305.0,30325.0,30305.0,30325.0,3,2025-05-30 09:14:00
1748596500,30325.0,30325.0,30325.0,30325.0,0,2025-05-30 09:15:00
1748596560,30325.0,30330.0,30325.0,30330.0,4,2025-05-30 09:16:00
1748596620,30330.0,30350.0,30330.0,30350.0,1,2025-05-30 09:17:00
1748596680,30350.0,30350.0,30350.0,30350.0,0,2025-05-30 09:18:00
1748596740,30350.0,30350.0,30300.0,30300.0,8,2025-05-30 09:19:00
1748596800,30300.0,30325.0,30300.0,30325.0,2,2025-05-30 09:20:00
1748596860,30325.0,30325.0,30325.0,30325.0,2,2025-05-30 09:21:00
1748596920,30325.0,30345.0,30325.0,30345.0,4,2025-05-30 09:22:00
1748596980,30345.0,30345.0,30345.0,30345.0,0,2025-05-30 09:23:00
1748597040,30345.0,30345.0,30310.0,30310.0,3,2025-05-30 09:24:00
1748597100,30310.0,30310.0,30310.0,30310.0,0,2025-05-30 09:25:00
1748597160,30310.0,30350.0,30305.0,30350.0,6,2025-05-30 09:26:00
1748597220,30350.0,30350.0,30350.0,30350.0,2,2025-05-30 09:27:00
1748597280,30350.0,30350.0,30335.0,30345.0,10,2025-05-30 09:28:00
1748597340,30345.0,30345.0,30280.0,30310.0,22,2025-05-30 09:29:00
1748597400,30335.0,30335.0,30335.0,30335.0,5,2025-05-30 09:30:00
1748597460,30335.0,30335.0,30335.0,30335.0,0,2025-05-30 09:31:00
1748597520,30295.0,30350.0,30295.0,30350.0,29,2025-05-30 09:32:00
1748597580,30350.0,30350.0,30350.0,30350.0,0,2025-05-30 09:33:00
1748597640,30350.0,30350.0,30280.0,30310.0,33,2025-05-30 09:34:00
1748597700,30310.0,30310.0,30275.0,30275.0,11,2025-05-30 09:35:00
1748597760,30275.0,30310.0,30275.0,30310.0,18,2025-05-30 09:36:00
1748597820,30310.0,30310.0,30280.0,30280.0,3,2025-05-30 09:37:00
1748597880,30280.0,30280.0,30280.0,30280.0,1,2025-05-30 09:38:00
1748597940,30280.0,30315.0,30280.0,30315.0,5,2025-05-30 09:39:00
1748598000,30315.0,30315.0,30280.0,30295.0,10,2025-05-30 09:40:00
1748598060,30295.0,30315.0,30295.0,30315.0,1,2025-05-30 09:41:00
1748598120,30315.0,30315.0,30315.0,30315.0,0,2025-05-30 09:42:00
1748598180,30315.0,30315.0,30305.0,30305.0,1,2025-05-30 09:43:00
1748598240,30305.0,30305.0,30270.0,30300.0,9,2025-05-30 09:44:00
1748598300,30300.0,30300.0,30265.0,30265.0,35,2025-05-30 09:45:00
1748598360,30310.0,30310.0,30265.0,30300.0,54,2025-05-30 09:46:00
1748598420,30300.0,30300.0,30240.0,30240.0,9,2025-05-30 09:47:00
1748598480,30240.0,30295.0,30240.0,30260.0,2,2025-05-30 09:48:00
1748598540,30260.0,30350.0,30260.0,30350.0,30,2025-05-30 09:49:00
1748598600,30350.0,30410.0,30350.0,30400.0,170,2025-05-30 09:50:00
1748598660,30400.0,30545.0,30400.0,30515.0,407,2025-05-30 09:51:00
1748598720,30545.0,30545.0,30485.0,30520.0,75,2025-05-30 09:52:00
1748598780,30545.0,30545.0,30465.0,30465.0,32,2025-05-30 09:53:00
1748598840,30465.0,30500.0,30465.0,30500.0,3,2025-05-30 09:54:00
1748598900,30465.0,30495.0,30465.0,30495.0,57,2025-05-30 09:55:00
1748598960,30495.0,30495.0,30465.0,30475.0,20,2025-05-30 09:56:00
1748599020,30475.0,30525.0,30465.0,30525.0,105,2025-05-30 09:57:00
1748599080,30525.0,30525.0,30500.0,30525.0,17,2025-05-30 09:58:00
1748599140,30525.0,30620.0,30500.0,30620.0,448,2025-05-30 09:59:00
1748835900,30455.0,30585.0,30110.0,30200.0,149,2025-06-02 03:45:00
1748835960,30200.0,30435.0,30155.0,30250.0,89,2025-06-02 03:46:00
1748836020,30250.0,30250.0,30180.0,30200.0,53,2025-06-02 03:47:00
1748836080,30200.0,30285.0,30200.0,30285.0,5,2025-06-02 03:48:00
1748836140,30210.0,30295.0,30210.0,30290.0,19,2025-06-02 03:49:00
1748836200,30290.0,30290.0,30200.0,30200.0,10,2025-06-02 03:50:00
1748836260,30200.0,30260.0,30200.0,30260.0,11,2025-06-02 03:51:00
1748836320,30200.0,30205.0,30200.0,30205.0,2,2025-06-02 03:52:00
1748836380,30205.0,30230.0,30205.0,30220.0,32,2025-06-02 03:53:00
1748836440,30220.0,30220.0,30220.0,30220.0,0,2025-06-02 03:54:00
1748836500,30220.0,30220.0,30220.0,30220.0,0,2025-06-02 03:55:00
1748836560,30220.0,30290.0,30220.0,30230.0,2,2025-06-02 03:56:00
1748836620,30225.0,30300.0,30225.0,30240.0,23,2025-06-02 03:57:00
1748836680,30290.0,30390.0,30290.0,30390.0,23,2025-06-02 03:58:00
1748836740,30390.0,30390.0,30390.0,30390.0,0,2025-06-02 03:59:00
1748836800,30390.0,30410.0,30390.0,30410.0,22,2025-06-02 04:00:00
1748836860,30410.0,30445.0,30410.0,30445.0,3,2025-06-02 04:01:00
1748836920,30445.0,30760.0,30420.0,30695.0,440,2025-06-02 04:02:00
1748836980,30695.0,30695.0,30500.0,30560.0,148,2025-06-02 04:03:00
1748837040,30560.0,30560.0,30465.0,30500.0,114,2025-06-02 04:04:00
1748837100,30500.0,30500.0,30500.0,30500.0,5,2025-06-02 04:05:00
1748837160,30500.0,30560.0,30500.0,30550.0,171,2025-06-02 04:06:00
1748837220,30550.0,30570.0,30455.0,30570.0,164,2025-06-02 04:07:00
1748837280,30480.0,30540.0,30480.0,30540.0,100,2025-06-02 04:08:00
1748837340,30540.0,30540.0,30490.0,30525.0,25,2025-06-02 04:09:00
1748837400,30525.0,30555.0,30525.0,30555.0,15,2025-06-02 04:10:00
1748837460,30545.0,30590.0,30545.0,30590.0,7,2025-06-02 04:11:00
1748837520,30560.0,30560.0,30520.0,30560.0,33,2025-06-02 04:12:00
1748837580,30560.0,30560.0,30515.0,30515.0,6,2025-06-02 04:13:00
1748837640,30515.0,30550.0,30515.0,30550.0,5,2025-06-02 04:14:00
1748837700,30550.0,30550.0,30550.0,30550.0,1,2025-06-02 04:15:00
1748837760,30550.0,30560.0,30515.0,30515.0,26,2025-06-02 04:16:00
1748837820,30515.0,30555.0,30500.0,30545.0,30,2025-06-02 04:17:00
1748837880,30545.0,30590.0,30520.0,30520.0,19,2025-06-02 04:18:00
1748837940,30520.0,30530.0,30520.0,30520.0,11,2025-06-02 04:19:00
1748838000,30520.0,30520.0,30500.0,30500.0,11,2025-06-02 04:20:00
1748838060,30505.0,30540.0,30505.0,30540.0,2,2025-06-02 04:21:00
1748838120,30540.0,30540.0,30510.0,30510.0,2,2025-06-02 04:22:00
1748838180,30520.0,30520.0,30520.0,30520.0,1,2025-06-02 04:23:00
1748838240,30520.0,30575.0,30520.0,30575.0,9,2025-06-02 04:24:00
1748838300,30575.0,30580.0,30570.0,30580.0,2,2025-06-02 04:25:00
1748838360,30580.0,30580.0,30575.0,30575.0,3,2025-06-02 04:26:00
1748838420,30575.0,30575.0,30550.0,30550.0,2,2025-06-02 04:27:00
1748838480,30550.0,30575.0,30550.0,30575.0,1,2025-06-02 04:28:00
1748838540,30575.0,30575.0,30550.0,30575.0,2,2025-06-02 04:29:00
1748838600,30575.0,30575.0,30575.0,30575.0,0,2025-06-02 04:30:00
1748838660,30570.0,30575.0,30530.0,30530.0,42,2025-06-02 04:31:00
1748838720,30530.0,30565.0,30530.0,30565.0,3,2025-06-02 04:32:00
1748838780,30565.0,30565.0,30540.0,30565.0,2,2025-06-02 04:33:00
1748838840,30565.0,30570.0,30545.0,30570.0,21,2025-06-02 04:34:00
1748838900,30570.0,30600.0,30570.0,30590.0,82,2025-06-02 04:35:00
1748838960,30590.0,30620.0,30585.0,30620.0,10,2025-06-02 04:36:00
1748839020,30620.0,30620.0,30580.0,30585.0,6,2025-06-02 04:37:00
1748839080,30585.0,30650.0,30585.0,30605.0,16,2025-06-02 04:38:00
1748839140,30650.0,30650.0,30645.0,30645.0,4,2025-06-02 04:39:00
1748839200,30645.0,30650.0,30645.0,30650.0,11,2025-06-02 04:40:00
1748839260,30650.0,30650.0,30610.0,30620.0,15,2025-06-02 04:41:00
1748839320,30620.0,30620.0,30615.0,30615.0,1,2025-06-02 04:42:00
1748839380,30615.0,30615.0,30615.0,30615.0,2,2025-06-02 04:43:00
1748839440,30615.0,30635.0,30615.0,30635.0,4,2025-06-02 04:44:00
1748839500,30635.0,30635.0,30600.0,30600.0,4,2025-06-02 04:45:00
1748839560,30600.0,30620.0,30600.0,30620.0,1,2025-06-02 04:46:00
1748839620,30620.0,30620.0,30620.0,30620.0,1,2025-06-02 04:47:00
1748839680,30620.0,30620.0,30600.0,30615.0,8,2025-06-02 04:48:00
1748839740,30615.0,30620.0,30615.0,30620.0,10,2025-06-02 04:49:00
1748839800,30620.0,30620.0,30620.0,30620.0,2,2025-06-02 04:50:00
1748839860,30620.0,30620.0,30595.0,30595.0,1,2025-06-02 04:51:00
1748839920,30595.0,30620.0,30595.0,30615.0,5,2025-06-02 04:52:00
1748839980,30615.0,30615.0,30590.0,30590.0,1,2025-06-02 04:53:00
1748840040,30590.0,30610.0,30565.0,30590.0,6,2025-06-02 04:54:00
1748840100,30590.0,30590.0,30545.0,30545.0,3,2025-06-02 04:55:00
1748840160,30545.0,30590.0,30545.0,30590.0,1,2025-06-02 04:56:00
1748840220,30590.0,30595.0,30590.0,30595.0,3,2025-06-02 04:57:00
1748840280,30595.0,30600.0,30595.0,30595.0,7,2025-06-02 04:58:00
1748840340,30605.0,30605.0,30570.0,30570.0,3,2025-06-02 04:59:00
1748840400,30570.0,30600.0,30570.0,30600.0,1,2025-06-02 05:00:00
1748840460,30600.0,30615.0,30600.0,30615.0,8,2025-06-02 05:01:00
1748840520,30615.0,30635.0,30615.0,30620.0,39,2025-06-02 05:02:00
1748840580,30640.0,30640.0,30605.0,30640.0,19,2025-06-02 05:03:00
1748840640,30640.0,30650.0,30630.0,30650.0,47,2025-06-02 05:04:00
1748840700,30645.0,30780.0,30645.0,30725.0,168,2025-06-02 05:05:00
1748840760,30725.0,30770.0,30700.0,30770.0,32,2025-06-02 05:06:00
1748840820,30770.0,30780.0,30760.0,30780.0,26,2025-06-02 05:07:00
1748840880,30780.0,30780.0,30760.0,30760.0,21,2025-06-02 05:08:00
1748840940,30760.0,30765.0,30760.0,30765.0,9,2025-06-02 05:09:00
1748841000,30765.0,30780.0,30760.0,30780.0,33,2025-06-02 05:10:00
1748841060,30780.0,30780.0,30760.0,30780.0,9,2025-06-02 05:11:00
1748841120,30780.0,30780.0,30760.0,30760.0,4,2025-06-02 05:12:00
1748841180,30760.0,30800.0,30760.0,30765.0,20,2025-06-02 05:13:00
1748841240,30805.0,30825.0,30760.0,30810.0,74,2025-06-02 05:14:00
1748841300,30810.0,30810.0,30785.0,30795.0,3,2025-06-02 05:15:00
1748841360,30790.0,30795.0,30790.0,30790.0,3,2025-06-02 05:16:00
1748841420,30780.0,30795.0,30760.0,30760.0,69,2025-06-02 05:17:00
1748841480,30760.0,30785.0,30760.0,30760.0,4,2025-06-02 05:18:00
1748841540,30760.0,30760.0,30760.0,30760.0,2,2025-06-02 05:19:00
1748841600,30765.0,30780.0,30760.0,30780.0,75,2025-06-02 05:20:00
1748841660,30780.0,30780.0,30765.0,30780.0,3,2025-06-02 05:21:00
1748841720,30780.0,30780.0,30780.0,30780.0,3,2025-06-02 05:22:00
1748841780,30780.0,30780.0,30780.0,30780.0,4,2025-06-02 05:23:00
1748841840,30780.0,30780.0,30780.0,30780.0,7,2025-06-02 05:24:00
1748841900,30785.0,30795.0,30785.0,30795.0,15,2025-06-02 05:25:00
1748841960,30795.0,30820.0,30795.0,30820.0,13,2025-06-02 05:26:00
1748842020,30825.0,30840.0,30810.0,30835.0,13,2025-06-02 05:27:00
1748842080,30835.0,30840.0,30835.0,30835.0,13,2025-06-02 05:28:00
1748842140,30835.0,30840.0,30835.0,30840.0,13,2025-06-02 05:29:00
1748842200,30840.0,30840.0,30820.0,30820.0,4,2025-06-02 05:30:00
1748842260,30825.0,30835.0,30820.0,30835.0,15,2025-06-02 05:31:00
1748842320,30835.0,30835.0,30805.0,30805.0,2,2025-06-02 05:32:00
1748842380,30810.0,30830.0,30790.0,30790.0,6,2025-06-02 05:33:00
1748842440,30790.0,30825.0,30780.0,30825.0,13,2025-06-02 05:34:00
1748842500,30825.0,30830.0,30825.0,30830.0,10,2025-06-02 05:35:00
1748842560,30830.0,30830.0,30795.0,30795.0,1,2025-06-02 05:36:00
1748842620,30800.0,30800.0,30800.0,30800.0,2,2025-06-02 05:37:00
1748842680,30800.0,30800.0,30800.0,30800.0,5,2025-06-02 05:38:00
1748842740,30800.0,30800.0,30780.0,30780.0,5,2025-06-02 05:39:00
1748842800,30780.0,30780.0,30675.0,30715.0,463,2025-06-02 05:40:00
1748842860,30715.0,30720.0,30715.0,30720.0,19,2025-06-02 05:41:00
1748842920,30720.0,30720.0,30685.0,30685.0,33,2025-06-02 05:42:00
1748842980,30685.0,30710.0,30685.0,30710.0,17,2025-06-02 05:43:00
1748843040,30680.0,30720.0,30680.0,30720.0,39,2025-06-02 05:44:00
1748843100,30720.0,30795.0,30720.0,30795.0,22,2025-06-02 05:45:00
1748843160,30795.0,30795.0,30795.0,30795.0,2,2025-06-02 05:46:00
1748843220,30795.0,30800.0,30790.0,30790.0,5,2025-06-02 05:47:00
1748843280,30790.0,30795.0,30775.0,30790.0,39,2025-06-02 05:48:00
1748843340,30790.0,30795.0,30780.0,30780.0,9,2025-06-02 05:49:00
1748843400,30780.0,30790.0,30780.0,30790.0,3,2025-06-02 05:50:00
1748843460,30790.0,30795.0,30790.0,30795.0,9,2025-06-02 05:51:00
1748843520,30795.0,30795.0,30795.0,30795.0,10,2025-06-02 05:52:00
1748843580,30795.0,30795.0,30795.0,30795.0,2,2025-06-02 05:53:00
1748843640,30795.0,30795.0,30760.0,30790.0,33,2025-06-02 05:54:00
1748843700,30790.0,30790.0,30775.0,30775.0,2,2025-06-02 05:55:00
1748843760,30775.0,30820.0,30690.0,30820.0,175,2025-06-02 05:56:00
1748843820,30810.0,30810.0,30810.0,30810.0,10,2025-06-02 05:57:00
1748843880,30810.0,30810.0,30800.0,30800.0,6,2025-06-02 05:58:00
1748843940,30800.0,30800.0,30800.0,30800.0,1,2025-06-02 05:59:00
1748844000,30800.0,30815.0,30800.0,30815.0,10,2025-06-02 06:00:00
1748844060,30815.0,30815.0,30800.0,30810.0,3,2025-06-02 06:01:00
1748844120,30810.0,30820.0,30795.0,30820.0,2,2025-06-02 06:02:00
1748844180,30820.0,30820.0,30820.0,30820.0,5,2025-06-02 06:03:00
1748844240,30820.0,30820.0,30795.0,30795.0,13,2025-06-02 06:04:00
1748844300,30760.0,30800.0,30760.0,30800.0,4,2025-06-02 06:05:00
1748844360,30800.0,30800.0,30795.0,30800.0,4,2025-06-02 06:06:00
1748844420,30800.0,30800.0,30710.0,30770.0,29,2025-06-02 06:07:00
1748844480,30770.0,30770.0,30735.0,30735.0,3,2025-06-02 06:08:00
1748844540,30735.0,30780.0,30735.0,30780.0,3,2025-06-02 06:09:00
1748844600,30780.0,30785.0,30780.0,30785.0,2,2025-06-02 06:10:00
1748844660,30785.0,30785.0,30740.0,30740.0,3,2025-06-02 06:11:00
1748844720,30740.0,30775.0,30740.0,30775.0,1,2025-06-02 06:12:00
1748844780,30775.0,30780.0,30750.0,30775.0,3,2025-06-02 06:13:00
1748844840,30775.0,30775.0,30765.0,30765.0,2,2025-06-02 06:14:00
1748844900,30765.0,30765.0,30750.0,30750.0,4,2025-06-02 06:15:00
1748844960,30750.0,30750.0,30750.0,30750.0,50,2025-06-02 06:16:00
1748845020,30750.0,30765.0,30750.0,30765.0,3,2025-06-02 06:17:00
1748845080,30765.0,30770.0,30750.0,30750.0,55,2025-06-02 06:18:00
1748845140,30750.0,30765.0,30750.0,30760.0,99,2025-06-02 06:19:00
1748845200,30760.0,30770.0,30760.0,30770.0,9,2025-06-02 06:20:00
1748845260,30770.0,30780.0,30770.0,30780.0,11,2025-06-02 06:21:00
1748845320,30780.0,30780.0,30760.0,30780.0,10,2025-06-02 06:22:00
1748845380,30780.0,30780.0,30780.0,30780.0,7,2025-06-02 06:23:00
1748845440,30780.0,30785.0,30770.0,30770.0,36,2025-06-02 06:24:00
1748845500,30750.0,30780.0,30725.0,30780.0,52,2025-06-02 06:25:00
1748845560,30780.0,30780.0,30770.0,30775.0,16,2025-06-02 06:26:00
1748845620,30775.0,30775.0,30740.0,30740.0,10,2025-06-02 06:27:00
1748845680,30750.0,30760.0,30750.0,30760.0,51,2025-06-02 06:28:00
1748845740,30760.0,30780.0,30760.0,30760.0,62,2025-06-02 06:29:00
1748845800,30755.0,30755.0,30730.0,30730.0,15,2025-06-02 06:30:00
1748845860,30730.0,30730.0,30670.0,30690.0,55,2025-06-02 06:31:00
1748845920,30670.0,30680.0,30665.0,30680.0,6,2025-06-02 06:32:00
1748845980,30680.0,30705.0,30670.0,30705.0,4,2025-06-02 06:33:00
1748846040,30705.0,30705.0,30690.0,30690.0,1,2025-06-02 06:34:00
1748846100,30690.0,30730.0,30690.0,30730.0,44,2025-06-02 06:35:00
1748846160,30730.0,30730.0,30705.0,30730.0,2,2025-06-02 06:36:00
1748846220,30730.0,30730.0,30730.0,30730.0,10,2025-06-02 06:37:00
1748846280,30730.0,30750.0,30730.0,30750.0,10,2025-06-02 06:38:00
1748846340,30750.0,30750.0,30740.0,30740.0,7,2025-06-02 06:39:00
1748846400,30740.0,30740.0,30740.0,30740.0,11,2025-06-02 06:40:00
1748846460,30740.0,30740.0,30710.0,30740.0,13,2025-06-02 06:41:00
1748846520,30740.0,30740.0,30740.0,30740.0,0,2025-06-02 06:42:00
1748846580,30740.0,30740.0,30720.0,30720.0,14,2025-06-02 06:43:00
1748846640,30720.0,30725.0,30700.0,30700.0,51,2025-06-02 06:44:00
1748846700,30700.0,30725.0,30700.0,30700.0,20,2025-06-02 06:45:00
1748846760,30700.0,30715.0,30700.0,30715.0,47,2025-06-02 06:46:00
1748846820,30715.0,30725.0,30715.0,30725.0,21,2025-06-02 06:47:00
1748846880,30715.0,30725.0,30715.0,30725.0,6,2025-06-02 06:48:00
1748846940,30725.0,30750.0,30725.0,30750.0,2,2025-06-02 06:49:00
1748847000,30750.0,30750.0,30730.0,30730.0,1,2025-06-02 06:50:00
1748847060,30730.0,30740.0,30730.0,30740.0,1,2025-06-02 06:51:00
1748847120,30740.0,30740.0,30740.0,30740.0,13,2025-06-02 06:52:00
1748847180,30740.0,30740.0,30740.0,30740.0,1,2025-06-02 06:53:00
1748847240,30740.0,30740.0,30725.0,30725.0,3,2025-06-02 06:54:00
1748847300,30725.0,30725.0,30700.0,30700.0,13,2025-06-02 06:55:00
1748847360,30700.0,30700.0,30700.0,30700.0,9,2025-06-02 06:56:00
1748847420,30700.0,30740.0,30700.0,30740.0,12,2025-06-02 06:57:00
1748847480,30740.0,30740.0,30740.0,30740.0,1,2025-06-02 06:58:00
1748847540,30740.0,30740.0,30710.0,30710.0,4,2025-06-02 06:59:00
1748847600,30710.0,30725.0,30710.0,30725.0,2,2025-06-02 07:00:00
1748847660,30725.0,30725.0,30710.0,30710.0,23,2025-06-02 07:01:00
1748847720,30710.0,30720.0,30700.0,30700.0,3,2025-06-02 07:02:00
1748847780,30700.0,30735.0,30700.0,30725.0,23,2025-06-02 07:03:00
1748847840,30715.0,30715.0,30705.0,30705.0,6,2025-06-02 07:04:00
1748847900,30705.0,30725.0,30705.0,30725.0,2,2025-06-02 07:05:00
1748847960,30725.0,30725.0,30705.0,30710.0,4,2025-06-02 07:06:00
1748848020,30710.0,30710.0,30710.0,30710.0,0,2025-06-02 07:07:00
1748848080,30710.0,30725.0,30710.0,30725.0,7,2025-06-02 07:08:00
1748848140,30725.0,30725.0,30710.0,30725.0,3,2025-06-02 07:09:00
1748848200,30725.0,30725.0,30725.0,30725.0,1,2025-06-02 07:10:00
1748848260,30725.0,30725.0,30725.0,30725.0,1,2025-06-02 07:11:00
1748848320,30725.0,30725.0,30725.0,30725.0,13,2025-06-02 07:12:00
1748848380,30735.0,30735.0,30730.0,30730.0,14,2025-06-02 07:13:00
1748848440,30730.0,30730.0,30730.0,30730.0,1,2025-06-02 07:14:00
1748848500,30730.0,30730.0,30715.0,30715.0,2,2025-06-02 07:15:00
1748848560,30715.0,30715.0,30705.0,30705.0,4,2025-06-02 07:16:00
1748848620,30705.0,30730.0,30705.0,30730.0,3,2025-06-02 07:17:00
1748848680,30730.0,30730.0,30710.0,30710.0,1,2025-06-02 07:18:00
1748848740,30710.0,30730.0,30710.0,30730.0,1,2025-06-02 07:19:00
1748848800,30730.0,30730.0,30730.0,30730.0,1,2025-06-02 07:20:00
1748848860,30730.0,30730.0,30730.0,30730.0,2,2025-06-02 07:21:00
1748848920,30730.0,30730.0,30730.0,30730.0,3,2025-06-02 07:22:00
1748848980,30730.0,30730.0,30710.0,30730.0,21,2025-06-02 07:23:00
1748849040,30730.0,30730.0,30730.0,30730.0,1,2025-06-02 07:24:00
1748849100,30730.0,30730.0,30730.0,30730.0,1,2025-06-02 07:25:00
1748849160,30730.0,30730.0,30730.0,30730.0,11,2025-06-02 07:26:00
1748849220,30730.0,30730.0,30710.0,30710.0,3,2025-06-02 07:27:00
1748849280,30710.0,30710.0,30700.0,30700.0,10,2025-06-02 07:28:00
1748849340,30700.0,30730.0,30700.0,30730.0,2,2025-06-02 07:29:00
1748849400,30730.0,30730.0,30705.0,30730.0,12,2025-06-02 07:30:00
1748849460,30730.0,30730.0,30730.0,30730.0,2,2025-06-02 07:31:00
1748849520,30730.0,30730.0,30730.0,30730.0,1,2025-06-02 07:32:00
1748849580,30730.0,30730.0,30730.0,30730.0,1,2025-06-02 07:33:00
1748849640,30730.0,30730.0,30730.0,30730.0,21,2025-06-02 07:34:00
1748849700,30730.0,30730.0,30730.0,30730.0,1,2025-06-02 07:35:00
1748849760,30730.0,30730.0,30720.0,30720.0,2,2025-06-02 07:36:00
1748849820,30720.0,30720.0,30720.0,30720.0,0,2025-06-02 07:37:00
1748849880,30720.0,30720.0,30720.0,30720.0,2,2025-06-02 07:38:00
1748849940,30720.0,30730.0,30715.0,30730.0,8,2025-06-02 07:39:00
1748850000,30730.0,30730.0,30730.0,30730.0,1,2025-06-02 07:40:00
1748850060,30730.0,30730.0,30720.0,30730.0,3,2025-06-02 07:41:00
1748850120,30730.0,30730.0,30730.0,30730.0,2,2025-06-02 07:42:00
1748850180,30720.0,30730.0,30700.0,30700.0,9,2025-06-02 07:43:00
1748850240,30700.0,30700.0,30700.0,30700.0,0,2025-06-02 07:44:00
1748850300,30700.0,30730.0,30700.0,30730.0,1,2025-06-02 07:45:00
1748850360,30730.0,30730.0,30710.0,30730.0,7,2025-06-02 07:46:00
1748850420,30730.0,30730.0,30710.0,30730.0,34,2025-06-02 07:47:00
1748850480,30730.0,30730.0,30715.0,30715.0,2,2025-06-02 07:48:00
1748850540,30715.0,30715.0,30715.0,30715.0,0,2025-06-02 07:49:00
1748850600,30715.0,30730.0,30715.0,30730.0,2,2025-06-02 07:50:00
1748850660,30730.0,30730.0,30715.0,30730.0,4,2025-06-02 07:51:00
1748850720,30730.0,30730.0,30730.0,30730.0,2,2025-06-02 07:52:00
1748850780,30730.0,30730.0,30720.0,30730.0,3,2025-06-02 07:53:00
1748850840,30730.0,30740.0,30730.0,30730.0,39,2025-06-02 07:54:00
1748850900,30730.0,30730.0,30720.0,30720.0,1,2025-06-02 07:55:00
1748850960,30720.0,30730.0,30720.0,30730.0,2,2025-06-02 07:56:00
1748851020,30730.0,30730.0,30730.0,30730.0,26,2025-06-02 07:57:00
1748851080,30730.0,30730.0,30730.0,30730.0,4,2025-06-02 07:58:00
1748851140,30730.0,30730.0,30730.0,30730.0,2,2025-06-02 07:59:00
1748851200,30730.0,30730.0,30730.0,30730.0,1,2025-06-02 08:00:00
1748851260,30730.0,30730.0,30730.0,30730.0,2,2025-06-02 08:01:00
1748851320,30730.0,30730.0,30730.0,30730.0,3,2025-06-02 08:02:00
1748851380,30730.0,30730.0,30725.0,30730.0,2,2025-06-02 08:03:00
1748851440,30730.0,30730.0,30725.0,30730.0,2,2025-06-02 08:04:00
1748851500,30730.0,30730.0,30710.0,30710.0,10,2025-06-02 08:05:00
1748851560,30710.0,30725.0,30700.0,30700.0,7,2025-06-02 08:06:00
1748851620,30700.0,30725.0,30700.0,30700.0,7,2025-06-02 08:07:00
1748851680,30700.0,30725.0,30700.0,30725.0,2,2025-06-02 08:08:00
1748851740,30725.0,30730.0,30725.0,30730.0,3,2025-06-02 08:09:00
1748851800,30730.0,30730.0,30730.0,30730.0,2,2025-06-02 08:10:00
1748851860,30730.0,30730.0,30725.0,30730.0,8,2025-06-02 08:11:00
1748851920,30730.0,30730.0,30730.0,30730.0,3,2025-06-02 08:12:00
1748851980,30730.0,30730.0,30705.0,30710.0,11,2025-06-02 08:13:00
1748852040,30710.0,30730.0,30710.0,30730.0,15,2025-06-02 08:14:00
1748852100,30730.0,30730.0,30730.0,30730.0,3,2025-06-02 08:15:00
1748852160,30730.0,30730.0,30710.0,30710.0,6,2025-06-02 08:16:00
1748852220,30710.0,30725.0,30710.0,30725.0,4,2025-06-02 08:17:00
1748852280,30725.0,30725.0,30725.0,30725.0,29,2025-06-02 08:18:00
1748852340,30725.0,30725.0,30725.0,30725.0,1,2025-06-02 08:19:00
1748852400,30725.0,30725.0,30710.0,30725.0,6,2025-06-02 08:20:00
1748852460,30725.0,30725.0,30725.0,30725.0,1,2025-06-02 08:21:00
1748852520,30710.0,30725.0,30710.0,30725.0,2,2025-06-02 08:22:00
1748852580,30725.0,30725.0,30710.0,30710.0,1,2025-06-02 08:23:00
1748852640,30725.0,30740.0,30725.0,30725.0,11,2025-06-02 08:24:00
1748852700,30725.0,30740.0,30725.0,30740.0,4,2025-06-02 08:25:00
1748852760,30740.0,30740.0,30740.0,30740.0,3,2025-06-02 08:26:00
1748852820,30740.0,30740.0,30740.0,30740.0,3,2025-06-02 08:27:00
1748852880,30740.0,30740.0,30715.0,30715.0,4,2025-06-02 08:28:00
1748852940,30715.0,30725.0,30715.0,30725.0,1,2025-06-02 08:29:00
1748853000,30725.0,30725.0,30705.0,30705.0,10,2025-06-02 08:30:00
1748853060,30705.0,30705.0,30705.0,30705.0,0,2025-06-02 08:31:00
1748853120,30725.0,30725.0,30710.0,30725.0,7,2025-06-02 08:32:00
1748853180,30725.0,30725.0,30725.0,30725.0,6,2025-06-02 08:33:00
1748853240,30725.0,30725.0,30725.0,30725.0,3,2025-06-02 08:34:00
1748853300,30725.0,30725.0,30725.0,30725.0,10,2025-06-02 08:35:00
1748853360,30725.0,30730.0,30725.0,30730.0,3,2025-06-02 08:36:00
1748853420,30730.0,30730.0,30730.0,30730.0,9,2025-06-02 08:37:00
1748853480,30730.0,30730.0,30730.0,30730.0,3,2025-06-02 08:38:00
1748853540,30730.0,30730.0,30730.0,30730.0,4,2025-06-02 08:39:00
1748853600,30730.0,30730.0,30705.0,30705.0,7,2025-06-02 08:40:00
1748853660,30730.0,30730.0,30710.0,30730.0,19,2025-06-02 08:41:00
1748853720,30730.0,30730.0,30730.0,30730.0,5,2025-06-02 08:42:00
1748853780,30730.0,30730.0,30730.0,30730.0,3,2025-06-02 08:43:00
1748853840,30730.0,30730.0,30730.0,30730.0,4,2025-06-02 08:44:00
1748853900,30730.0,30730.0,30725.0,30725.0,1,2025-06-02 08:45:00
1748853960,30725.0,30725.0,30725.0,30725.0,1,2025-06-02 08:46:00
1748854020,30725.0,30725.0,30725.0,30725.0,1,2025-06-02 08:47:00
1748854080,30725.0,30725.0,30725.0,30725.0,2,2025-06-02 08:48:00
1748854140,30725.0,30725.0,30715.0,30715.0,1,2025-06-02 08:49:00
1748854200,30715.0,30725.0,30710.0,30710.0,2,2025-06-02 08:50:00
1748854260,30725.0,30725.0,30725.0,30725.0,22,2025-06-02 08:51:00
1748854320,30725.0,30725.0,30725.0,30725.0,3,2025-06-02 08:52:00
1748854380,30725.0,30725.0,30725.0,30725.0,2,2025-06-02 08:53:00
1748854440,30725.0,30725.0,30705.0,30705.0,3,2025-06-02 08:54:00
1748854500,30705.0,30715.0,30705.0,30705.0,103,2025-06-02 08:55:00
1748854560,30705.0,30705.0,30705.0,30705.0,4,2025-06-02 08:56:00
1748854620,30705.0,30725.0,30705.0,30705.0,18,2025-06-02 08:57:00
1748854680,30715.0,30720.0,30705.0,30720.0,29,2025-06-02 08:58:00
1748854740,30720.0,30720.0,30705.0,30720.0,160,2025-06-02 08:59:00
1748854800,30720.0,30720.0,30630.0,30630.0,216,2025-06-02 09:00:00
1748854860,30630.0,30640.0,30575.0,30590.0,55,2025-06-02 09:01:00
1748854920,30590.0,30590.0,30580.0,30590.0,5,2025-06-02 09:02:00
1748854980,30590.0,30620.0,30590.0,30615.0,13,2025-06-02 09:03:00
1748855040,30615.0,30615.0,30590.0,30595.0,17,2025-06-02 09:04:00
1748855100,30595.0,30615.0,30590.0,30595.0,8,2025-06-02 09:05:00
1748855160,30595.0,30625.0,30590.0,30590.0,28,2025-06-02 09:06:00
1748855220,30590.0,30630.0,30590.0,30630.0,21,2025-06-02 09:07:00
1748855280,30630.0,30630.0,30590.0,30600.0,56,2025-06-02 09:08:00
1748855340,30600.0,30620.0,30580.0,30580.0,18,2025-06-02 09:09:00
1748855400,30580.0,30715.0,30575.0,30650.0,489,2025-06-02 09:10:00
1748855460,30650.0,30715.0,30615.0,30700.0,981,2025-06-02 09:11:00
1748855520,30690.0,30740.0,30640.0,30640.0,659,2025-06-02 09:12:00
1748855580,30640.0,30680.0,30640.0,30680.0,5,2025-06-02 09:13:00
1748855640,30680.0,30695.0,30660.0,30660.0,44,2025-06-02 09:14:00
1748855700,30660.0,30675.0,30585.0,30585.0,43,2025-06-02 09:15:00
1748855760,30585.0,30625.0,30580.0,30600.0,14,2025-06-02 09:16:00
1748855820,30600.0,30670.0,30585.0,30595.0,23,2025-06-02 09:17:00
1748855880,30595.0,30630.0,30555.0,30575.0,14,2025-06-02 09:18:00
1748855940,30575.0,30585.0,30555.0,30575.0,10,2025-06-02 09:19:00
1748856000,30575.0,30655.0,30575.0,30585.0,212,2025-06-02 09:20:00
1748856060,30635.0,30645.0,30590.0,30620.0,19,2025-06-02 09:21:00
1748856120,30620.0,30620.0,30590.0,30600.0,13,2025-06-02 09:22:00
1748856180,30600.0,30600.0,30590.0,30595.0,6,2025-06-02 09:23:00
1748856240,30595.0,30650.0,30590.0,30650.0,34,2025-06-02 09:24:00
1748856300,30600.0,30605.0,30570.0,30580.0,13,2025-06-02 09:25:00
1748856360,30575.0,30630.0,30575.0,30630.0,10,2025-06-02 09:26:00
1748856420,30625.0,30625.0,30585.0,30595.0,10,2025-06-02 09:27:00
1748856480,30600.0,30620.0,30585.0,30595.0,8,2025-06-02 09:28:00
1748856540,30595.0,30625.0,30580.0,30580.0,7,2025-06-02 09:29:00
1748856600,30625.0,30625.0,30580.0,30585.0,6,2025-06-02 09:30:00
1748856660,30585.0,30625.0,30585.0,30600.0,10,2025-06-02 09:31:00
1748856720,30600.0,30610.0,30590.0,30595.0,23,2025-06-02 09:32:00
1748856780,30595.0,30645.0,30590.0,30605.0,27,2025-06-02 09:33:00
1748856840,30605.0,30640.0,30590.0,30605.0,12,2025-06-02 09:34:00
1748856900,30605.0,30615.0,30595.0,30605.0,5,2025-06-02 09:35:00
1748856960,30605.0,30635.0,30590.0,30605.0,39,2025-06-02 09:36:00
1748857020,30600.0,30630.0,30590.0,30615.0,83,2025-06-02 09:37:00
1748857080,30615.0,30615.0,30595.0,30595.0,13,2025-06-02 09:38:00
1748857140,30595.0,30620.0,30580.0,30600.0,11,2025-06-02 09:39:00
1748857200,30600.0,30620.0,30595.0,30605.0,46,2025-06-02 09:40:00
1748857260,30605.0,30650.0,30590.0,30600.0,38,2025-06-02 09:41:00
1748857320,30610.0,30665.0,30600.0,30605.0,54,2025-06-02 09:42:00
1748857380,30600.0,30675.0,30595.0,30610.0,40,2025-06-02 09:43:00
1748857440,30610.0,30655.0,30585.0,30600.0,25,2025-06-02 09:44:00
1748857500,30600.0,30605.0,30590.0,30605.0,17,2025-06-02 09:45:00
1748857560,30590.0,30625.0,30575.0,30585.0,15,2025-06-02 09:46:00
1748857620,30585.0,30665.0,30575.0,30600.0,21,2025-06-02 09:47:00
1748857680,30600.0,30645.0,30560.0,30645.0,21,2025-06-02 09:48:00
1748857740,30645.0,30645.0,30565.0,30575.0,21,2025-06-02 09:49:00
1748857800,30575.0,30640.0,30575.0,30580.0,9,2025-06-02 09:50:00
1748857860,30625.0,30630.0,30575.0,30585.0,46,2025-06-02 09:51:00
1748857920,30645.0,30650.0,30585.0,30600.0,7,2025-06-02 09:52:00
1748857980,30645.0,30650.0,30600.0,30600.0,18,2025-06-02 09:53:00
1748858040,30650.0,30650.0,30585.0,30640.0,60,2025-06-02 09:54:00
1748858100,30640.0,30640.0,30585.0,30585.0,8,2025-06-02 09:55:00
1748858160,30585.0,30635.0,30585.0,30635.0,9,2025-06-02 09:56:00
1748858220,30635.0,30635.0,30605.0,30630.0,14,2025-06-02 09:57:00
1748858280,30630.0,30630.0,30590.0,30600.0,10,2025-06-02 09:58:00
1748858340,30600.0,30600.0,30585.0,30600.0,6,2025-06-02 09:59:00
1748922300,30750.0,30750.0,30605.0,30700.0,40,2025-06-03 03:45:00
1748922360,30730.0,30795.0,30705.0,30705.0,25,2025-06-03 03:46:00
1748922420,30675.0,30830.0,30675.0,30685.0,71,2025-06-03 03:47:00
1748922480,30685.0,30790.0,30685.0,30770.0,11,2025-06-03 03:48:00
1748922540,30770.0,30770.0,30770.0,30770.0,3,2025-06-03 03:49:00
1748922600,30770.0,30800.0,30725.0,30790.0,8,2025-06-03 03:50:00
1748922660,30790.0,30790.0,30735.0,30740.0,3,2025-06-03 03:51:00
1748922720,30740.0,30740.0,30700.0,30700.0,20,2025-06-03 03:52:00
1748922780,30700.0,30745.0,30700.0,30745.0,22,2025-06-03 03:53:00
1748922840,30745.0,30785.0,30735.0,30735.0,4,2025-06-03 03:54:00
1748922900,30695.0,30695.0,30675.0,30675.0,2,2025-06-03 03:55:00
1748922960,30675.0,30675.0,30670.0,30670.0,3,2025-06-03 03:56:00
1748923020,30670.0,30675.0,30670.0,30675.0,1,2025-06-03 03:57:00
1748923080,30675.0,30725.0,30675.0,30725.0,4,2025-06-03 03:58:00
1748923140,30725.0,30725.0,30725.0,30725.0,0,2025-06-03 03:59:00
1748923200,30725.0,30795.0,30705.0,30705.0,51,2025-06-03 04:00:00
1748923260,30705.0,30850.0,30705.0,30765.0,163,2025-06-03 04:01:00
1748923320,30790.0,30790.0,30725.0,30735.0,15,2025-06-03 04:02:00
1748923380,30735.0,30770.0,30725.0,30765.0,9,2025-06-03 04:03:00
1748923440,30765.0,30765.0,30750.0,30755.0,3,2025-06-03 04:04:00
1748923500,30740.0,30755.0,30740.0,30755.0,3,2025-06-03 04:05:00
1748923560,30755.0,30765.0,30750.0,30750.0,5,2025-06-03 04:06:00
1748923620,30750.0,30750.0,30740.0,30740.0,5,2025-06-03 04:07:00
1748923680,30740.0,30785.0,30740.0,30785.0,23,2025-06-03 04:08:00
1748923740,30750.0,30770.0,30745.0,30770.0,3,2025-06-03 04:09:00
1748923800,30770.0,30785.0,30750.0,30750.0,2,2025-06-03 04:10:00
1748923860,30750.0,30780.0,30740.0,30780.0,6,2025-06-03 04:11:00
1748923920,30780.0,30780.0,30775.0,30775.0,1,2025-06-03 04:12:00
1748923980,30775.0,30775.0,30735.0,30770.0,10,2025-06-03 04:13:00
1748924040,30770.0,30775.0,30770.0,30775.0,2,2025-06-03 04:14:00
1748924100,30770.0,30770.0,30710.0,30710.0,22,2025-06-03 04:15:00
1748924160,30710.0,30785.0,30710.0,30785.0,54,2025-06-03 04:16:00
1748924220,30785.0,30830.0,30785.0,30830.0,15,2025-06-03 04:17:00
1748924280,30830.0,30830.0,30825.0,30825.0,2,2025-06-03 04:18:00
1748924340,30825.0,30825.0,30825.0,30825.0,3,2025-06-03 04:19:00
1748924400,30825.0,30825.0,30780.0,30820.0,8,2025-06-03 04:20:00
1748924460,30820.0,30825.0,30820.0,30825.0,2,2025-06-03 04:21:00
1748924520,30825.0,30825.0,30825.0,30825.0,1,2025-06-03 04:22:00
1748924580,30825.0,30825.0,30790.0,30790.0,2,2025-06-03 04:23:00
1748924640,30825.0,30825.0,30825.0,30825.0,1,2025-06-03 04:24:00
1748924700,30825.0,30825.0,30795.0,30795.0,2,2025-06-03 04:25:00
1748924760,30795.0,30820.0,30795.0,30820.0,2,2025-06-03 04:26:00
1748924820,30820.0,30845.0,30790.0,30825.0,49,2025-06-03 04:27:00
1748924880,30800.0,30845.0,30800.0,30805.0,29,2025-06-03 04:28:00
1748924940,30805.0,30850.0,30805.0,30850.0,22,2025-06-03 04:29:00
1748925000,30850.0,30850.0,30800.0,30845.0,6,2025-06-03 04:30:00
1748925060,30845.0,30845.0,30800.0,30820.0,3,2025-06-03 04:31:00
1748925120,30820.0,30820.0,30820.0,30820.0,20,2025-06-03 04:32:00
1748925180,30795.0,30795.0,30795.0,30795.0,2,2025-06-03 04:33:00
1748925240,30795.0,30795.0,30790.0,30790.0,2,2025-06-03 04:34:00
1748925300,30790.0,30820.0,30790.0,30820.0,3,2025-06-03 04:35:00
1748925360,30795.0,30820.0,30795.0,30820.0,4,2025-06-03 04:36:00
1748925420,30815.0,30815.0,30785.0,30815.0,35,2025-06-03 04:37:00
1748925480,30815.0,30815.0,30800.0,30800.0,73,2025-06-03 04:38:00
1748925540,30800.0,30800.0,30785.0,30800.0,3,2025-06-03 04:39:00
1748925600,30780.0,30780.0,30780.0,30780.0,17,2025-06-03 04:40:00
1748925660,30780.0,30800.0,30765.0,30765.0,122,2025-06-03 04:41:00
1748925720,30765.0,30765.0,30765.0,30765.0,1,2025-06-03 04:42:00
1748925780,30765.0,30770.0,30765.0,30770.0,2,2025-06-03 04:43:00
1748925840,30770.0,30770.0,30770.0,30770.0,2,2025-06-03 04:44:00
1748925900,30770.0,30790.0,30770.0,30770.0,42,2025-06-03 04:45:00
1748925960,30770.0,30800.0,30770.0,30800.0,36,2025-06-03 04:46:00
1748926020,30800.0,30825.0,30800.0,30825.0,11,2025-06-03 04:47:00
1748926080,30825.0,30825.0,30825.0,30825.0,1,2025-06-03 04:48:00
1748926140,30825.0,30830.0,30825.0,30830.0,22,2025-06-03 04:49:00
1748926200,30840.0,30850.0,30840.0,30850.0,53,2025-06-03 04:50:00
1748926260,30850.0,30850.0,30850.0,30850.0,2,2025-06-03 04:51:00
1748926320,30850.0,30850.0,30850.0,30850.0,2,2025-06-03 04:52:00
1748926380,30850.0,30850.0,30850.0,30850.0,2,2025-06-03 04:53:00
1748926440,30850.0,30880.0,30845.0,30860.0,170,2025-06-03 04:54:00
1748926500,30860.0,30880.0,30860.0,30880.0,2,2025-06-03 04:55:00
1748926560,30880.0,30895.0,30850.0,30895.0,57,2025-06-03 04:56:00
1748926620,30895.0,30895.0,30885.0,30885.0,2,2025-06-03 04:57:00
1748926680,30885.0,30890.0,30845.0,30845.0,3,2025-06-03 04:58:00
1748926740,30825.0,30870.0,30825.0,30830.0,5,2025-06-03 04:59:00
1748926800,30830.0,30895.0,30830.0,30880.0,37,2025-06-03 05:00:00
1748926860,30880.0,30885.0,30845.0,30845.0,2,2025-06-03 05:01:00
1748926920,30885.0,30885.0,30850.0,30850.0,3,2025-06-03 05:02:00
1748926980,30850.0,30875.0,30850.0,30875.0,2,2025-06-03 05:03:00
1748927040,30875.0,30885.0,30850.0,30885.0,14,2025-06-03 05:04:00
1748927100,30885.0,30885.0,30830.0,30870.0,6,2025-06-03 05:05:00
1748927160,30870.0,30875.0,30870.0,30875.0,1,2025-06-03 05:06:00
1748927220,30875.0,30880.0,30875.0,30880.0,2,2025-06-03 05:07:00
1748927280,30880.0,30885.0,30880.0,30885.0,6,2025-06-03 05:08:00
1748927340,30885.0,30885.0,30850.0,30850.0,4,2025-06-03 05:09:00
1748927400,30850.0,30885.0,30850.0,30885.0,4,2025-06-03 05:10:00
1748927460,30885.0,30885.0,30815.0,30830.0,31,2025-06-03 05:11:00
1748927520,30815.0,30875.0,30815.0,30875.0,11,2025-06-03 05:12:00
1748927580,30875.0,30875.0,30855.0,30855.0,5,2025-06-03 05:13:00
1748927640,30855.0,30855.0,30795.0,30840.0,78,2025-06-03 05:14:00
1748927700,30850.0,30850.0,30760.0,30835.0,115,2025-06-03 05:15:00
1748927760,30835.0,30845.0,30835.0,30845.0,3,2025-06-03 05:16:00
1748927820,30845.0,30855.0,30845.0,30855.0,5,2025-06-03 05:17:00
1748927880,30855.0,30855.0,30815.0,30855.0,5,2025-06-03 05:18:00
1748927940,30855.0,30855.0,30855.0,30855.0,1,2025-06-03 05:19:00
1748928000,30855.0,30855.0,30815.0,30855.0,17,2025-06-03 05:20:00
1748928060,30855.0,30855.0,30855.0,30855.0,2,2025-06-03 05:21:00
1748928120,30855.0,30855.0,30810.0,30855.0,4,2025-06-03 05:22:00
1748928180,30805.0,30850.0,30805.0,30850.0,6,2025-06-03 05:23:00
1748928240,30850.0,30855.0,30800.0,30840.0,77,2025-06-03 05:24:00
1748928300,30800.0,30835.0,30755.0,30815.0,147,2025-06-03 05:25:00
1748928360,30815.0,30835.0,30815.0,30835.0,30,2025-06-03 05:26:00
1748928420,30835.0,30835.0,30830.0,30830.0,1,2025-06-03 05:27:00
1748928480,30830.0,30830.0,30820.0,30825.0,2,2025-06-03 05:28:00
1748928540,30825.0,30840.0,30825.0,30840.0,3,2025-06-03 05:29:00
1748928600,30840.0,30840.0,30835.0,30835.0,1,2025-06-03 05:30:00
1748928660,30835.0,30840.0,30835.0,30840.0,1,2025-06-03 05:31:00
1748928720,30835.0,30840.0,30835.0,30840.0,5,2025-06-03 05:32:00
1748928780,30840.0,30855.0,30840.0,30855.0,3,2025-06-03 05:33:00
1748928840,30855.0,30855.0,30855.0,30855.0,1,2025-06-03 05:34:00
1748928900,30855.0,30855.0,30855.0,30855.0,6,2025-06-03 05:35:00
1748928960,30855.0,30855.0,30855.0,30855.0,5,2025-06-03 05:36:00
1748929020,30855.0,30855.0,30825.0,30850.0,3,2025-06-03 05:37:00
1748929080,30850.0,30855.0,30850.0,30855.0,1,2025-06-03 05:38:00
1748929140,30855.0,30855.0,30855.0,30855.0,2,2025-06-03 05:39:00
1748929200,30820.0,30855.0,30820.0,30855.0,2,2025-06-03 05:40:00
1748929260,30855.0,30855.0,30855.0,30855.0,1,2025-06-03 05:41:00
1748929320,30855.0,30855.0,30855.0,30855.0,2,2025-06-03 05:42:00
1748929380,30855.0,30855.0,30820.0,30820.0,3,2025-06-03 05:43:00
1748929440,30820.0,30855.0,30820.0,30855.0,2,2025-06-03 05:44:00
1748929500,30855.0,30855.0,30815.0,30845.0,4,2025-06-03 05:45:00
1748929560,30845.0,30845.0,30815.0,30845.0,4,2025-06-03 05:46:00
1748929620,30845.0,30845.0,30815.0,30845.0,5,2025-06-03 05:47:00
1748929680,30845.0,30845.0,30815.0,30845.0,2,2025-06-03 05:48:00
1748929740,30845.0,30855.0,30845.0,30855.0,51,2025-06-03 05:49:00
1748929800,30855.0,30855.0,30845.0,30855.0,6,2025-06-03 05:50:00
1748929860,30855.0,30855.0,30855.0,30855.0,2,2025-06-03 05:51:00
1748929920,30855.0,30855.0,30835.0,30855.0,78,2025-06-03 05:52:00
1748929980,30855.0,30855.0,30855.0,30855.0,2,2025-06-03 05:53:00
1748930040,30855.0,30855.0,30855.0,30855.0,5,2025-06-03 05:54:00
1748930100,30855.0,30855.0,30825.0,30855.0,5,2025-06-03 05:55:00
1748930160,30855.0,30855.0,30855.0,30855.0,0,2025-06-03 05:56:00
1748930220,30855.0,30855.0,30825.0,30825.0,4,2025-06-03 05:57:00
1748930280,30825.0,30855.0,30825.0,30855.0,4,2025-06-03 05:58:00
1748930340,30855.0,30855.0,30855.0,30855.0,2,2025-06-03 05:59:00
1748930400,30855.0,30855.0,30825.0,30855.0,10,2025-06-03 06:00:00
1748930460,30855.0,30865.0,30855.0,30865.0,2,2025-06-03 06:01:00
1748930520,30865.0,30865.0,30850.0,30850.0,2,2025-06-03 06:02:00
1748930580,30850.0,30855.0,30820.0,30855.0,3,2025-06-03 06:03:00
1748930640,30855.0,30855.0,30820.0,30820.0,3,2025-06-03 06:04:00
1748930700,30820.0,30855.0,30820.0,30855.0,1,2025-06-03 06:05:00
1748930760,30855.0,30900.0,30815.0,30900.0,227,2025-06-03 06:06:00
1748930820,30900.0,30900.0,30855.0,30855.0,3,2025-06-03 06:07:00
1748930880,30855.0,30895.0,30850.0,30850.0,9,2025-06-03 06:08:00
1748930940,30850.0,30870.0,30850.0,30870.0,2,2025-06-03 06:09:00
1748931000,30870.0,30895.0,30870.0,30895.0,2,2025-06-03 06:10:00
1748931060,30845.0,30880.0,30765.0,30820.0,53,2025-06-03 06:11:00
1748931120,30770.0,30840.0,30770.0,30835.0,20,2025-06-03 06:12:00
1748931180,30835.0,30840.0,30835.0,30840.0,3,2025-06-03 06:13:00
1748931240,30840.0,30840.0,30840.0,30840.0,0,2025-06-03 06:14:00
1748931300,30840.0,30840.0,30840.0,30840.0,4,2025-06-03 06:15:00
1748931360,30840.0,30855.0,30805.0,30855.0,17,2025-06-03 06:16:00
1748931420,30855.0,30855.0,30850.0,30850.0,1,2025-06-03 06:17:00
1748931480,30850.0,30860.0,30850.0,30855.0,3,2025-06-03 06:18:00
1748931540,30855.0,30865.0,30855.0,30865.0,2,2025-06-03 06:19:00
1748931600,30865.0,30865.0,30800.0,30840.0,17,2025-06-03 06:20:00
1748931660,30840.0,30845.0,30840.0,30845.0,2,2025-06-03 06:21:00
1748931720,30845.0,30865.0,30845.0,30865.0,3,2025-06-03 06:22:00
1748931780,30865.0,30880.0,30865.0,30880.0,3,2025-06-03 06:23:00
1748931840,30880.0,30885.0,30880.0,30885.0,3,2025-06-03 06:24:00
1748931900,30875.0,30880.0,30870.0,30880.0,11,2025-06-03 06:25:00
1748931960,30880.0,30880.0,30875.0,30875.0,8,2025-06-03 06:26:00
1748932020,30875.0,30885.0,30840.0,30885.0,12,2025-06-03 06:27:00
1748932080,30885.0,30885.0,30870.0,30880.0,12,2025-06-03 06:28:00
1748932140,30880.0,30885.0,30860.0,30885.0,14,2025-06-03 06:29:00
1748932200,30885.0,30900.0,30885.0,30900.0,87,2025-06-03 06:30:00
1748932260,30900.0,30960.0,30900.0,30960.0,107,2025-06-03 06:31:00
1748932320,30960.0,30960.0,30960.0,30960.0,9,2025-06-03 06:32:00
1748932380,30970.0,30975.0,30960.0,30975.0,34,2025-06-03 06:33:00
1748932440,30980.0,30990.0,30980.0,30990.0,33,2025-06-03 06:34:00
1748932500,30985.0,30985.0,30975.0,30985.0,8,2025-06-03 06:35:00
1748932560,31000.0,31000.0,30985.0,31000.0,230,2025-06-03 06:36:00
1748932620,30975.0,31040.0,30975.0,31015.0,38,2025-06-03 06:37:00
1748932680,31015.0,31095.0,31010.0,31085.0,91,2025-06-03 06:38:00
1748932740,31090.0,31090.0,31035.0,31075.0,20,2025-06-03 06:39:00
1748932800,31075.0,31090.0,30955.0,31065.0,86,2025-06-03 06:40:00
1748932860,31065.0,31075.0,31015.0,31055.0,20,2025-06-03 06:41:00
1748932920,31055.0,31065.0,31010.0,31045.0,20,2025-06-03 06:42:00
1748932980,31075.0,31075.0,31000.0,31000.0,116,2025-06-03 06:43:00
1748933040,31000.0,31065.0,31000.0,31065.0,13,2025-06-03 06:44:00
1748933100,31020.0,31065.0,31020.0,31055.0,11,2025-06-03 06:45:00
1748933160,31055.0,31055.0,31000.0,31020.0,28,2025-06-03 06:46:00
1748933220,31020.0,31020.0,31000.0,31015.0,34,2025-06-03 06:47:00
1748933280,31020.0,31020.0,30995.0,31000.0,35,2025-06-03 06:48:00
1748933340,31000.0,31025.0,31000.0,31025.0,73,2025-06-03 06:49:00
1748933400,31025.0,31025.0,30990.0,31025.0,12,2025-06-03 06:50:00
1748933460,31000.0,31040.0,31000.0,31040.0,175,2025-06-03 06:51:00
1748933520,31025.0,31040.0,31025.0,31040.0,12,2025-06-03 06:52:00
1748933580,31040.0,31040.0,31035.0,31040.0,12,2025-06-03 06:53:00
1748933640,31035.0,31035.0,30980.0,31020.0,14,2025-06-03 06:54:00
1748933700,31020.0,31020.0,31000.0,31000.0,9,2025-06-03 06:55:00
1748933760,31000.0,31015.0,30975.0,31010.0,11,2025-06-03 06:56:00
1748933820,31015.0,31015.0,31015.0,31015.0,10,2025-06-03 06:57:00
1748933880,31015.0,31015.0,31000.0,31015.0,14,2025-06-03 06:58:00
1748933940,31015.0,31015.0,30905.0,30995.0,83,2025-06-03 06:59:00
1748934000,31020.0,31060.0,31020.0,31060.0,338,2025-06-03 07:00:00
1748934060,31060.0,31060.0,31040.0,31060.0,223,2025-06-03 07:01:00
1748934120,31060.0,31060.0,31060.0,31060.0,9,2025-06-03 07:02:00
1748934180,31065.0,31065.0,31065.0,31065.0,11,2025-06-03 07:03:00
1748934240,31065.0,31070.0,31040.0,31045.0,20,2025-06-03 07:04:00
1748934300,31045.0,31065.0,31045.0,31065.0,3,2025-06-03 07:05:00
1748934360,31065.0,31065.0,31045.0,31065.0,11,2025-06-03 07:06:00
1748934420,31065.0,31065.0,31040.0,31060.0,4,2025-06-03 07:07:00
1748934480,31070.0,31085.0,31030.0,31030.0,76,2025-06-03 07:08:00
1748934540,31030.0,31145.0,31030.0,31110.0,163,2025-06-03 07:09:00
1748934600,31110.0,31190.0,31100.0,31155.0,229,2025-06-03 07:10:00
1748934660,31150.0,31150.0,31120.0,31150.0,13,2025-06-03 07:11:00
1748934720,31155.0,31155.0,31120.0,31120.0,13,2025-06-03 07:12:00
1748934780,31120.0,31120.0,31070.0,31085.0,77,2025-06-03 07:13:00
1748934840,31100.0,31100.0,31100.0,31100.0,9,2025-06-03 07:14:00
1748934900,31100.0,31115.0,31100.0,31100.0,40,2025-06-03 07:15:00
1748934960,31100.0,31125.0,31050.0,31050.0,90,2025-06-03 07:16:00
1748935020,31050.0,31090.0,31050.0,31090.0,3,2025-06-03 07:17:00
1748935080,31060.0,31100.0,31060.0,31100.0,5,2025-06-03 07:18:00
1748935140,31100.0,31100.0,31065.0,31100.0,2,2025-06-03 07:19:00
1748935200,31100.0,31100.0,31060.0,31070.0,15,2025-06-03 07:20:00
1748935260,31070.0,31085.0,31045.0,31085.0,4,2025-06-03 07:21:00
1748935320,31085.0,31085.0,31080.0,31080.0,1,2025-06-03 07:22:00
1748935380,31080.0,31085.0,31050.0,31065.0,7,2025-06-03 07:23:00
1748935440,31065.0,31065.0,31025.0,31040.0,9,2025-06-03 07:24:00
1748935500,31040.0,31040.0,31000.0,31030.0,13,2025-06-03 07:25:00
1748935560,31030.0,31035.0,31000.0,31035.0,13,2025-06-03 07:26:00
1748935620,31035.0,31060.0,31030.0,31060.0,170,2025-06-03 07:27:00
1748935680,31060.0,31060.0,31030.0,31050.0,8,2025-06-03 07:28:00
1748935740,31050.0,31050.0,31050.0,31050.0,3,2025-06-03 07:29:00
1748935800,31050.0,31050.0,31050.0,31050.0,1,2025-06-03 07:30:00
1748935860,31050.0,31050.0,31050.0,31050.0,2,2025-06-03 07:31:00
1748935920,31050.0,31050.0,31030.0,31050.0,4,2025-06-03 07:32:00
1748935980,31050.0,31050.0,31015.0,31015.0,5,2025-06-03 07:33:00
1748936040,31015.0,31050.0,31010.0,31045.0,9,2025-06-03 07:34:00
1748936100,31045.0,31045.0,31040.0,31045.0,3,2025-06-03 07:35:00
1748936160,31045.0,31045.0,31045.0,31045.0,4,2025-06-03 07:36:00
1748936220,31045.0,31045.0,31045.0,31045.0,1,2025-06-03 07:37:00
1748936280,31045.0,31050.0,31045.0,31050.0,8,2025-06-03 07:38:00
1748936340,31050.0,31050.0,31050.0,31050.0,1,2025-06-03 07:39:00
1748936400,31050.0,31050.0,31030.0,31045.0,9,2025-06-03 07:40:00
1748936460,31045.0,31050.0,31045.0,31050.0,2,2025-06-03 07:41:00
1748936520,31050.0,31050.0,31045.0,31050.0,5,2025-06-03 07:42:00
1748936580,31030.0,31050.0,31030.0,31050.0,16,2025-06-03 07:43:00
1748936640,31050.0,31050.0,31015.0,31050.0,16,2025-06-03 07:44:00
1748936700,31050.0,31050.0,31050.0,31050.0,7,2025-06-03 07:45:00
1748936760,31050.0,31060.0,31025.0,31060.0,8,2025-06-03 07:46:00
1748936820,31030.0,31050.0,31030.0,31050.0,4,2025-06-03 07:47:00
1748936880,31065.0,31065.0,31065.0,31065.0,2,2025-06-03 07:48:00
1748936940,31065.0,31085.0,31065.0,31085.0,4,2025-06-03 07:49:00
1748937000,31085.0,31100.0,31085.0,31095.0,33,2025-06-03 07:50:00
1748937060,31095.0,31095.0,31075.0,31095.0,2,2025-06-03 07:51:00
1748937120,31095.0,31100.0,31095.0,31100.0,37,2025-06-03 07:52:00
1748937180,31100.0,31120.0,31100.0,31110.0,5,2025-06-03 07:53:00
1748937240,31120.0,31120.0,31050.0,31100.0,54,2025-06-03 07:54:00
1748937300,31100.0,31115.0,31100.0,31115.0,1,2025-06-03 07:55:00
1748937360,31115.0,31115.0,31065.0,31065.0,2,2025-06-03 07:56:00
1748937420,31065.0,31090.0,31050.0,31065.0,4,2025-06-03 07:57:00
1748937480,31065.0,31095.0,31065.0,31095.0,1,2025-06-03 07:58:00
1748937540,31095.0,31095.0,31065.0,31065.0,11,2025-06-03 07:59:00
1748937600,31065.0,31100.0,31050.0,31100.0,4,2025-06-03 08:00:00
1748937660,31110.0,31110.0,31100.0,31110.0,6,2025-06-03 08:01:00
1748937720,31110.0,31110.0,31070.0,31070.0,3,2025-06-03 08:02:00
1748937780,31070.0,31115.0,31070.0,31110.0,6,2025-06-03 08:03:00
1748937840,31110.0,31120.0,31110.0,31120.0,13,2025-06-03 08:04:00
1748937900,31120.0,31120.0,31100.0,31100.0,2,2025-06-03 08:05:00
1748937960,31100.0,31105.0,31100.0,31105.0,1,2025-06-03 08:06:00
1748938020,31105.0,31105.0,31105.0,31105.0,3,2025-06-03 08:07:00
1748938080,31105.0,31105.0,31105.0,31105.0,12,2025-06-03 08:08:00
1748938140,31105.0,31110.0,31105.0,31110.0,14,2025-06-03 08:09:00
1748938200,31110.0,31110.0,31100.0,31110.0,4,2025-06-03 08:10:00
1748938260,31110.0,31110.0,31095.0,31095.0,2,2025-06-03 08:11:00
1748938320,31095.0,31100.0,31070.0,31070.0,2,2025-06-03 08:12:00
1748938380,31095.0,31095.0,31095.0,31095.0,1,2025-06-03 08:13:00
1748938440,31095.0,31095.0,31095.0,31095.0,2,2025-06-03 08:14:00
1748938500,31100.0,31105.0,31100.0,31105.0,8,2025-06-03 08:15:00
1748938560,31070.0,31110.0,31070.0,31110.0,15,2025-06-03 08:16:00
1748938620,31110.0,31120.0,31110.0,31120.0,46,2025-06-03 08:17:00
1748938680,31120.0,31150.0,31120.0,31150.0,18,2025-06-03 08:18:00
1748938740,31150.0,31150.0,31150.0,31150.0,14,2025-06-03 08:19:00
1748938800,31150.0,31155.0,31150.0,31155.0,62,2025-06-03 08:20:00
1748938860,31155.0,31180.0,31155.0,31155.0,20,2025-06-03 08:21:00
1748938920,31180.0,31180.0,31105.0,31175.0,45,2025-06-03 08:22:00
1748938980,31125.0,31165.0,31125.0,31165.0,15,2025-06-03 08:23:00
1748939040,31165.0,31180.0,31165.0,31180.0,14,2025-06-03 08:24:00
1748939100,31180.0,31180.0,31155.0,31180.0,14,2025-06-03 08:25:00
1748939160,31180.0,31180.0,31150.0,31180.0,18,2025-06-03 08:26:00
1748939220,31180.0,31180.0,31180.0,31180.0,21,2025-06-03 08:27:00
1748939280,31180.0,31180.0,31100.0,31100.0,38,2025-06-03 08:28:00
1748939340,31100.0,31175.0,31100.0,31165.0,12,2025-06-03 08:29:00
1748939400,31165.0,31175.0,31165.0,31175.0,13,2025-06-03 08:30:00
1748939460,31175.0,31175.0,31165.0,31175.0,13,2025-06-03 08:31:00
1748939520,31175.0,31175.0,31165.0,31170.0,17,2025-06-03 08:32:00
1748939580,31170.0,31170.0,31135.0,31170.0,16,2025-06-03 08:33:00
1748939640,31170.0,31180.0,31135.0,31135.0,21,2025-06-03 08:34:00
1748939700,31180.0,31180.0,31105.0,31165.0,31,2025-06-03 08:35:00
1748939760,31165.0,31165.0,31105.0,31105.0,19,2025-06-03 08:36:00
1748939820,31105.0,31155.0,31100.0,31145.0,21,2025-06-03 08:37:00
1748939880,31145.0,31160.0,31120.0,31155.0,60,2025-06-03 08:38:00
1748939940,31160.0,31165.0,31160.0,31165.0,15,2025-06-03 08:39:00
1748940000,31165.0,31165.0,31150.0,31165.0,15,2025-06-03 08:40:00
1748940060,31165.0,31175.0,31165.0,31170.0,14,2025-06-03 08:41:00
1748940120,31170.0,31175.0,31135.0,31175.0,14,2025-06-03 08:42:00
1748940180,31175.0,31175.0,31170.0,31175.0,16,2025-06-03 08:43:00
1748940240,31175.0,31180.0,31175.0,31180.0,12,2025-06-03 08:44:00
1748940300,31180.0,31180.0,31125.0,31180.0,24,2025-06-03 08:45:00
1748940360,31180.0,31185.0,31135.0,31185.0,20,2025-06-03 08:46:00
1748940420,31185.0,31185.0,31130.0,31175.0,20,2025-06-03 08:47:00
1748940480,31175.0,31180.0,31175.0,31180.0,13,2025-06-03 08:48:00
1748940540,31180.0,31180.0,31180.0,31180.0,13,2025-06-03 08:49:00
1748940600,31180.0,31180.0,31175.0,31180.0,12,2025-06-03 08:50:00
1748940660,31180.0,31180.0,31150.0,31180.0,17,2025-06-03 08:51:00
1748940720,31180.0,31180.0,31180.0,31180.0,15,2025-06-03 08:52:00
1748940780,31180.0,31180.0,31145.0,31180.0,13,2025-06-03 08:53:00
1748940840,31180.0,31180.0,31140.0,31170.0,17,2025-06-03 08:54:00
1748940900,31170.0,31175.0,31140.0,31175.0,20,2025-06-03 08:55:00
1748940960,31175.0,31175.0,31140.0,31170.0,37,2025-06-03 08:56:00
1748941020,31175.0,31180.0,31140.0,31180.0,16,2025-06-03 08:57:00
1748941080,31180.0,31200.0,31145.0,31200.0,73,2025-06-03 08:58:00
1748941140,31160.0,31170.0,31120.0,31165.0,53,2025-06-03 08:59:00
1748941200,31165.0,31175.0,31120.0,31140.0,23,2025-06-03 09:00:00
1748941260,31140.0,31185.0,31135.0,31135.0,17,2025-06-03 09:01:00
1748941320,31135.0,31165.0,31125.0,31125.0,20,2025-06-03 09:02:00
1748941380,31100.0,31125.0,31015.0,31125.0,153,2025-06-03 09:03:00
1748941440,31125.0,31155.0,31090.0,31155.0,34,2025-06-03 09:04:00
1748941500,31155.0,31155.0,31110.0,31155.0,15,2025-06-03 09:05:00
1748941560,31155.0,31175.0,31120.0,31165.0,15,2025-06-03 09:06:00
1748941620,31165.0,31175.0,31130.0,31175.0,20,2025-06-03 09:07:00
1748941680,31140.0,31175.0,31140.0,31175.0,18,2025-06-03 09:08:00
1748941740,31175.0,31175.0,31110.0,31145.0,29,2025-06-03 09:09:00
1748941800,31145.0,31155.0,31050.0,31095.0,72,2025-06-03 09:10:00
1748941860,31095.0,31110.0,31060.0,31105.0,22,2025-06-03 09:11:00
1748941920,31105.0,31105.0,31070.0,31105.0,16,2025-06-03 09:12:00
1748941980,31105.0,31110.0,31070.0,31110.0,17,2025-06-03 09:13:00
1748942040,31070.0,31105.0,31060.0,31105.0,13,2025-06-03 09:14:00
1748942100,31105.0,31105.0,31065.0,31105.0,17,2025-06-03 09:15:00
1748942160,31105.0,31110.0,31065.0,31070.0,16,2025-06-03 09:16:00
1748942220,31070.0,31145.0,31060.0,31145.0,58,2025-06-03 09:17:00
1748942280,31145.0,31155.0,31105.0,31155.0,22,2025-06-03 09:18:00
1748942340,31155.0,31155.0,31110.0,31150.0,17,2025-06-03 09:19:00
1748942400,31150.0,31150.0,31110.0,31150.0,14,2025-06-03 09:20:00
1748942460,31150.0,31160.0,31110.0,31160.0,16,2025-06-03 09:21:00
1748942520,31160.0,31160.0,31115.0,31155.0,18,2025-06-03 09:22:00
1748942580,31155.0,31160.0,31105.0,31110.0,18,2025-06-03 09:23:00
1748942640,31150.0,31155.0,31105.0,31155.0,17,2025-06-03 09:24:00
1748942700,31155.0,31155.0,31095.0,31100.0,21,2025-06-03 09:25:00
1748942760,31100.0,31100.0,31070.0,31080.0,20,2025-06-03 09:26:00
1748942820,31080.0,31100.0,31070.0,31090.0,17,2025-06-03 09:27:00
1748942880,31090.0,31095.0,31070.0,31095.0,47,2025-06-03 09:28:00
1748942940,31095.0,31100.0,31050.0,31050.0,124,2025-06-03 09:29:00
1748943000,31110.0,31110.0,31075.0,31110.0,20,2025-06-03 09:30:00
1748943060,31110.0,31130.0,31075.0,31130.0,16,2025-06-03 09:31:00
1748943120,31145.0,31150.0,31100.0,31115.0,18,2025-06-03 09:32:00
1748943180,31115.0,31155.0,31100.0,31150.0,25,2025-06-03 09:33:00
1748943240,31150.0,31150.0,31090.0,31105.0,21,2025-06-03 09:34:00
1748943300,31105.0,31185.0,31105.0,31115.0,61,2025-06-03 09:35:00
1748943360,31115.0,31185.0,31115.0,31185.0,24,2025-06-03 09:36:00
1748943420,31185.0,31185.0,31155.0,31180.0,59,2025-06-03 09:37:00
1748943480,31180.0,31180.0,31155.0,31180.0,27,2025-06-03 09:38:00
1748943540,31200.0,31200.0,31155.0,31160.0,20,2025-06-03 09:39:00
1748943600,31200.0,31200.0,31160.0,31165.0,39,2025-06-03 09:40:00
1748943660,31165.0,31200.0,31150.0,31200.0,68,2025-06-03 09:41:00
1748943720,31165.0,31200.0,31165.0,31185.0,28,2025-06-03 09:42:00
1748943780,31185.0,31195.0,31100.0,31180.0,84,2025-06-03 09:43:00
1748943840,31185.0,31185.0,31135.0,31140.0,45,2025-06-03 09:44:00
1748943900,31140.0,31200.0,31140.0,31185.0,67,2025-06-03 09:45:00
1748943960,31185.0,31200.0,31140.0,31200.0,52,2025-06-03 09:46:00
1748944020,31200.0,31200.0,31150.0,31200.0,89,2025-06-03 09:47:00
1748944080,31160.0,31200.0,31155.0,31195.0,40,2025-06-03 09:48:00
1748944140,31200.0,31295.0,31165.0,31295.0,159,2025-06-03 09:49:00
1748944200,31295.0,31350.0,31240.0,31320.0,200,2025-06-03 09:50:00
1748944260,31325.0,31325.0,31235.0,31295.0,94,2025-06-03 09:51:00
1748944320,31245.0,31295.0,31230.0,31240.0,20,2025-06-03 09:52:00
1748944380,31240.0,31390.0,31155.0,31385.0,643,2025-06-03 09:53:00
1748944440,31375.0,31385.0,31310.0,31345.0,164,2025-06-03 09:54:00
1748944500,31385.0,31385.0,31185.0,31220.0,38,2025-06-03 09:55:00
1748944560,31270.0,31340.0,31200.0,31245.0,33,2025-06-03 09:56:00
1748944620,31245.0,31325.0,31225.0,31250.0,51,2025-06-03 09:57:00
1748944680,31250.0,31250.0,30500.0,31160.0,1121,2025-06-03 09:58:00
1748944740,31030.0,31380.0,30835.0,31375.0,101,2025-06-03 09:59:00
1749008700,31395.0,31620.0,31215.0,31370.0,214,2025-06-04 03:45:00
1749008760,31330.0,31330.0,31300.0,31300.0,44,2025-06-04 03:46:00
1749008820,31300.0,31335.0,31300.0,31335.0,50,2025-06-04 03:47:00
1749008880,31300.0,31345.0,31300.0,31345.0,14,2025-06-04 03:48:00
1749008940,31345.0,31345.0,31315.0,31315.0,7,2025-06-04 03:49:00
1749009000,31295.0,31300.0,31275.0,31275.0,26,2025-06-04 03:50:00
1749009060,31275.0,31275.0,31240.0,31275.0,32,2025-06-04 03:51:00
1749009120,31275.0,31305.0,31275.0,31305.0,2,2025-06-04 03:52:00
1749009180,31305.0,31335.0,31305.0,31305.0,3,2025-06-04 03:53:00
1749009240,31305.0,31345.0,31305.0,31310.0,51,2025-06-04 03:54:00
1749009300,31310.0,31310.0,31310.0,31310.0,0,2025-06-04 03:55:00
1749009360,31310.0,31340.0,31310.0,31315.0,6,2025-06-04 03:56:00
1749009420,31315.0,31345.0,31315.0,31345.0,8,2025-06-04 03:57:00
1749009480,31345.0,31345.0,31325.0,31325.0,65,2025-06-04 03:58:00
1749009540,31325.0,31335.0,31325.0,31335.0,2,2025-06-04 03:59:00
1749009600,31335.0,31340.0,31310.0,31340.0,24,2025-06-04 04:00:00
1749009660,31340.0,31340.0,31305.0,31305.0,82,2025-06-04 04:01:00
1749009720,31305.0,31310.0,31305.0,31305.0,9,2025-06-04 04:02:00
1749009780,31305.0,31310.0,31300.0,31300.0,45,2025-06-04 04:03:00
1749009840,31300.0,31300.0,31205.0,31205.0,105,2025-06-04 04:04:00
1749009900,31245.0,31245.0,31185.0,31190.0,23,2025-06-04 04:05:00
1749009960,31195.0,31195.0,31185.0,31185.0,11,2025-06-04 04:06:00
1749010020,31185.0,31200.0,31185.0,31200.0,22,2025-06-04 04:07:00
1749010080,31200.0,31200.0,31200.0,31200.0,4,2025-06-04 04:08:00
1749010140,31200.0,31200.0,31165.0,31190.0,20,2025-06-04 04:09:00
1749010200,31190.0,31190.0,31155.0,31155.0,30,2025-06-04 04:10:00
1749010260,31155.0,31155.0,31155.0,31155.0,17,2025-06-04 04:11:00
1749010320,31155.0,31185.0,31155.0,31185.0,17,2025-06-04 04:12:00
1749010380,31185.0,31185.0,31185.0,31185.0,0,2025-06-04 04:13:00
1749010440,31185.0,31185.0,31100.0,31130.0,140,2025-06-04 04:14:00
1749010500,31130.0,31165.0,31130.0,31165.0,2,2025-06-04 04:15:00
1749010560,31165.0,31165.0,31165.0,31165.0,0,2025-06-04 04:16:00
1749010620,31165.0,31165.0,31150.0,31150.0,8,2025-06-04 04:17:00
1749010680,31150.0,31150.0,31145.0,31145.0,2,2025-06-04 04:18:00
1749010740,31145.0,31160.0,31145.0,31150.0,7,2025-06-04 04:19:00
1749010800,31210.0,31235.0,31210.0,31235.0,56,2025-06-04 04:20:00
1749010860,31235.0,31235.0,31200.0,31200.0,4,2025-06-04 04:21:00
1749010920,31200.0,31215.0,31130.0,31130.0,196,2025-06-04 04:22:00
1749010980,31130.0,31145.0,31100.0,31100.0,71,2025-06-04 04:23:00
1749011040,31100.0,31100.0,31085.0,31090.0,19,2025-06-04 04:24:00
1749011100,31080.0,31145.0,31080.0,31145.0,13,2025-06-04 04:25:00
1749011160,31145.0,31155.0,31145.0,31155.0,8,2025-06-04 04:26:00
1749011220,31155.0,31165.0,31155.0,31165.0,1,2025-06-04 04:27:00
1749011280,31155.0,31155.0,31155.0,31155.0,1,2025-06-04 04:28:00
1749011340,31170.0,31205.0,31165.0,31165.0,13,2025-06-04 04:29:00
1749011400,31165.0,31165.0,31165.0,31165.0,0,2025-06-04 04:30:00
1749011460,31165.0,31200.0,31165.0,31175.0,8,2025-06-04 04:31:00
1749011520,31175.0,31215.0,31175.0,31215.0,2,2025-06-04 04:32:00
1749011580,31215.0,31240.0,31200.0,31200.0,17,2025-06-04 04:33:00
1749011640,31200.0,31215.0,31200.0,31215.0,1,2025-06-04 04:34:00
1749011700,31195.0,31220.0,31195.0,31220.0,18,2025-06-04 04:35:00
1749011760,31210.0,31210.0,31190.0,31190.0,4,2025-06-04 04:36:00
1749011820,31190.0,31220.0,31190.0,31220.0,1,2025-06-04 04:37:00
1749011880,31220.0,31220.0,31185.0,31185.0,1,2025-06-04 04:38:00
1749011940,31185.0,31185.0,31165.0,31165.0,2,2025-06-04 04:39:00
1749012000,31165.0,31200.0,31145.0,31185.0,32,2025-06-04 04:40:00
1749012060,31185.0,31185.0,31160.0,31160.0,2,2025-06-04 04:41:00
1749012120,31195.0,31195.0,31190.0,31190.0,2,2025-06-04 04:42:00
1749012180,31190.0,31190.0,31190.0,31190.0,1,2025-06-04 04:43:00
1749012240,31190.0,31190.0,31190.0,31190.0,0,2025-06-04 04:44:00
1749012300,31190.0,31215.0,31165.0,31215.0,9,2025-06-04 04:45:00
1749012360,31215.0,31215.0,31165.0,31210.0,8,2025-06-04 04:46:00
1749012420,31210.0,31210.0,31210.0,31210.0,0,2025-06-04 04:47:00
1749012480,31210.0,31210.0,31175.0,31175.0,9,2025-06-04 04:48:00
1749012540,31190.0,31190.0,31190.0,31190.0,1,2025-06-04 04:49:00
1749012600,31190.0,31190.0,31190.0,31190.0,1,2025-06-04 04:50:00
1749012660,31205.0,31210.0,31205.0,31210.0,7,2025-06-04 04:51:00
1749012720,31210.0,31210.0,31175.0,31175.0,23,2025-06-04 04:52:00
1749012780,31175.0,31205.0,31175.0,31205.0,2,2025-06-04 04:53:00
1749012840,31205.0,31205.0,31175.0,31175.0,2,2025-06-04 04:54:00
1749012900,31175.0,31205.0,31175.0,31205.0,1,2025-06-04 04:55:00
1749012960,31205.0,31205.0,31200.0,31205.0,2,2025-06-04 04:56:00
1749013020,31205.0,31205.0,31200.0,31200.0,4,2025-06-04 04:57:00
1749013080,31200.0,31200.0,31200.0,31200.0,0,2025-06-04 04:58:00
1749013140,31170.0,31200.0,31170.0,31200.0,3,2025-06-04 04:59:00
1749013200,31200.0,31200.0,31200.0,31200.0,0,2025-06-04 05:00:00
1749013260,31160.0,31165.0,31160.0,31165.0,6,2025-06-04 05:01:00
1749013320,31165.0,31190.0,31165.0,31185.0,2,2025-06-04 05:02:00
1749013380,31185.0,31185.0,31185.0,31185.0,0,2025-06-04 05:03:00
1749013440,31185.0,31190.0,31185.0,31190.0,1,2025-06-04 05:04:00
1749013500,31190.0,31190.0,31190.0,31190.0,0,2025-06-04 05:05:00
1749013560,31190.0,31190.0,31190.0,31190.0,0,2025-06-04 05:06:00
1749013620,31190.0,31205.0,31180.0,31180.0,13,2025-06-04 05:07:00
1749013680,31180.0,31180.0,31180.0,31180.0,0,2025-06-04 05:08:00
1749013740,31180.0,31180.0,31180.0,31180.0,0,2025-06-04 05:09:00
1749013800,31180.0,31195.0,31180.0,31195.0,1,2025-06-04 05:10:00
1749013860,31195.0,31195.0,31195.0,31195.0,0,2025-06-04 05:11:00
1749013920,31195.0,31195.0,31180.0,31180.0,1,2025-06-04 05:12:00
1749013980,31180.0,31205.0,31170.0,31170.0,4,2025-06-04 05:13:00
1749014040,31170.0,31175.0,31170.0,31175.0,1,2025-06-04 05:14:00
1749014100,31175.0,31195.0,31155.0,31195.0,7,2025-06-04 05:15:00
1749014160,31195.0,31195.0,31195.0,31195.0,0,2025-06-04 05:16:00
1749014220,31195.0,31195.0,31195.0,31195.0,5,2025-06-04 05:17:00
1749014280,31195.0,31195.0,31190.0,31195.0,4,2025-06-04 05:18:00
1749014340,31195.0,31210.0,31195.0,31210.0,7,2025-06-04 05:19:00
1749014400,31210.0,31210.0,31185.0,31185.0,1,2025-06-04 05:20:00
1749014460,31185.0,31195.0,31185.0,31195.0,1,2025-06-04 05:21:00
1749014520,31195.0,31210.0,31185.0,31185.0,8,2025-06-04 05:22:00
1749014580,31185.0,31340.0,31185.0,31235.0,244,2025-06-04 05:23:00
1749014640,31235.0,31300.0,31235.0,31300.0,11,2025-06-04 05:24:00
1749014700,31300.0,31310.0,31280.0,31280.0,18,2025-06-04 05:25:00
1749014760,31270.0,31280.0,31270.0,31280.0,11,2025-06-04 05:26:00
1749014820,31280.0,31280.0,31240.0,31270.0,14,2025-06-04 05:27:00
1749014880,31270.0,31280.0,31270.0,31280.0,9,2025-06-04 05:28:00
1749014940,31280.0,31285.0,31250.0,31270.0,11,2025-06-04 05:29:00
1749015000,31270.0,31280.0,31270.0,31275.0,7,2025-06-04 05:30:00
1749015060,31285.0,31285.0,31255.0,31270.0,11,2025-06-04 05:31:00
1749015120,31270.0,31275.0,31235.0,31275.0,19,2025-06-04 05:32:00
1749015180,31275.0,31290.0,31275.0,31290.0,8,2025-06-04 05:33:00
1749015240,31290.0,31290.0,31290.0,31290.0,20,2025-06-04 05:34:00
1749015300,31290.0,31290.0,31260.0,31285.0,11,2025-06-04 05:35:00
1749015360,31285.0,31290.0,31285.0,31290.0,18,2025-06-04 05:36:00
1749015420,31290.0,31290.0,31270.0,31290.0,27,2025-06-04 05:37:00
1749015480,31290.0,31345.0,31290.0,31305.0,49,2025-06-04 05:38:00
1749015540,31305.0,31320.0,31290.0,31315.0,25,2025-06-04 05:39:00
1749015600,31295.0,31320.0,31295.0,31315.0,14,2025-06-04 05:40:00
1749015660,31315.0,31315.0,31250.0,31250.0,24,2025-06-04 05:41:00
1749015720,31250.0,31250.0,31250.0,31250.0,10,2025-06-04 05:42:00
1749015780,31250.0,31250.0,31250.0,31250.0,10,2025-06-04 05:43:00
1749015840,31250.0,31250.0,31250.0,31250.0,10,2025-06-04 05:44:00
1749015900,31250.0,31265.0,31245.0,31265.0,66,2025-06-04 05:45:00
1749015960,31245.0,31270.0,31245.0,31245.0,11,2025-06-04 05:46:00
1749016020,31245.0,31275.0,31245.0,31245.0,20,2025-06-04 05:47:00
1749016080,31245.0,31285.0,31245.0,31285.0,24,2025-06-04 05:48:00
1749016140,31285.0,31290.0,31285.0,31285.0,13,2025-06-04 05:49:00
1749016200,31285.0,31290.0,31260.0,31260.0,35,2025-06-04 05:50:00
1749016260,31260.0,31285.0,31260.0,31285.0,9,2025-06-04 05:51:00
1749016320,31285.0,31290.0,31285.0,31290.0,10,2025-06-04 05:52:00
1749016380,31290.0,31290.0,31180.0,31230.0,66,2025-06-04 05:53:00
1749016440,31230.0,31260.0,31230.0,31260.0,10,2025-06-04 05:54:00
1749016500,31260.0,31285.0,31260.0,31285.0,13,2025-06-04 05:55:00
1749016560,31285.0,31290.0,31285.0,31290.0,8,2025-06-04 05:56:00
1749016620,31290.0,31290.0,31280.0,31290.0,8,2025-06-04 05:57:00
1749016680,31290.0,31290.0,31290.0,31290.0,12,2025-06-04 05:58:00
1749016740,31290.0,31290.0,31290.0,31290.0,9,2025-06-04 05:59:00
1749016800,31290.0,31290.0,31280.0,31290.0,10,2025-06-04 06:00:00
1749016860,31290.0,31290.0,31275.0,31275.0,17,2025-06-04 06:01:00
1749016920,31275.0,31290.0,31275.0,31290.0,11,2025-06-04 06:02:00
1749016980,31290.0,31290.0,31245.0,31245.0,16,2025-06-04 06:03:00
1749017040,31290.0,31290.0,31260.0,31260.0,41,2025-06-04 06:04:00
1749017100,31290.0,31290.0,31260.0,31260.0,16,2025-06-04 06:05:00
1749017160,31255.0,31285.0,31255.0,31285.0,11,2025-06-04 06:06:00
1749017220,31255.0,31295.0,31255.0,31290.0,14,2025-06-04 06:07:00
1749017280,31290.0,31310.0,31290.0,31310.0,20,2025-06-04 06:08:00
1749017340,31310.0,31320.0,31310.0,31320.0,8,2025-06-04 06:09:00
1749017400,31320.0,31320.0,31320.0,31320.0,9,2025-06-04 06:10:00
1749017460,31320.0,31320.0,31260.0,31295.0,13,2025-06-04 06:11:00
1749017520,31295.0,31310.0,31295.0,31310.0,9,2025-06-04 06:12:00
1749017580,31310.0,31315.0,31260.0,31295.0,18,2025-06-04 06:13:00
1749017640,31295.0,31320.0,31260.0,31310.0,23,2025-06-04 06:14:00
1749017700,31310.0,31320.0,31310.0,31320.0,9,2025-06-04 06:15:00
1749017760,31320.0,31320.0,31320.0,31320.0,28,2025-06-04 06:16:00
1749017820,31320.0,31320.0,31320.0,31320.0,8,2025-06-04 06:17:00
1749017880,31320.0,31320.0,31315.0,31320.0,9,2025-06-04 06:18:00
1749017940,31320.0,31330.0,31320.0,31330.0,11,2025-06-04 06:19:00
1749018000,31330.0,31330.0,31305.0,31325.0,8,2025-06-04 06:20:00
1749018060,31325.0,31340.0,31325.0,31340.0,13,2025-06-04 06:21:00
1749018120,31340.0,31340.0,31295.0,31340.0,116,2025-06-04 06:22:00
1749018180,31340.0,31340.0,31185.0,31210.0,56,2025-06-04 06:23:00
1749018240,31210.0,31225.0,31210.0,31225.0,27,2025-06-04 06:24:00
1749018300,31225.0,31225.0,31210.0,31210.0,1,2025-06-04 06:25:00
1749018360,31210.0,31210.0,31170.0,31170.0,56,2025-06-04 06:26:00
1749018420,31220.0,31220.0,31220.0,31220.0,13,2025-06-04 06:27:00
1749018480,31220.0,31220.0,31170.0,31170.0,3,2025-06-04 06:28:00
1749018540,31170.0,31210.0,31170.0,31210.0,4,2025-06-04 06:29:00
1749018600,31210.0,31210.0,31185.0,31210.0,6,2025-06-04 06:30:00
1749018660,31210.0,31210.0,31210.0,31210.0,0,2025-06-04 06:31:00
1749018720,31210.0,31215.0,31170.0,31215.0,4,2025-06-04 06:32:00
1749018780,31215.0,31215.0,31210.0,31210.0,1,2025-06-04 06:33:00
1749018840,31210.0,31210.0,31210.0,31210.0,0,2025-06-04 06:34:00
1749018900,31210.0,31230.0,31210.0,31230.0,1,2025-06-04 06:35:00
1749018960,31230.0,31230.0,31230.0,31230.0,0,2025-06-04 06:36:00
1749019020,31230.0,31230.0,31230.0,31230.0,0,2025-06-04 06:37:00
1749019080,31230.0,31230.0,31220.0,31220.0,1,2025-06-04 06:38:00
1749019140,31220.0,31220.0,31185.0,31185.0,1,2025-06-04 06:39:00
1749019200,31185.0,31185.0,31185.0,31185.0,1,2025-06-04 06:40:00
1749019260,31185.0,31215.0,31185.0,31190.0,2,2025-06-04 06:41:00
1749019320,31190.0,31190.0,31170.0,31175.0,2,2025-06-04 06:42:00
1749019380,31175.0,31215.0,31175.0,31215.0,3,2025-06-04 06:43:00
1749019440,31215.0,31215.0,31215.0,31215.0,0,2025-06-04 06:44:00
1749019500,31215.0,31215.0,31180.0,31215.0,79,2025-06-04 06:45:00
1749019560,31215.0,31215.0,31210.0,31210.0,1,2025-06-04 06:46:00
1749019620,31210.0,31210.0,31210.0,31210.0,0,2025-06-04 06:47:00
1749019680,31210.0,31210.0,31150.0,31150.0,32,2025-06-04 06:48:00
1749019740,31150.0,31185.0,31150.0,31150.0,2,2025-06-04 06:49:00
1749019800,31150.0,31185.0,31150.0,31185.0,1,2025-06-04 06:50:00
1749019860,31185.0,31205.0,31170.0,31205.0,2,2025-06-04 06:51:00
1749019920,31205.0,31205.0,31205.0,31205.0,1,2025-06-04 06:52:00
1749019980,31205.0,31205.0,31205.0,31205.0,0,2025-06-04 06:53:00
1749020040,31205.0,31230.0,31205.0,31230.0,2,2025-06-04 06:54:00
1749020100,31230.0,31230.0,31165.0,31165.0,4,2025-06-04 06:55:00
1749020160,31165.0,31165.0,31165.0,31165.0,0,2025-06-04 06:56:00
1749020220,31165.0,31200.0,31165.0,31200.0,1,2025-06-04 06:57:00
1749020280,31200.0,31200.0,31200.0,31200.0,0,2025-06-04 06:58:00
1749020340,31200.0,31200.0,31170.0,31200.0,2,2025-06-04 06:59:00
1749020400,31200.0,31205.0,31160.0,31160.0,2,2025-06-04 07:00:00
1749020460,31160.0,31160.0,31145.0,31145.0,35,2025-06-04 07:01:00
1749020520,31145.0,31145.0,31145.0,31145.0,0,2025-06-04 07:02:00
1749020580,31145.0,31175.0,31145.0,31175.0,2,2025-06-04 07:03:00
1749020640,31175.0,31190.0,31145.0,31190.0,40,2025-06-04 07:04:00
1749020700,31190.0,31190.0,31100.0,31100.0,110,2025-06-04 07:05:00
1749020760,31085.0,31105.0,31050.0,31105.0,38,2025-06-04 07:06:00
1749020820,31105.0,31125.0,31105.0,31125.0,13,2025-06-04 07:07:00
1749020880,31125.0,31135.0,31045.0,31135.0,35,2025-06-04 07:08:00
1749020940,31135.0,31135.0,31095.0,31100.0,5,2025-06-04 07:09:00
1749021000,31100.0,31100.0,31100.0,31100.0,0,2025-06-04 07:10:00
1749021060,31100.0,31195.0,31075.0,31195.0,201,2025-06-04 07:11:00
1749021120,31195.0,31195.0,31195.0,31195.0,0,2025-06-04 07:12:00
1749021180,31195.0,31195.0,31190.0,31190.0,1,2025-06-04 07:13:00
1749021240,31190.0,31190.0,31185.0,31185.0,1,2025-06-04 07:14:00
1749021300,31185.0,31185.0,31175.0,31175.0,1,2025-06-04 07:15:00
1749021360,31235.0,31240.0,31205.0,31240.0,32,2025-06-04 07:16:00
1749021420,31210.0,31265.0,31210.0,31265.0,20,2025-06-04 07:17:00
1749021480,31280.0,31295.0,31280.0,31290.0,13,2025-06-04 07:18:00
1749021540,31290.0,31295.0,31265.0,31295.0,3,2025-06-04 07:19:00
1749021600,31295.0,31295.0,31285.0,31285.0,2,2025-06-04 07:20:00
1749021660,31285.0,31285.0,31245.0,31245.0,12,2025-06-04 07:21:00
1749021720,31245.0,31255.0,31245.0,31255.0,1,2025-06-04 07:22:00
1749021780,31255.0,31255.0,31255.0,31255.0,0,2025-06-04 07:23:00
1749021840,31255.0,31255.0,31255.0,31255.0,0,2025-06-04 07:24:00
1749021900,31255.0,31255.0,31205.0,31220.0,17,2025-06-04 07:25:00
1749021960,31220.0,31220.0,31220.0,31220.0,0,2025-06-04 07:26:00
1749022020,31220.0,31265.0,31220.0,31265.0,10,2025-06-04 07:27:00
1749022080,31265.0,31265.0,31235.0,31245.0,4,2025-06-04 07:28:00
1749022140,31245.0,31245.0,31245.0,31245.0,0,2025-06-04 07:29:00
1749022200,31245.0,31260.0,31245.0,31260.0,1,2025-06-04 07:30:00
1749022260,31260.0,31260.0,31225.0,31225.0,1,2025-06-04 07:31:00
1749022320,31225.0,31225.0,31225.0,31225.0,7,2025-06-04 07:32:00
1749022380,31225.0,31245.0,31225.0,31245.0,7,2025-06-04 07:33:00
1749022440,31245.0,31245.0,31245.0,31245.0,0,2025-06-04 07:34:00
1749022500,31245.0,31245.0,31245.0,31245.0,0,2025-06-04 07:35:00
1749022560,31265.0,31265.0,31225.0,31225.0,76,2025-06-04 07:36:00
1749022620,31225.0,31225.0,31225.0,31225.0,0,2025-06-04 07:37:00
1749022680,31225.0,31225.0,31220.0,31225.0,8,2025-06-04 07:38:00
1749022740,31225.0,31265.0,31225.0,31265.0,18,2025-06-04 07:39:00
1749022800,31265.0,31265.0,31265.0,31265.0,0,2025-06-04 07:40:00
1749022860,31265.0,31300.0,31265.0,31300.0,6,2025-06-04 07:41:00
1749022920,31280.0,31280.0,31280.0,31280.0,37,2025-06-04 07:42:00
1749022980,31280.0,31280.0,31280.0,31280.0,4,2025-06-04 07:43:00
1749023040,31280.0,31310.0,31280.0,31310.0,1,2025-06-04 07:44:00
1749023100,31310.0,31310.0,31280.0,31280.0,2,2025-06-04 07:45:00
1749023160,31280.0,31280.0,31280.0,31280.0,0,2025-06-04 07:46:00
1749023220,31310.0,31310.0,31310.0,31310.0,4,2025-06-04 07:47:00
1749023280,31310.0,31310.0,31300.0,31300.0,5,2025-06-04 07:48:00
1749023340,31300.0,31300.0,31280.0,31300.0,2,2025-06-04 07:49:00
1749023400,31300.0,31365.0,31280.0,31365.0,91,2025-06-04 07:50:00
1749023460,31365.0,31365.0,31365.0,31365.0,0,2025-06-04 07:51:00
1749023520,31320.0,31345.0,31320.0,31345.0,12,2025-06-04 07:52:00
1749023580,31345.0,31405.0,31345.0,31405.0,3262,2025-06-04 07:53:00
1749023640,31410.0,31410.0,31380.0,31380.0,5,2025-06-04 07:54:00
1749023700,31380.0,31445.0,31380.0,31425.0,72,2025-06-04 07:55:00
1749023760,31420.0,31420.0,31400.0,31400.0,63,2025-06-04 07:56:00
1749023820,31400.0,31450.0,31395.0,31395.0,15,2025-06-04 07:57:00
1749023880,31395.0,31445.0,31395.0,31425.0,110,2025-06-04 07:58:00
1749023940,31425.0,31425.0,31415.0,31425.0,1054,2025-06-04 07:59:00
1749024000,31425.0,31425.0,31385.0,31395.0,37,2025-06-04 08:00:00
1749024060,31385.0,31395.0,31385.0,31395.0,11,2025-06-04 08:01:00
1749024120,31395.0,31425.0,31395.0,31400.0,114,2025-06-04 08:02:00
1749024180,31400.0,31400.0,31285.0,31285.0,1958,2025-06-04 08:03:00
1749024240,31285.0,31285.0,31265.0,31270.0,18,2025-06-04 08:04:00
1749024300,31270.0,31290.0,31245.0,31275.0,13,2025-06-04 08:05:00
1749024360,31275.0,31285.0,31275.0,31285.0,4,2025-06-04 08:06:00
1749024420,31300.0,31300.0,31300.0,31300.0,1,2025-06-04 08:07:00
1749024480,31300.0,31300.0,31300.0,31300.0,2,2025-06-04 08:08:00
1749024540,31300.0,31305.0,31270.0,31280.0,12,2025-06-04 08:09:00
1749024600,31280.0,31280.0,31280.0,31280.0,0,2025-06-04 08:10:00
1749024660,31280.0,31315.0,31280.0,31315.0,1,2025-06-04 08:11:00
1749024720,31315.0,31315.0,31315.0,31315.0,0,2025-06-04 08:12:00
1749024780,31315.0,31315.0,31290.0,31315.0,11,2025-06-04 08:13:00
1749024840,31315.0,31320.0,31315.0,31320.0,1,2025-06-04 08:14:00
1749024900,31320.0,31320.0,31305.0,31305.0,1,2025-06-04 08:15:00
1749024960,31305.0,31305.0,31305.0,31305.0,0,2025-06-04 08:16:00
1749025020,31305.0,31325.0,31305.0,31325.0,1,2025-06-04 08:17:00
1749025080,31325.0,31325.0,31325.0,31325.0,0,2025-06-04 08:18:00
1749025140,31325.0,31325.0,31325.0,31325.0,0,2025-06-04 08:19:00
1749025200,31325.0,31335.0,31325.0,31325.0,3,2025-06-04 08:20:00
1749025260,31325.0,31325.0,31290.0,31290.0,2,2025-06-04 08:21:00
1749025320,31290.0,31320.0,31290.0,31320.0,2,2025-06-04 08:22:00
1749025380,31320.0,31320.0,31320.0,31320.0,0,2025-06-04 08:23:00
1749025440,31320.0,31320.0,31320.0,31320.0,0,2025-06-04 08:24:00
1749025500,31320.0,31320.0,31295.0,31320.0,7,2025-06-04 08:25:00
1749025560,31320.0,31320.0,31300.0,31300.0,19,2025-06-04 08:26:00
1749025620,31300.0,31300.0,31300.0,31300.0,0,2025-06-04 08:27:00
1749025680,31315.0,31320.0,31285.0,31285.0,9,2025-06-04 08:28:00
1749025740,31285.0,31285.0,31285.0,31285.0,0,2025-06-04 08:29:00
1749025800,31285.0,31285.0,31285.0,31285.0,0,2025-06-04 08:30:00
1749025860,31285.0,31320.0,31285.0,31320.0,5,2025-06-04 08:31:00
1749025920,31320.0,31320.0,31320.0,31320.0,0,2025-06-04 08:32:00
1749025980,31320.0,31320.0,31290.0,31290.0,4,2025-06-04 08:33:00
1749026040,31290.0,31290.0,31270.0,31270.0,2,2025-06-04 08:34:00
1749026100,31270.0,31270.0,31270.0,31270.0,0,2025-06-04 08:35:00
1749026160,31270.0,31295.0,31270.0,31295.0,2,2025-06-04 08:36:00
1749026220,31295.0,31300.0,31290.0,31290.0,11,2025-06-04 08:37:00
1749026280,31290.0,31300.0,31290.0,31300.0,8,2025-06-04 08:38:00
1749026340,31300.0,31300.0,31195.0,31300.0,1232,2025-06-04 08:39:00
1749026400,31300.0,31300.0,31300.0,31300.0,1,2025-06-04 08:40:00
1749026460,31300.0,31300.0,31300.0,31300.0,3,2025-06-04 08:41:00
1749026520,31300.0,31320.0,31300.0,31320.0,1,2025-06-04 08:42:00
1749026580,31320.0,31320.0,31300.0,31300.0,24,2025-06-04 08:43:00
1749026640,31300.0,31300.0,31300.0,31300.0,4,2025-06-04 08:44:00
1749026700,31300.0,31300.0,31300.0,31300.0,1,2025-06-04 08:45:00
1749026760,31300.0,31315.0,31300.0,31315.0,1,2025-06-04 08:46:00
1749026820,31315.0,31315.0,31315.0,31315.0,1,2025-06-04 08:47:00
1749026880,31315.0,31315.0,31300.0,31300.0,1,2025-06-04 08:48:00
1749026940,31300.0,31300.0,31300.0,31300.0,12,2025-06-04 08:49:00
1749027000,31300.0,31315.0,31300.0,31310.0,2,2025-06-04 08:50:00
1749027060,31310.0,31310.0,31310.0,31310.0,0,2025-06-04 08:51:00
1749027120,31310.0,31310.0,31300.0,31300.0,2,2025-06-04 08:52:00
1749027180,31300.0,31320.0,31300.0,31300.0,5,2025-06-04 08:53:00
1749027240,31300.0,31300.0,31300.0,31300.0,3,2025-06-04 08:54:00
1749027300,31300.0,31300.0,31300.0,31300.0,5,2025-06-04 08:55:00
1749027360,31300.0,31300.0,31300.0,31300.0,3,2025-06-04 08:56:00
1749027420,31300.0,31300.0,31300.0,31300.0,4,2025-06-04 08:57:00
1749027480,31300.0,31315.0,31300.0,31315.0,1,2025-06-04 08:58:00
1749027540,31315.0,31315.0,31315.0,31315.0,0,2025-06-04 08:59:00
1749027600,31315.0,31315.0,31315.0,31315.0,0,2025-06-04 09:00:00
1749027660,31300.0,31315.0,31300.0,31300.0,12,2025-06-04 09:01:00
1749027720,31300.0,31300.0,31300.0,31300.0,0,2025-06-04 09:02:00
1749027780,31300.0,31300.0,31300.0,31300.0,0,2025-06-04 09:03:00
1749027840,31300.0,31310.0,31300.0,31310.0,1,2025-06-04 09:04:00
1749027900,31310.0,31310.0,31310.0,31310.0,0,2025-06-04 09:05:00
1749027960,31300.0,31305.0,31300.0,31300.0,39,2025-06-04 09:06:00
1749028020,31300.0,31300.0,31300.0,31300.0,4,2025-06-04 09:07:00
1749028080,31300.0,31300.0,31300.0,31300.0,0,2025-06-04 09:08:00
1749028140,31300.0,31320.0,31290.0,31320.0,6,2025-06-04 09:09:00
1749028200,31320.0,31320.0,31320.0,31320.0,3,2025-06-04 09:10:00
1749028260,31320.0,31320.0,31300.0,31300.0,5,2025-06-04 09:11:00
1749028320,31300.0,31315.0,31300.0,31315.0,2,2025-06-04 09:12:00
1749028380,31315.0,31315.0,31315.0,31315.0,0,2025-06-04 09:13:00
1749028440,31315.0,31320.0,31315.0,31320.0,1,2025-06-04 09:14:00
1749028500,31300.0,31320.0,31300.0,31310.0,7,2025-06-04 09:15:00
1749028560,31310.0,31320.0,31310.0,31320.0,1,2025-06-04 09:16:00
1749028620,31320.0,31320.0,31320.0,31320.0,10,2025-06-04 09:17:00
1749028680,31320.0,31320.0,31300.0,31300.0,3,2025-06-04 09:18:00
1749028740,31300.0,31320.0,31300.0,31320.0,13,2025-06-04 09:19:00
1749028800,31320.0,31320.0,31305.0,31305.0,8,2025-06-04 09:20:00
1749028860,31305.0,31315.0,31305.0,31315.0,1,2025-06-04 09:21:00
1749028920,31315.0,31315.0,31270.0,31285.0,9,2025-06-04 09:22:00
1749028980,31295.0,31295.0,31290.0,31295.0,6,2025-06-04 09:23:00
1749029040,31260.0,31305.0,31260.0,31305.0,40,2025-06-04 09:24:00
1749029100,31305.0,31320.0,31305.0,31320.0,4,2025-06-04 09:25:00
1749029160,31320.0,31320.0,31300.0,31300.0,4,2025-06-04 09:26:00
1749029220,31300.0,31300.0,31300.0,31300.0,0,2025-06-04 09:27:00
1749029280,31300.0,31300.0,31300.0,31300.0,9,2025-06-04 09:28:00
1749029340,31300.0,31300.0,31300.0,31300.0,0,2025-06-04 09:29:00
1749029400,31320.0,31320.0,31320.0,31320.0,7,2025-06-04 09:30:00
1749029460,31320.0,31320.0,31320.0,31320.0,29,2025-06-04 09:31:00
1749029520,31330.0,31330.0,31300.0,31300.0,45,2025-06-04 09:32:00
1749029580,31300.0,31315.0,31300.0,31300.0,7,2025-06-04 09:33:00
1749029640,31300.0,31320.0,31300.0,31300.0,3,2025-06-04 09:34:00
1749029700,31300.0,31330.0,31300.0,31305.0,5,2025-06-04 09:35:00
1749029760,31305.0,31345.0,31305.0,31345.0,11,2025-06-04 09:36:00
1749029820,31345.0,31345.0,31345.0,31345.0,1,2025-06-04 09:37:00
1749029880,31295.0,31340.0,31295.0,31305.0,18,2025-06-04 09:38:00
1749029940,31305.0,31335.0,31305.0,31335.0,3,2025-06-04 09:39:00
1749030000,31335.0,31335.0,31300.0,31300.0,3,2025-06-04 09:40:00
1749030060,31300.0,31300.0,31300.0,31300.0,1,2025-06-04 09:41:00
1749030120,31300.0,31355.0,31300.0,31355.0,83,2025-06-04 09:42:00
1749030180,31355.0,31355.0,31325.0,31330.0,2,2025-06-04 09:43:00
1749030240,31330.0,31365.0,31305.0,31365.0,32,2025-06-04 09:44:00
1749030300,31320.0,31320.0,31305.0,31305.0,10,2025-06-04 09:45:00
1749030360,31305.0,31315.0,31275.0,31300.0,46,2025-06-04 09:46:00
1749030420,31300.0,31315.0,31300.0,31315.0,1,2025-06-04 09:47:00
1749030480,31315.0,31315.0,31290.0,31315.0,55,2025-06-04 09:48:00
1749030540,31315.0,31315.0,31315.0,31315.0,0,2025-06-04 09:49:00
1749030600,31315.0,31315.0,31300.0,31300.0,10,2025-06-04 09:50:00
1749030660,31300.0,31320.0,31300.0,31320.0,3,2025-06-04 09:51:00
1749030720,31320.0,31320.0,31300.0,31300.0,4,2025-06-04 09:52:00
1749030780,31300.0,31305.0,31300.0,31300.0,32,2025-06-04 09:53:00
1749030840,31300.0,31300.0,31300.0,31300.0,178,2025-06-04 09:54:00
1749030900,31300.0,31300.0,31300.0,31300.0,81,2025-06-04 09:55:00
1749030960,31300.0,31300.0,31300.0,31300.0,18,2025-06-04 09:56:00
1749031020,31300.0,31310.0,31300.0,31310.0,24,2025-06-04 09:57:00
1749031080,31310.0,31310.0,31310.0,31310.0,15,2025-06-04 09:58:00
1749031140,31320.0,31345.0,31260.0,31300.0,52,2025-06-04 09:59:00
1749095100,31400.0,31415.0,31360.0,31360.0,127,2025-06-05 03:45:00
1749095160,31360.0,31410.0,31335.0,31395.0,25,2025-06-05 03:46:00
1749095220,31395.0,31395.0,31380.0,31380.0,6,2025-06-05 03:47:00
1749095280,31380.0,31475.0,31380.0,31475.0,54,2025-06-05 03:48:00
1749095340,31475.0,31475.0,31405.0,31405.0,53,2025-06-05 03:49:00
1749095400,31410.0,31410.0,31410.0,31410.0,10,2025-06-05 03:50:00
1749095460,31420.0,31435.0,31410.0,31435.0,16,2025-06-05 03:51:00
1749095520,31475.0,31475.0,31445.0,31445.0,21,2025-06-05 03:52:00
1749095580,31445.0,31475.0,31435.0,31435.0,83,2025-06-05 03:53:00
1749095640,31470.0,31470.0,31425.0,31425.0,22,2025-06-05 03:54:00
1749095700,31425.0,31425.0,31425.0,31425.0,0,2025-06-05 03:55:00
1749095760,31425.0,31425.0,31335.0,31335.0,35,2025-06-05 03:56:00
1749095820,31335.0,31375.0,31330.0,31345.0,35,2025-06-05 03:57:00
1749095880,31335.0,31370.0,31330.0,31340.0,35,2025-06-05 03:58:00
1749095940,31340.0,31340.0,31340.0,31340.0,0,2025-06-05 03:59:00
1749096000,31340.0,31340.0,31290.0,31290.0,14,2025-06-05 04:00:00
1749096060,31290.0,31380.0,31290.0,31350.0,23,2025-06-05 04:01:00
1749096120,31350.0,31380.0,31350.0,31380.0,6,2025-06-05 04:02:00
1749096180,31380.0,31380.0,31350.0,31350.0,4,2025-06-05 04:03:00
1749096240,31350.0,31380.0,31350.0,31380.0,5,2025-06-05 04:04:00
1749096300,31380.0,31380.0,31375.0,31375.0,3,2025-06-05 04:05:00
1749096360,31375.0,31375.0,31335.0,31335.0,1,2025-06-05 04:06:00
1749096420,31350.0,31365.0,31350.0,31365.0,5,2025-06-05 04:07:00
1749096480,31365.0,31365.0,31330.0,31330.0,3,2025-06-05 04:08:00
1749096540,31330.0,31365.0,31325.0,31325.0,4,2025-06-05 04:09:00
1749096600,31325.0,31360.0,31325.0,31350.0,11,2025-06-05 04:10:00
1749096660,31350.0,31350.0,31350.0,31350.0,1,2025-06-05 04:11:00
1749096720,31330.0,31360.0,31325.0,31325.0,20,2025-06-05 04:12:00
1749096780,31370.0,31395.0,31335.0,31380.0,168,2025-06-05 04:13:00
1749096840,31380.0,31400.0,31380.0,31400.0,1,2025-06-05 04:14:00
1749096900,31400.0,31400.0,31370.0,31380.0,48,2025-06-05 04:15:00
1749096960,31380.0,31390.0,31370.0,31380.0,53,2025-06-05 04:16:00
1749097020,31380.0,31380.0,31380.0,31380.0,117,2025-06-05 04:17:00
1749097080,31380.0,31380.0,31370.0,31370.0,6,2025-06-05 04:18:00
1749097140,31370.0,31370.0,31355.0,31370.0,20,2025-06-05 04:19:00
1749097200,31370.0,31370.0,31370.0,31370.0,27,2025-06-05 04:20:00
1749097260,31370.0,31370.0,31370.0,31370.0,1,2025-06-05 04:21:00
1749097320,31380.0,31400.0,31380.0,31400.0,22,2025-06-05 04:22:00
1749097380,31400.0,31400.0,31370.0,31370.0,54,2025-06-05 04:23:00
1749097440,31370.0,31440.0,31370.0,31440.0,162,2025-06-05 04:24:00
1749097500,31400.0,31500.0,31400.0,31500.0,359,2025-06-05 04:25:00
1749097560,31500.0,31555.0,31500.0,31520.0,67,2025-06-05 04:26:00
1749097620,31520.0,31520.0,31470.0,31470.0,27,2025-06-05 04:27:00
1749097680,31470.0,31470.0,31445.0,31445.0,1,2025-06-05 04:28:00
1749097740,31445.0,31445.0,31445.0,31445.0,10,2025-06-05 04:29:00
1749097800,31445.0,31445.0,31415.0,31415.0,25,2025-06-05 04:30:00
1749097860,31415.0,31415.0,31410.0,31410.0,5,2025-06-05 04:31:00
1749097920,31410.0,31410.0,31370.0,31370.0,108,2025-06-05 04:32:00
1749097980,31365.0,31365.0,31365.0,31365.0,10,2025-06-05 04:33:00
1749098040,31365.0,31400.0,31355.0,31400.0,36,2025-06-05 04:34:00
1749098100,31365.0,31400.0,31365.0,31400.0,97,2025-06-05 04:35:00
1749098160,31400.0,31400.0,31395.0,31400.0,53,2025-06-05 04:36:00
1749098220,31400.0,31400.0,31400.0,31400.0,160,2025-06-05 04:37:00
1749098280,31415.0,31415.0,31400.0,31400.0,12,2025-06-05 04:38:00
1749098340,31400.0,31415.0,31400.0,31415.0,2,2025-06-05 04:39:00
1749098400,31415.0,31415.0,31415.0,31415.0,89,2025-06-05 04:40:00
1749098460,31415.0,31415.0,31415.0,31415.0,2,2025-06-05 04:41:00
1749098520,31415.0,31415.0,31395.0,31395.0,73,2025-06-05 04:42:00
1749098580,31395.0,31415.0,31395.0,31415.0,1074,2025-06-05 04:43:00
1749098640,31400.0,31440.0,31400.0,31440.0,756,2025-06-05 04:44:00
1749098700,31440.0,31450.0,31410.0,31420.0,207,2025-06-05 04:45:00
1749098760,31400.0,31450.0,31400.0,31400.0,2328,2025-06-05 04:46:00
1749098820,31400.0,31425.0,31400.0,31400.0,1983,2025-06-05 04:47:00
1749098880,31425.0,31425.0,31390.0,31400.0,2313,2025-06-05 04:48:00
1749098940,31400.0,31460.0,31400.0,31430.0,62,2025-06-05 04:49:00
1749099000,31430.0,31430.0,31410.0,31415.0,11,2025-06-05 04:50:00
1749099060,31450.0,31460.0,31450.0,31460.0,35,2025-06-05 04:51:00
1749099120,31460.0,31520.0,31460.0,31520.0,67,2025-06-05 04:52:00
1749099180,31520.0,31550.0,31520.0,31550.0,23,2025-06-05 04:53:00
1749099240,31515.0,31520.0,31490.0,31490.0,81,2025-06-05 04:54:00
1749099300,31490.0,31550.0,31490.0,31550.0,67,2025-06-05 04:55:00
1749099360,31550.0,31550.0,31525.0,31540.0,40,2025-06-05 04:56:00
1749099420,31540.0,31540.0,31525.0,31525.0,3,2025-06-05 04:57:00
1749099480,31525.0,31540.0,31525.0,31525.0,8,2025-06-05 04:58:00
1749099540,31525.0,31540.0,31525.0,31540.0,2,2025-06-05 04:59:00
1749099600,31540.0,31540.0,31540.0,31540.0,5,2025-06-05 05:00:00
1749099660,31525.0,31525.0,31525.0,31525.0,5,2025-06-05 05:01:00
1749099720,31525.0,31535.0,31525.0,31535.0,1,2025-06-05 05:02:00
1749099780,31535.0,31535.0,31520.0,31530.0,2,2025-06-05 05:03:00
1749099840,31530.0,31530.0,31530.0,31530.0,0,2025-06-05 05:04:00
1749099900,31530.0,31535.0,31530.0,31535.0,39,2025-06-05 05:05:00
1749099960,31535.0,31535.0,31505.0,31505.0,1,2025-06-05 05:06:00
1749100020,31520.0,31520.0,31520.0,31520.0,1,2025-06-05 05:07:00
1749100080,31490.0,31500.0,31490.0,31500.0,10,2025-06-05 05:08:00
1749100140,31500.0,31515.0,31500.0,31505.0,5,2025-06-05 05:09:00
1749100200,31505.0,31525.0,31505.0,31525.0,2,2025-06-05 05:10:00
1749100260,31505.0,31505.0,31505.0,31505.0,1,2025-06-05 05:11:00
1749100320,31505.0,31505.0,31505.0,31505.0,1,2025-06-05 05:12:00
1749100380,31505.0,31505.0,31495.0,31495.0,5,2025-06-05 05:13:00
1749100440,31495.0,31540.0,31495.0,31500.0,14,2025-06-05 05:14:00
1749100500,31540.0,31590.0,31540.0,31590.0,213,2025-06-05 05:15:00
1749100560,31590.0,31600.0,31575.0,31600.0,43,2025-06-05 05:16:00
1749100620,31605.0,31610.0,31605.0,31610.0,57,2025-06-05 05:17:00
1749100680,31610.0,31610.0,31595.0,31595.0,7,2025-06-05 05:18:00
1749100740,31595.0,31625.0,31570.0,31610.0,14,2025-06-05 05:19:00
1749100800,31630.0,31695.0,31630.0,31680.0,181,2025-06-05 05:20:00
1749100860,31680.0,31680.0,31610.0,31645.0,108,2025-06-05 05:21:00
1749100920,31645.0,31690.0,31645.0,31690.0,21,2025-06-05 05:22:00
1749100980,31690.0,31690.0,31650.0,31690.0,3,2025-06-05 05:23:00
1749101040,31690.0,31690.0,31650.0,31650.0,5,2025-06-05 05:24:00
1749101100,31650.0,31650.0,31650.0,31650.0,4,2025-06-05 05:25:00
1749101160,31650.0,31660.0,31650.0,31650.0,9,2025-06-05 05:26:00
1749101220,31650.0,31660.0,31650.0,31660.0,8,2025-06-05 05:27:00
1749101280,31660.0,31680.0,31650.0,31680.0,4,2025-06-05 05:28:00
1749101340,31680.0,31680.0,31665.0,31665.0,7,2025-06-05 05:29:00
1749101400,31665.0,31665.0,31665.0,31665.0,0,2025-06-05 05:30:00
1749101460,31665.0,31680.0,31665.0,31680.0,18,2025-06-05 05:31:00
1749101520,31680.0,31680.0,31680.0,31680.0,0,2025-06-05 05:32:00
1749101580,31680.0,31680.0,31660.0,31660.0,7,2025-06-05 05:33:00
1749101640,31660.0,31660.0,31650.0,31650.0,2,2025-06-05 05:34:00
1749101700,31650.0,31660.0,31650.0,31660.0,9,2025-06-05 05:35:00
1749101760,31660.0,31660.0,31655.0,31655.0,13,2025-06-05 05:36:00
1749101820,31655.0,31690.0,31655.0,31690.0,23,2025-06-05 05:37:00
1749101880,31690.0,31690.0,31655.0,31655.0,26,2025-06-05 05:38:00
1749101940,31655.0,31685.0,31570.0,31570.0,241,2025-06-05 05:39:00
1749102000,31570.0,31580.0,31570.0,31580.0,16,2025-06-05 05:40:00
1749102060,31580.0,31585.0,31540.0,31550.0,15,2025-06-05 05:41:00
1749102120,31550.0,31585.0,31545.0,31545.0,6,2025-06-05 05:42:00
1749102180,31545.0,31550.0,31545.0,31550.0,3,2025-06-05 05:43:00
1749102240,31550.0,31550.0,31550.0,31550.0,5,2025-06-05 05:44:00
1749102300,31550.0,31590.0,31550.0,31590.0,9,2025-06-05 05:45:00
1749102360,31590.0,31590.0,31555.0,31585.0,4,2025-06-05 05:46:00
1749102420,31585.0,31585.0,31550.0,31550.0,7,2025-06-05 05:47:00
1749102480,31525.0,31525.0,31495.0,31495.0,20,2025-06-05 05:48:00
1749102540,31495.0,31495.0,31495.0,31495.0,0,2025-06-05 05:49:00
1749102600,31495.0,31570.0,31495.0,31570.0,15,2025-06-05 05:50:00
1749102660,31570.0,31575.0,31570.0,31575.0,1,2025-06-05 05:51:00
1749102720,31575.0,31575.0,31535.0,31535.0,3,2025-06-05 05:52:00
1749102780,31535.0,31535.0,31535.0,31535.0,0,2025-06-05 05:53:00
1749102840,31535.0,31535.0,31535.0,31535.0,0,2025-06-05 05:54:00
1749102900,31535.0,31535.0,31515.0,31515.0,10,2025-06-05 05:55:00
1749102960,31515.0,31565.0,31515.0,31565.0,1,2025-06-05 05:56:00
1749103020,31565.0,31700.0,31525.0,31635.0,760,2025-06-05 05:57:00
1749103080,31635.0,31655.0,31630.0,31630.0,16,2025-06-05 05:58:00
1749103140,31630.0,31630.0,31630.0,31630.0,4,2025-06-05 05:59:00
1749103200,31635.0,31635.0,31580.0,31580.0,49,2025-06-05 06:00:00
1749103260,31580.0,31610.0,31575.0,31580.0,5,2025-06-05 06:01:00
1749103320,31610.0,31620.0,31610.0,31620.0,8,2025-06-05 06:02:00
1749103380,31620.0,31635.0,31580.0,31635.0,10,2025-06-05 06:03:00
1749103440,31640.0,31640.0,31610.0,31620.0,9,2025-06-05 06:04:00
1749103500,31620.0,31620.0,31620.0,31620.0,0,2025-06-05 06:05:00
1749103560,31620.0,31650.0,31615.0,31615.0,2,2025-06-05 06:06:00
1749103620,31615.0,31655.0,31615.0,31655.0,2,2025-06-05 06:07:00
1749103680,31655.0,31655.0,31655.0,31655.0,0,2025-06-05 06:08:00
1749103740,31655.0,31655.0,31640.0,31640.0,1,2025-06-05 06:09:00
1749103800,31640.0,31640.0,31640.0,31640.0,0,2025-06-05 06:10:00
1749103860,31640.0,31640.0,31610.0,31610.0,27,2025-06-05 06:11:00
1749103920,31610.0,31650.0,31610.0,31640.0,72,2025-06-05 06:12:00
1749103980,31640.0,31690.0,31640.0,31690.0,26,2025-06-05 06:13:00
1749104040,31690.0,31690.0,31690.0,31690.0,2,2025-06-05 06:14:00
1749104100,31690.0,31690.0,31655.0,31655.0,8,2025-06-05 06:15:00
1749104160,31655.0,31690.0,31655.0,31655.0,6,2025-06-05 06:16:00
1749104220,31655.0,31665.0,31630.0,31665.0,34,2025-06-05 06:17:00
1749104280,31665.0,31710.0,31665.0,31710.0,193,2025-06-05 06:18:00
1749104340,31700.0,31725.0,31700.0,31725.0,39,2025-06-05 06:19:00
1749104400,31725.0,31750.0,31715.0,31750.0,31,2025-06-05 06:20:00
1749104460,31750.0,31780.0,31715.0,31780.0,42,2025-06-05 06:21:00
1749104520,31750.0,31780.0,31750.0,31750.0,33,2025-06-05 06:22:00
1749104580,31750.0,31755.0,31750.0,31755.0,1,2025-06-05 06:23:00
1749104640,31755.0,31825.0,31755.0,31825.0,165,2025-06-05 06:24:00
1749104700,31825.0,31825.0,31780.0,31800.0,12,2025-06-05 06:25:00
1749104760,31810.0,31810.0,31800.0,31800.0,14,2025-06-05 06:26:00
1749104820,31800.0,31815.0,31735.0,31735.0,304,2025-06-05 06:27:00
1749104880,31735.0,31800.0,31735.0,31800.0,179,2025-06-05 06:28:00
1749104940,31800.0,31830.0,31800.0,31815.0,781,2025-06-05 06:29:00
1749105000,31815.0,31840.0,31815.0,31825.0,13,2025-06-05 06:30:00
1749105060,31825.0,31825.0,31795.0,31800.0,28,2025-06-05 06:31:00
1749105120,31800.0,31825.0,31800.0,31825.0,18,2025-06-05 06:32:00
1749105180,31825.0,31825.0,31800.0,31800.0,28,2025-06-05 06:33:00
1749105240,31800.0,31820.0,31800.0,31820.0,10,2025-06-05 06:34:00
1749105300,31820.0,31820.0,31820.0,31820.0,1,2025-06-05 06:35:00
1749105360,31820.0,31830.0,31820.0,31820.0,132,2025-06-05 06:36:00
1749105420,31820.0,31860.0,31820.0,31860.0,102,2025-06-05 06:37:00
1749105480,31850.0,31900.0,31825.0,31825.0,493,2025-06-05 06:38:00
1749105540,31825.0,31865.0,31825.0,31865.0,7,2025-06-05 06:39:00
1749105600,31865.0,31865.0,31825.0,31830.0,17,2025-06-05 06:40:00
1749105660,31830.0,31830.0,31745.0,31745.0,88,2025-06-05 06:41:00
1749105720,31745.0,31745.0,31625.0,31680.0,226,2025-06-05 06:42:00
1749105780,31710.0,31725.0,31690.0,31690.0,46,2025-06-05 06:43:00
1749105840,31690.0,31700.0,31690.0,31700.0,2,2025-06-05 06:44:00
1749105900,31700.0,31710.0,31700.0,31710.0,6,2025-06-05 06:45:00
1749105960,31710.0,31710.0,31705.0,31705.0,1,2025-06-05 06:46:00
1749106020,31685.0,31695.0,31670.0,31695.0,16,2025-06-05 06:47:00
1749106080,31695.0,31695.0,31685.0,31695.0,12,2025-06-05 06:48:00
1749106140,31695.0,31700.0,31695.0,31700.0,6,2025-06-05 06:49:00
1749106200,31700.0,31705.0,31700.0,31705.0,2,2025-06-05 06:50:00
1749106260,31705.0,31705.0,31705.0,31705.0,0,2025-06-05 06:51:00
1749106320,31705.0,31705.0,31665.0,31665.0,1,2025-06-05 06:52:00
1749106380,31665.0,31690.0,31665.0,31690.0,5,2025-06-05 06:53:00
1749106440,31690.0,31690.0,31690.0,31690.0,0,2025-06-05 06:54:00
1749106500,31695.0,31695.0,31655.0,31655.0,13,2025-06-05 06:55:00
1749106560,31685.0,31685.0,31615.0,31615.0,51,2025-06-05 06:56:00
1749106620,31615.0,31620.0,31615.0,31620.0,4,2025-06-05 06:57:00
1749106680,31620.0,31620.0,31520.0,31535.0,478,2025-06-05 06:58:00
1749106740,31535.0,31570.0,31535.0,31570.0,30,2025-06-05 06:59:00
1749106800,31540.0,31585.0,31540.0,31585.0,14,2025-06-05 07:00:00
1749106860,31585.0,31585.0,31555.0,31555.0,13,2025-06-05 07:01:00
1749106920,31555.0,31555.0,31555.0,31555.0,2,2025-06-05 07:02:00
1749106980,31555.0,31595.0,31555.0,31595.0,5,2025-06-05 07:03:00
1749107040,31595.0,31595.0,31575.0,31575.0,2,2025-06-05 07:04:00
1749107100,31575.0,31580.0,31575.0,31575.0,2,2025-06-05 07:05:00
1749107160,31575.0,31590.0,31565.0,31565.0,3,2025-06-05 07:06:00
1749107220,31565.0,31565.0,31565.0,31565.0,2,2025-06-05 07:07:00
1749107280,31565.0,31570.0,31550.0,31570.0,7,2025-06-05 07:08:00
1749107340,31590.0,31590.0,31550.0,31550.0,3,2025-06-05 07:09:00
1749107400,31550.0,31585.0,31545.0,31545.0,4,2025-06-05 07:10:00
1749107460,31545.0,31550.0,31545.0,31550.0,2,2025-06-05 07:11:00
1749107520,31550.0,31555.0,31550.0,31555.0,2,2025-06-05 07:12:00
1749107580,31555.0,31560.0,31555.0,31560.0,3,2025-06-05 07:13:00
1749107640,31560.0,31585.0,31560.0,31560.0,3,2025-06-05 07:14:00
1749107700,31560.0,31560.0,31555.0,31555.0,2,2025-06-05 07:15:00
1749107760,31555.0,31570.0,31530.0,31570.0,42,2025-06-05 07:16:00
1749107820,31570.0,31570.0,31485.0,31505.0,2350,2025-06-05 07:17:00
1749107880,31505.0,31550.0,31505.0,31550.0,65,2025-06-05 07:18:00
1749107940,31550.0,31585.0,31550.0,31550.0,3,2025-06-05 07:19:00
1749108000,31550.0,31560.0,31550.0,31560.0,43,2025-06-05 07:20:00
1749108060,31560.0,31560.0,31500.0,31550.0,59,2025-06-05 07:21:00
1749108120,31550.0,31550.0,31550.0,31550.0,4,2025-06-05 07:22:00
1749108180,31550.0,31550.0,31550.0,31550.0,3,2025-06-05 07:23:00
1749108240,31575.0,31575.0,31550.0,31550.0,8,2025-06-05 07:24:00
1749108300,31550.0,31550.0,31550.0,31550.0,3,2025-06-05 07:25:00
1749108360,31550.0,31550.0,31550.0,31550.0,2,2025-06-05 07:26:00
1749108420,31550.0,31555.0,31550.0,31555.0,2,2025-06-05 07:27:00
1749108480,31555.0,31570.0,31555.0,31555.0,4,2025-06-05 07:28:00
1749108540,31555.0,31575.0,31555.0,31555.0,3,2025-06-05 07:29:00
1749108600,31555.0,31575.0,31545.0,31555.0,142,2025-06-05 07:30:00
1749108660,31555.0,31575.0,31555.0,31575.0,3,2025-06-05 07:31:00
1749108720,31575.0,31580.0,31555.0,31580.0,5,2025-06-05 07:32:00
1749108780,31580.0,31580.0,31560.0,31560.0,5,2025-06-05 07:33:00
1749108840,31560.0,31560.0,31560.0,31560.0,3,2025-06-05 07:34:00
1749108900,31560.0,31580.0,31560.0,31580.0,3,2025-06-05 07:35:00
1749108960,31580.0,31580.0,31560.0,31560.0,2,2025-06-05 07:36:00
1749109020,31560.0,31560.0,31555.0,31555.0,21,2025-06-05 07:37:00
1749109080,31555.0,31555.0,31555.0,31555.0,42,2025-06-05 07:38:00
1749109140,31555.0,31555.0,31555.0,31555.0,4,2025-06-05 07:39:00
1749109200,31575.0,31575.0,31555.0,31555.0,7,2025-06-05 07:40:00
1749109260,31555.0,31585.0,31555.0,31555.0,3,2025-06-05 07:41:00
1749109320,31555.0,31555.0,31555.0,31555.0,2,2025-06-05 07:42:00
1749109380,31555.0,31555.0,31555.0,31555.0,2,2025-06-05 07:43:00
1749109440,31555.0,31585.0,31555.0,31585.0,4,2025-06-05 07:44:00
1749109500,31585.0,31585.0,31555.0,31555.0,3,2025-06-05 07:45:00
1749109560,31555.0,31555.0,31555.0,31555.0,3,2025-06-05 07:46:00
1749109620,31555.0,31615.0,31555.0,31605.0,38,2025-06-05 07:47:00
1749109680,31605.0,31605.0,31575.0,31575.0,9,2025-06-05 07:48:00
1749109740,31575.0,31595.0,31565.0,31595.0,3,2025-06-05 07:49:00
1749109800,31595.0,31600.0,31560.0,31580.0,32,2025-06-05 07:50:00
1749109860,31580.0,31580.0,31555.0,31555.0,1,2025-06-05 07:51:00
1749109920,31555.0,31555.0,31555.0,31555.0,3,2025-06-05 07:52:00
1749109980,31555.0,31635.0,31555.0,31635.0,27,2025-06-05 07:53:00
1749110040,31635.0,31670.0,31605.0,31605.0,19,2025-06-05 07:54:00
1749110100,31605.0,31660.0,31605.0,31660.0,6,2025-06-05 07:55:00
1749110160,31660.0,31660.0,31640.0,31640.0,2,2025-06-05 07:56:00
1749110220,31640.0,31660.0,31640.0,31660.0,4,2025-06-05 07:57:00
1749110280,31660.0,31660.0,31640.0,31640.0,28,2025-06-05 07:58:00
1749110340,31640.0,31675.0,31615.0,31675.0,49,2025-06-05 07:59:00
1749110400,31675.0,31695.0,31665.0,31665.0,6,2025-06-05 08:00:00
1749110460,31660.0,31680.0,31660.0,31680.0,4,2025-06-05 08:01:00
1749110520,31680.0,31680.0,31660.0,31660.0,19,2025-06-05 08:02:00
1749110580,31660.0,31680.0,31660.0,31665.0,4,2025-06-05 08:03:00
1749110640,31665.0,31665.0,31660.0,31660.0,32,2025-06-05 08:04:00
1749110700,31660.0,31660.0,31660.0,31660.0,6,2025-06-05 08:05:00
1749110760,31660.0,31670.0,31660.0,31660.0,5,2025-06-05 08:06:00
1749110820,31660.0,31660.0,31660.0,31660.0,2,2025-06-05 08:07:00
1749110880,31660.0,31660.0,31660.0,31660.0,9,2025-06-05 08:08:00
1749110940,31680.0,31680.0,31660.0,31660.0,3,2025-06-05 08:09:00
1749111000,31660.0,31660.0,31660.0,31660.0,1,2025-06-05 08:10:00
1749111060,31660.0,31660.0,31660.0,31660.0,3,2025-06-05 08:11:00
1749111120,31660.0,31660.0,31660.0,31660.0,3,2025-06-05 08:12:00
1749111180,31660.0,31670.0,31660.0,31670.0,9,2025-06-05 08:13:00
1749111240,31670.0,31680.0,31660.0,31680.0,2,2025-06-05 08:14:00
1749111300,31660.0,31660.0,31660.0,31660.0,2,2025-06-05 08:15:00
1749111360,31660.0,31660.0,31660.0,31660.0,21,2025-06-05 08:16:00
1749111420,31660.0,31660.0,31660.0,31660.0,7,2025-06-05 08:17:00
1749111480,31660.0,31660.0,31660.0,31660.0,2,2025-06-05 08:18:00
1749111540,31660.0,31660.0,31660.0,31660.0,5,2025-06-05 08:19:00
1749111600,31665.0,31665.0,31660.0,31660.0,164,2025-06-05 08:20:00
1749111660,31660.0,31675.0,31660.0,31675.0,4,2025-06-05 08:21:00
1749111720,31675.0,31675.0,31660.0,31660.0,10,2025-06-05 08:22:00
1749111780,31660.0,31660.0,31660.0,31660.0,1,2025-06-05 08:23:00
1749111840,31660.0,31675.0,31660.0,31675.0,12,2025-06-05 08:24:00
1749111900,31675.0,31675.0,31660.0,31660.0,3,2025-06-05 08:25:00
1749111960,31660.0,31660.0,31660.0,31660.0,2,2025-06-05 08:26:00
1749112020,31660.0,31660.0,31660.0,31660.0,2,2025-06-05 08:27:00
1749112080,31660.0,31680.0,31660.0,31680.0,5,2025-06-05 08:28:00
1749112140,31680.0,31690.0,31670.0,31670.0,16,2025-06-05 08:29:00
1749112200,31660.0,31660.0,31660.0,31660.0,3,2025-06-05 08:30:00
1749112260,31660.0,31660.0,31660.0,31660.0,2,2025-06-05 08:31:00
1749112320,31660.0,31660.0,31660.0,31660.0,2,2025-06-05 08:32:00
1749112380,31660.0,31670.0,31660.0,31660.0,15,2025-06-05 08:33:00
1749112440,31660.0,31660.0,31660.0,31660.0,5,2025-06-05 08:34:00
1749112500,31660.0,31660.0,31650.0,31650.0,3,2025-06-05 08:35:00
1749112560,31650.0,31650.0,31625.0,31625.0,2,2025-06-05 08:36:00
1749112620,31625.0,31625.0,31625.0,31625.0,1,2025-06-05 08:37:00
1749112680,31625.0,31625.0,31615.0,31615.0,3,2025-06-05 08:38:00
1749112740,31615.0,31660.0,31615.0,31640.0,27,2025-06-05 08:39:00
1749112800,31640.0,31670.0,31635.0,31660.0,6,2025-06-05 08:40:00
1749112860,31680.0,31680.0,31625.0,31675.0,22,2025-06-05 08:41:00
1749112920,31650.0,31695.0,31630.0,31630.0,93,2025-06-05 08:42:00
1749112980,31630.0,31655.0,31620.0,31655.0,235,2025-06-05 08:43:00
1749113040,31655.0,31665.0,31620.0,31665.0,8,2025-06-05 08:44:00
1749113100,31660.0,31680.0,31630.0,31680.0,11,2025-06-05 08:45:00
1749113160,31680.0,31690.0,31650.0,31690.0,8,2025-06-05 08:46:00
1749113220,31690.0,31690.0,31650.0,31685.0,14,2025-06-05 08:47:00
1749113280,31685.0,31690.0,31650.0,31690.0,11,2025-06-05 08:48:00
1749113340,31690.0,31690.0,31655.0,31690.0,14,2025-06-05 08:49:00
1749113400,31690.0,31695.0,31655.0,31660.0,9,2025-06-05 08:50:00
1749113460,31660.0,31700.0,31655.0,31700.0,14,2025-06-05 08:51:00
1749113520,31700.0,31700.0,31670.0,31700.0,10,2025-06-05 08:52:00
1749113580,31700.0,31700.0,31670.0,31700.0,5,2025-06-05 08:53:00
1749113640,31700.0,31700.0,31670.0,31700.0,7,2025-06-05 08:54:00
1749113700,31700.0,31700.0,31670.0,31700.0,8,2025-06-05 08:55:00
1749113760,31700.0,31710.0,31700.0,31700.0,4,2025-06-05 08:56:00
1749113820,31700.0,31700.0,31700.0,31700.0,7,2025-06-05 08:57:00
1749113880,31700.0,31700.0,31665.0,31700.0,24,2025-06-05 08:58:00
1749113940,31700.0,31700.0,31700.0,31700.0,2,2025-06-05 08:59:00
1749114000,31700.0,31750.0,31700.0,31720.0,65,2025-06-05 09:00:00
1749114060,31720.0,31720.0,31700.0,31700.0,2,2025-06-05 09:01:00
1749114120,31700.0,31700.0,31700.0,31700.0,4,2025-06-05 09:02:00
1749114180,31700.0,31710.0,31700.0,31710.0,5,2025-06-05 09:03:00
1749114240,31710.0,31765.0,31700.0,31765.0,27,2025-06-05 09:04:00
1749114300,31765.0,31765.0,31705.0,31705.0,2,2025-06-05 09:05:00
1749114360,31730.0,31730.0,31700.0,31700.0,4,2025-06-05 09:06:00
1749114420,31700.0,31700.0,31695.0,31700.0,110,2025-06-05 09:07:00
1749114480,31700.0,31705.0,31700.0,31700.0,2229,2025-06-05 09:08:00
1749114540,31700.0,31700.0,31700.0,31700.0,62,2025-06-05 09:09:00
1749114600,31700.0,31700.0,31700.0,31700.0,7,2025-06-05 09:10:00
1749114660,31700.0,31760.0,31700.0,31760.0,13,2025-06-05 09:11:00
1749114720,31760.0,31760.0,31705.0,31705.0,4,2025-06-05 09:12:00
1749114780,31705.0,31705.0,31700.0,31700.0,8,2025-06-05 09:13:00
1749114840,31700.0,31700.0,31675.0,31700.0,4,2025-06-05 09:14:00
1749114900,31700.0,31730.0,31700.0,31700.0,8,2025-06-05 09:15:00
1749114960,31700.0,31700.0,31700.0,31700.0,3,2025-06-05 09:16:00
1749115020,31700.0,31705.0,31700.0,31705.0,1,2025-06-05 09:17:00
1749115080,31700.0,31725.0,31700.0,31725.0,4,2025-06-05 09:18:00
1749115140,31725.0,31725.0,31700.0,31700.0,3,2025-06-05 09:19:00
1749115200,31700.0,31700.0,31700.0,31700.0,5,2025-06-05 09:20:00
1749115260,31700.0,31705.0,31700.0,31700.0,21,2025-06-05 09:21:00
1749115320,31700.0,31745.0,31700.0,31740.0,111,2025-06-05 09:22:00
1749115380,31700.0,31700.0,31680.0,31700.0,42,2025-06-05 09:23:00
1749115440,31700.0,31700.0,31660.0,31660.0,119,2025-06-05 09:24:00
1749115500,31650.0,31665.0,31615.0,31665.0,28,2025-06-05 09:25:00
1749115560,31665.0,31670.0,31620.0,31630.0,21,2025-06-05 09:26:00
1749115620,31655.0,31665.0,31655.0,31665.0,24,2025-06-05 09:27:00
1749115680,31665.0,31685.0,31650.0,31685.0,13,2025-06-05 09:28:00
1749115740,31690.0,31695.0,31655.0,31695.0,12,2025-06-05 09:29:00
1749115800,31690.0,31690.0,31655.0,31660.0,24,2025-06-05 09:30:00
1749115860,31680.0,31690.0,31650.0,31685.0,21,2025-06-05 09:31:00
1749115920,31685.0,31685.0,31590.0,31660.0,79,2025-06-05 09:32:00
1749115980,31660.0,31665.0,31640.0,31665.0,37,2025-06-05 09:33:00
1749116040,31670.0,31680.0,31635.0,31640.0,15,2025-06-05 09:34:00
1749116100,31680.0,31680.0,31640.0,31660.0,25,2025-06-05 09:35:00
1749116160,31660.0,31660.0,31610.0,31650.0,33,2025-06-05 09:36:00
1749116220,31660.0,31685.0,31625.0,31685.0,29,2025-06-05 09:37:00
1749116280,31690.0,31690.0,31650.0,31685.0,18,2025-06-05 09:38:00
1749116340,31685.0,31690.0,31650.0,31650.0,18,2025-06-05 09:39:00
1749116400,31690.0,31690.0,31680.0,31690.0,26,2025-06-05 09:40:00
1749116460,31690.0,31690.0,31650.0,31680.0,33,2025-06-05 09:41:00
1749116520,31680.0,31685.0,31645.0,31680.0,56,2025-06-05 09:42:00
1749116580,31680.0,31700.0,31680.0,31700.0,77,2025-06-05 09:43:00
1749116640,31650.0,31700.0,31650.0,31655.0,23,2025-06-05 09:44:00
1749116700,31655.0,31695.0,31635.0,31695.0,27,2025-06-05 09:45:00
1749116760,31695.0,31700.0,31650.0,31700.0,28,2025-06-05 09:46:00
1749116820,31700.0,31700.0,31650.0,31685.0,63,2025-06-05 09:47:00
1749116880,31685.0,31870.0,31640.0,31735.0,272,2025-06-05 09:48:00
1749116940,31735.0,31735.0,31700.0,31730.0,3,2025-06-05 09:49:00
1749117000,31700.0,31730.0,31675.0,31675.0,54,2025-06-05 09:50:00
1749117060,31675.0,31725.0,31670.0,31700.0,38,2025-06-05 09:51:00
1749117120,31705.0,31725.0,31675.0,31725.0,41,2025-06-05 09:52:00
1749117180,31720.0,31725.0,31665.0,31665.0,19,2025-06-05 09:53:00
1749117240,31700.0,31710.0,31665.0,31705.0,39,2025-06-05 09:54:00
1749117300,31705.0,31715.0,31675.0,31685.0,36,2025-06-05 09:55:00
1749117360,31685.0,31695.0,31650.0,31695.0,132,2025-06-05 09:56:00
1749117420,31695.0,31700.0,31665.0,31665.0,18,2025-06-05 09:57:00
1749117480,31665.0,31665.0,31640.0,31655.0,21,2025-06-05 09:58:00
1749117540,31640.0,31650.0,31640.0,31650.0,47,2025-06-05 09:59:00
1749181500,31850.0,31850.0,31675.0,31770.0,150,2025-06-06 03:45:00
1749181560,31785.0,31785.0,31700.0,31700.0,39,2025-06-06 03:46:00
1749181620,31700.0,31780.0,31680.0,31780.0,44,2025-06-06 03:47:00
1749181680,31725.0,31740.0,31665.0,31665.0,17,2025-06-06 03:48:00
1749181740,31665.0,31695.0,31665.0,31690.0,11,2025-06-06 03:49:00
1749181800,31665.0,31770.0,31580.0,31770.0,117,2025-06-06 03:50:00
1749181860,31710.0,31765.0,31710.0,31765.0,11,2025-06-06 03:51:00
1749181920,31765.0,31765.0,31740.0,31740.0,30,2025-06-06 03:52:00
1749181980,31740.0,31760.0,31740.0,31760.0,1,2025-06-06 03:53:00
1749182040,31760.0,31765.0,31760.0,31765.0,1,2025-06-06 03:54:00
1749182100,31725.0,31725.0,31725.0,31725.0,20,2025-06-06 03:55:00
1749182160,31725.0,31730.0,31725.0,31725.0,59,2025-06-06 03:56:00
1749182220,31725.0,31765.0,31725.0,31760.0,35,2025-06-06 03:57:00
1749182280,31760.0,31785.0,31735.0,31735.0,9,2025-06-06 03:58:00
1749182340,31735.0,31735.0,31735.0,31735.0,0,2025-06-06 03:59:00
1749182400,31735.0,31745.0,31735.0,31745.0,15,2025-06-06 04:00:00
1749182460,31745.0,31745.0,31745.0,31745.0,60,2025-06-06 04:01:00
1749182520,31745.0,31770.0,31745.0,31770.0,1,2025-06-06 04:02:00
1749182580,31770.0,31770.0,31735.0,31735.0,5,2025-06-06 04:03:00
1749182640,31735.0,31845.0,31735.0,31845.0,170,2025-06-06 04:04:00
1749182700,31845.0,31850.0,31820.0,31820.0,25,2025-06-06 04:05:00
1749182760,31820.0,31820.0,31790.0,31790.0,6,2025-06-06 04:06:00
1749182820,31790.0,31790.0,31790.0,31790.0,2,2025-06-06 04:07:00
1749182880,31790.0,31840.0,31790.0,31840.0,13,2025-06-06 04:08:00
1749182940,31840.0,31840.0,31805.0,31815.0,5,2025-06-06 04:09:00
1749183000,31815.0,31830.0,31800.0,31825.0,62,2025-06-06 04:10:00
1749183060,31800.0,31830.0,31800.0,31800.0,16,2025-06-06 04:11:00
1749183120,31800.0,31830.0,31800.0,31830.0,5,2025-06-06 04:12:00
1749183180,31830.0,31830.0,31800.0,31830.0,8,2025-06-06 04:13:00
1749183240,31830.0,31830.0,31800.0,31800.0,4,2025-06-06 04:14:00
1749183300,31800.0,31830.0,31800.0,31815.0,17,2025-06-06 04:15:00
1749183360,31820.0,31820.0,31805.0,31805.0,3,2025-06-06 04:16:00
1749183420,31805.0,31820.0,31805.0,31805.0,5,2025-06-06 04:17:00
1749183480,31805.0,31820.0,31800.0,31820.0,5,2025-06-06 04:18:00
1749183540,31820.0,31820.0,31805.0,31805.0,2,2025-06-06 04:19:00
1749183600,31805.0,31815.0,31800.0,31815.0,86,2025-06-06 04:20:00
1749183660,31815.0,31855.0,31815.0,31855.0,20,2025-06-06 04:21:00
1749183720,31855.0,31855.0,31840.0,31840.0,18,2025-06-06 04:22:00
1749183780,31840.0,31840.0,31840.0,31840.0,2,2025-06-06 04:23:00
1749183840,31840.0,31855.0,31815.0,31815.0,15,2025-06-06 04:24:00
1749183900,31815.0,31850.0,31815.0,31850.0,2,2025-06-06 04:25:00
1749183960,31850.0,31850.0,31850.0,31850.0,0,2025-06-06 04:26:00
1749184020,31850.0,31850.0,31850.0,31850.0,2,2025-06-06 04:27:00
1749184080,31850.0,31850.0,31810.0,31810.0,5,2025-06-06 04:28:00
1749184140,31810.0,31810.0,31810.0,31810.0,2,2025-06-06 04:29:00
1749184200,31810.0,31845.0,31810.0,31810.0,11,2025-06-06 04:30:00
1749184260,31840.0,31850.0,31815.0,31850.0,17,2025-06-06 04:31:00
1749184320,31815.0,31815.0,31815.0,31815.0,2,2025-06-06 04:32:00
1749184380,31815.0,31815.0,31815.0,31815.0,7,2025-06-06 04:33:00
1749184440,31815.0,31850.0,31815.0,31850.0,3,2025-06-06 04:34:00
1749184500,31850.0,31855.0,31850.0,31855.0,33,2025-06-06 04:35:00
1749184560,31855.0,31855.0,31840.0,31840.0,7,2025-06-06 04:36:00
1749184620,31840.0,31840.0,31830.0,31830.0,10,2025-06-06 04:37:00
1749184680,31830.0,31860.0,31820.0,31820.0,3,2025-06-06 04:38:00
1749184740,31820.0,31820.0,31820.0,31820.0,0,2025-06-06 04:39:00
1749184800,31820.0,31820.0,31820.0,31820.0,0,2025-06-06 04:40:00
1749184860,31820.0,31850.0,31820.0,31850.0,6,2025-06-06 04:41:00
1749184920,31850.0,31855.0,31850.0,31855.0,2,2025-06-06 04:42:00
1749184980,31855.0,31855.0,31815.0,31825.0,5,2025-06-06 04:43:00
1749185040,31825.0,31830.0,31825.0,31830.0,9,2025-06-06 04:44:00
1749185100,31830.0,31840.0,31830.0,31840.0,1,2025-06-06 04:45:00
1749185160,31840.0,31850.0,31835.0,31850.0,2,2025-06-06 04:46:00
1749185220,31850.0,31850.0,31840.0,31840.0,12,2025-06-06 04:47:00
1749185280,31840.0,31840.0,31810.0,31840.0,2,2025-06-06 04:48:00
1749185340,31840.0,31850.0,31840.0,31840.0,4,2025-06-06 04:49:00
1749185400,31840.0,31840.0,31805.0,31805.0,11,2025-06-06 04:50:00
1749185460,31805.0,31805.0,31805.0,31805.0,0,2025-06-06 04:51:00
1749185520,31805.0,31835.0,31805.0,31835.0,2,2025-06-06 04:52:00
1749185580,31835.0,31835.0,31835.0,31835.0,0,2025-06-06 04:53:00
1749185640,31835.0,31835.0,31835.0,31835.0,1,2025-06-06 04:54:00
1749185700,31835.0,31835.0,31805.0,31805.0,4,2025-06-06 04:55:00
1749185760,31805.0,31805.0,31805.0,31805.0,0,2025-06-06 04:56:00
1749185820,31805.0,31825.0,31805.0,31825.0,1,2025-06-06 04:57:00
1749185880,31800.0,31800.0,31800.0,31800.0,6,2025-06-06 04:58:00
1749185940,31800.0,31800.0,31800.0,31800.0,0,2025-06-06 04:59:00
1749186000,31825.0,31835.0,31825.0,31835.0,5,2025-06-06 05:00:00
1749186060,31835.0,31835.0,31835.0,31835.0,0,2025-06-06 05:01:00
1749186120,31835.0,31840.0,31805.0,31840.0,3,2025-06-06 05:02:00
1749186180,31870.0,31900.0,31855.0,31880.0,125,2025-06-06 05:03:00
1749186240,31880.0,31880.0,31850.0,31850.0,7,2025-06-06 05:04:00
1749186300,31850.0,31850.0,31850.0,31850.0,2,2025-06-06 05:05:00
1749186360,31850.0,31850.0,31850.0,31850.0,0,2025-06-06 05:06:00
1749186420,31850.0,31850.0,31820.0,31850.0,2,2025-06-06 05:07:00
1749186480,31850.0,31850.0,31850.0,31850.0,1,2025-06-06 05:08:00
1749186540,31850.0,31850.0,31850.0,31850.0,0,2025-06-06 05:09:00
1749186600,31850.0,31850.0,31850.0,31850.0,0,2025-06-06 05:10:00
1749186660,31850.0,31850.0,31850.0,31850.0,1,2025-06-06 05:11:00
1749186720,31850.0,31850.0,31825.0,31825.0,1,2025-06-06 05:12:00
1749186780,31850.0,31850.0,31850.0,31850.0,2,2025-06-06 05:13:00
1749186840,31850.0,31850.0,31850.0,31850.0,0,2025-06-06 05:14:00
1749186900,31850.0,31850.0,31825.0,31825.0,1,2025-06-06 05:15:00
1749186960,31825.0,31825.0,31825.0,31825.0,0,2025-06-06 05:16:00
1749187020,31825.0,31825.0,31825.0,31825.0,0,2025-06-06 05:17:00
1749187080,31825.0,31825.0,31825.0,31825.0,6,2025-06-06 05:18:00
1749187140,31825.0,31840.0,31825.0,31840.0,1,2025-06-06 05:19:00
1749187200,31840.0,31840.0,31840.0,31840.0,0,2025-06-06 05:20:00
1749187260,31840.0,31840.0,31830.0,31830.0,2,2025-06-06 05:21:00
1749187320,31830.0,31830.0,31805.0,31805.0,18,2025-06-06 05:22:00
1749187380,31830.0,31830.0,31830.0,31830.0,1,2025-06-06 05:23:00
1749187440,31830.0,31830.0,31820.0,31830.0,12,2025-06-06 05:24:00
1749187500,31830.0,31830.0,31830.0,31830.0,0,2025-06-06 05:25:00
1749187560,31830.0,31830.0,31830.0,31830.0,15,2025-06-06 05:26:00
1749187620,31830.0,31830.0,31805.0,31820.0,9,2025-06-06 05:27:00
1749187680,31820.0,31830.0,31820.0,31830.0,74,2025-06-06 05:28:00
1749187740,31830.0,31830.0,31825.0,31825.0,1,2025-06-06 05:29:00
1749187800,31825.0,31830.0,31825.0,31830.0,7,2025-06-06 05:30:00
1749187860,31830.0,31830.0,31830.0,31830.0,0,2025-06-06 05:31:00
1749187920,31830.0,31830.0,31760.0,31800.0,161,2025-06-06 05:32:00
1749187980,31800.0,31800.0,31800.0,31800.0,69,2025-06-06 05:33:00
1749188040,31800.0,31820.0,31800.0,31820.0,3,2025-06-06 05:34:00
1749188100,31820.0,31820.0,31800.0,31800.0,10,2025-06-06 05:35:00
1749188160,31800.0,31800.0,31800.0,31800.0,0,2025-06-06 05:36:00
1749188220,31800.0,31820.0,31800.0,31820.0,3,2025-06-06 05:37:00
1749188280,31820.0,31820.0,31820.0,31820.0,0,2025-06-06 05:38:00
1749188340,31820.0,31820.0,31800.0,31800.0,2,2025-06-06 05:39:00
1749188400,31800.0,31820.0,31800.0,31820.0,13,2025-06-06 05:40:00
1749188460,31820.0,31820.0,31820.0,31820.0,0,2025-06-06 05:41:00
1749188520,31820.0,31820.0,31820.0,31820.0,0,2025-06-06 05:42:00
1749188580,31820.0,31825.0,31820.0,31825.0,12,2025-06-06 05:43:00
1749188640,31825.0,31825.0,31825.0,31825.0,10,2025-06-06 05:44:00
1749188700,31825.0,31825.0,31825.0,31825.0,3,2025-06-06 05:45:00
1749188760,31825.0,31825.0,31805.0,31805.0,3,2025-06-06 05:46:00
1749188820,31805.0,31820.0,31805.0,31820.0,5,2025-06-06 05:47:00
1749188880,31820.0,31820.0,31820.0,31820.0,1,2025-06-06 05:48:00
1749188940,31820.0,31820.0,31820.0,31820.0,2,2025-06-06 05:49:00
1749189000,31800.0,31800.0,31800.0,31800.0,43,2025-06-06 05:50:00
1749189060,31800.0,31800.0,31800.0,31800.0,1,2025-06-06 05:51:00
1749189120,31800.0,31800.0,31800.0,31800.0,0,2025-06-06 05:52:00
1749189180,31800.0,31800.0,31695.0,31770.0,584,2025-06-06 05:53:00
1749189240,31770.0,31770.0,31745.0,31745.0,635,2025-06-06 05:54:00
1749189300,31745.0,31765.0,31720.0,31745.0,481,2025-06-06 05:55:00
1749189360,31720.0,31740.0,31710.0,31715.0,36,2025-06-06 05:56:00
1749189420,31715.0,31745.0,31710.0,31715.0,81,2025-06-06 05:57:00
1749189480,31715.0,31715.0,31655.0,31655.0,49,2025-06-06 05:58:00
1749189540,31655.0,31705.0,31655.0,31705.0,9,2025-06-06 05:59:00
1749189600,31710.0,31750.0,31710.0,31750.0,10,2025-06-06 06:00:00
1749189660,31750.0,31750.0,31700.0,31730.0,8,2025-06-06 06:01:00
1749189720,31730.0,31730.0,31730.0,31730.0,0,2025-06-06 06:02:00
1749189780,31730.0,31815.0,31700.0,31725.0,89,2025-06-06 06:03:00
1749189840,31725.0,31795.0,31725.0,31735.0,13,2025-06-06 06:04:00
1749189900,31735.0,31775.0,31735.0,31775.0,61,2025-06-06 06:05:00
1749189960,31785.0,31825.0,31785.0,31820.0,65,2025-06-06 06:06:00
1749190020,31860.0,31900.0,31835.0,31835.0,185,2025-06-06 06:07:00
1749190080,31835.0,31880.0,31835.0,31880.0,21,2025-06-06 06:08:00
1749190140,31880.0,31880.0,31880.0,31880.0,0,2025-06-06 06:09:00
1749190200,31880.0,31880.0,31835.0,31835.0,11,2025-06-06 06:10:00
1749190260,31880.0,31880.0,31875.0,31875.0,20,2025-06-06 06:11:00
1749190320,31875.0,31875.0,31850.0,31875.0,12,2025-06-06 06:12:00
1749190380,31875.0,31875.0,31850.0,31850.0,16,2025-06-06 06:13:00
1749190440,31850.0,31880.0,31835.0,31870.0,19,2025-06-06 06:14:00
1749190500,31870.0,31870.0,31850.0,31850.0,3,2025-06-06 06:15:00
1749190560,31850.0,31870.0,31850.0,31870.0,5,2025-06-06 06:16:00
1749190620,31850.0,31870.0,31850.0,31870.0,8,2025-06-06 06:17:00
1749190680,31870.0,31870.0,31845.0,31850.0,18,2025-06-06 06:18:00
1749190740,31850.0,31850.0,31850.0,31850.0,1,2025-06-06 06:19:00
1749190800,31850.0,31865.0,31850.0,31865.0,2,2025-06-06 06:20:00
1749190860,31865.0,31865.0,31850.0,31850.0,1,2025-06-06 06:21:00
1749190920,31850.0,31850.0,31825.0,31825.0,1,2025-06-06 06:22:00
1749190980,31850.0,31850.0,31850.0,31850.0,5,2025-06-06 06:23:00
1749191040,31850.0,31850.0,31810.0,31850.0,19,2025-06-06 06:24:00
1749191100,31850.0,31850.0,31825.0,31850.0,75,2025-06-06 06:25:00
1749191160,31850.0,31850.0,31850.0,31850.0,0,2025-06-06 06:26:00
1749191220,31845.0,31845.0,31845.0,31845.0,1,2025-06-06 06:27:00
1749191280,31845.0,31845.0,31845.0,31845.0,1,2025-06-06 06:28:00
1749191340,31845.0,31870.0,31835.0,31835.0,22,2025-06-06 06:29:00
1749191400,31835.0,31865.0,31835.0,31865.0,5,2025-06-06 06:30:00
1749191460,31865.0,31870.0,31820.0,31870.0,26,2025-06-06 06:31:00
1749191520,31870.0,31870.0,31870.0,31870.0,1,2025-06-06 06:32:00
1749191580,31870.0,31870.0,31870.0,31870.0,0,2025-06-06 06:33:00
1749191640,31870.0,31870.0,31865.0,31865.0,1,2025-06-06 06:34:00
1749191700,31865.0,31865.0,31850.0,31850.0,3,2025-06-06 06:35:00
1749191760,31850.0,31870.0,31850.0,31870.0,4,2025-06-06 06:36:00
1749191820,31870.0,31870.0,31865.0,31865.0,1,2025-06-06 06:37:00
1749191880,31865.0,31865.0,31850.0,31850.0,2,2025-06-06 06:38:00
1749191940,31850.0,31870.0,31825.0,31825.0,18,2025-06-06 06:39:00
1749192000,31825.0,31860.0,31825.0,31860.0,3,2025-06-06 06:40:00
1749192060,31860.0,31865.0,31860.0,31865.0,2,2025-06-06 06:41:00
1749192120,31860.0,31860.0,31860.0,31860.0,9,2025-06-06 06:42:00
1749192180,31860.0,31860.0,31830.0,31830.0,7,2025-06-06 06:43:00
1749192240,31830.0,31830.0,31830.0,31830.0,0,2025-06-06 06:44:00
1749192300,31830.0,31850.0,31830.0,31850.0,2,2025-06-06 06:45:00
1749192360,31850.0,31850.0,31850.0,31850.0,0,2025-06-06 06:46:00
1749192420,31850.0,31850.0,31835.0,31835.0,8,2025-06-06 06:47:00
1749192480,31835.0,31865.0,31835.0,31865.0,7,2025-06-06 06:48:00
1749192540,31865.0,31865.0,31835.0,31835.0,2,2025-06-06 06:49:00
1749192600,31835.0,31855.0,31810.0,31810.0,26,2025-06-06 06:50:00
1749192660,31810.0,31855.0,31800.0,31855.0,146,2025-06-06 06:51:00
1749192720,31855.0,31855.0,31815.0,31815.0,2,2025-06-06 06:52:00
1749192780,31815.0,31815.0,31815.0,31815.0,11,2025-06-06 06:53:00
1749192840,31815.0,31815.0,31815.0,31815.0,0,2025-06-06 06:54:00
1749192900,31815.0,31845.0,31815.0,31845.0,1,2025-06-06 06:55:00
1749192960,31845.0,31845.0,31845.0,31845.0,1,2025-06-06 06:56:00
1749193020,31845.0,31845.0,31845.0,31845.0,1,2025-06-06 06:57:00
1749193080,31845.0,31845.0,31845.0,31845.0,0,2025-06-06 06:58:00
1749193140,31845.0,31850.0,31845.0,31850.0,4,2025-06-06 06:59:00
1749193200,31850.0,31850.0,31850.0,31850.0,0,2025-06-06 07:00:00
1749193260,31850.0,31855.0,31850.0,31850.0,8,2025-06-06 07:01:00
1749193320,31850.0,31855.0,31850.0,31850.0,5,2025-06-06 07:02:00
1749193380,31850.0,31850.0,31830.0,31830.0,2,2025-06-06 07:03:00
1749193440,31830.0,31900.0,31830.0,31900.0,200,2025-06-06 07:04:00
1749193500,31900.0,31900.0,31840.0,31840.0,5,2025-06-06 07:05:00
1749193560,31840.0,31850.0,31840.0,31850.0,1,2025-06-06 07:06:00
1749193620,31850.0,31850.0,31850.0,31850.0,3,2025-06-06 07:07:00
1749193680,31850.0,31850.0,31850.0,31850.0,0,2025-06-06 07:08:00
1749193740,31850.0,31850.0,31850.0,31850.0,3,2025-06-06 07:09:00
1749193800,31850.0,31850.0,31850.0,31850.0,0,2025-06-06 07:10:00
1749193860,31850.0,31850.0,31850.0,31850.0,0,2025-06-06 07:11:00
1749193920,31850.0,31865.0,31840.0,31865.0,17,2025-06-06 07:12:00
1749193980,31865.0,31865.0,31850.0,31850.0,2,2025-06-06 07:13:00
1749194040,31850.0,32045.0,31850.0,32020.0,966,2025-06-06 07:14:00
1749194100,32020.0,32200.0,32020.0,32125.0,305,2025-06-06 07:15:00
1749194160,32165.0,32165.0,32020.0,32020.0,66,2025-06-06 07:16:00
1749194220,32050.0,32050.0,32005.0,32045.0,34,2025-06-06 07:17:00
1749194280,32045.0,32050.0,31990.0,31990.0,2052,2025-06-06 07:18:00
1749194340,31990.0,32030.0,31980.0,31980.0,90,2025-06-06 07:19:00
1749194400,31980.0,32015.0,31940.0,31940.0,19,2025-06-06 07:20:00
1749194460,31940.0,31940.0,31920.0,31940.0,17,2025-06-06 07:21:00
1749194520,31940.0,31940.0,31940.0,31940.0,1,2025-06-06 07:22:00
1749194580,31940.0,31955.0,31900.0,31900.0,446,2025-06-06 07:23:00
1749194640,31900.0,31980.0,31900.0,31980.0,110,2025-06-06 07:24:00
1749194700,31980.0,31985.0,31935.0,31950.0,63,2025-06-06 07:25:00
1749194760,31950.0,31965.0,31950.0,31965.0,2,2025-06-06 07:26:00
1749194820,31965.0,31965.0,31965.0,31965.0,0,2025-06-06 07:27:00
1749194880,31965.0,31965.0,31940.0,31940.0,3,2025-06-06 07:28:00
1749194940,31940.0,31950.0,31940.0,31950.0,8,2025-06-06 07:29:00
1749195000,31935.0,31935.0,31915.0,31915.0,27,2025-06-06 07:30:00
1749195060,31915.0,31920.0,31915.0,31920.0,1,2025-06-06 07:31:00
1749195120,31920.0,31960.0,31920.0,31935.0,28,2025-06-06 07:32:00
1749195180,31935.0,31935.0,31935.0,31935.0,0,2025-06-06 07:33:00
1749195240,31935.0,31940.0,31935.0,31940.0,12,2025-06-06 07:34:00
1749195300,31940.0,31940.0,31940.0,31940.0,0,2025-06-06 07:35:00
1749195360,31940.0,31940.0,31935.0,31935.0,7,2025-06-06 07:36:00
1749195420,31935.0,31950.0,31930.0,31930.0,10,2025-06-06 07:37:00
1749195480,31950.0,31950.0,31950.0,31950.0,1,2025-06-06 07:38:00
1749195540,31950.0,31950.0,31930.0,31930.0,25,2025-06-06 07:39:00
1749195600,31930.0,31930.0,31930.0,31930.0,4,2025-06-06 07:40:00
1749195660,31930.0,31950.0,31930.0,31950.0,2,2025-06-06 07:41:00
1749195720,31950.0,31950.0,31940.0,31940.0,2,2025-06-06 07:42:00
1749195780,31930.0,31930.0,31925.0,31925.0,24,2025-06-06 07:43:00
1749195840,31925.0,31925.0,31910.0,31910.0,15,2025-06-06 07:44:00
1749195900,31910.0,31910.0,31910.0,31910.0,2,2025-06-06 07:45:00
1749195960,31910.0,31930.0,31910.0,31930.0,1,2025-06-06 07:46:00
1749196020,31930.0,31930.0,31910.0,31910.0,22,2025-06-06 07:47:00
1749196080,31910.0,31940.0,31900.0,31900.0,171,2025-06-06 07:48:00
1749196140,31900.0,31900.0,31890.0,31890.0,1110,2025-06-06 07:49:00
1749196200,31900.0,31910.0,31900.0,31910.0,12,2025-06-06 07:50:00
1749196260,31910.0,31910.0,31910.0,31910.0,3,2025-06-06 07:51:00
1749196320,31910.0,31915.0,31900.0,31915.0,247,2025-06-06 07:52:00
1749196380,31915.0,31915.0,31875.0,31890.0,54,2025-06-06 07:53:00
1749196440,31890.0,31890.0,31890.0,31890.0,1,2025-06-06 07:54:00
1749196500,31890.0,31890.0,31890.0,31890.0,0,2025-06-06 07:55:00
1749196560,31890.0,31890.0,31875.0,31875.0,8,2025-06-06 07:56:00
1749196620,31875.0,31875.0,31875.0,31875.0,1,2025-06-06 07:57:00
1749196680,31875.0,31875.0,31875.0,31875.0,0,2025-06-06 07:58:00
1749196740,31875.0,31875.0,31875.0,31875.0,0,2025-06-06 07:59:00
1749196800,31875.0,31875.0,31875.0,31875.0,16,2025-06-06 08:00:00
1749196860,31875.0,31875.0,31875.0,31875.0,6,2025-06-06 08:01:00
1749196920,31875.0,31890.0,31875.0,31890.0,5,2025-06-06 08:02:00
1749196980,31890.0,31890.0,31875.0,31875.0,59,2025-06-06 08:03:00
1749197040,31880.0,31880.0,31845.0,31845.0,170,2025-06-06 08:04:00
1749197100,31845.0,31890.0,31845.0,31890.0,99,2025-06-06 08:05:00
1749197160,31890.0,31890.0,31890.0,31890.0,0,2025-06-06 08:06:00
1749197220,31890.0,31890.0,31885.0,31885.0,9,2025-06-06 08:07:00
1749197280,31885.0,31885.0,31885.0,31885.0,4,2025-06-06 08:08:00
1749197340,31885.0,31885.0,31885.0,31885.0,0,2025-06-06 08:09:00
1749197400,31885.0,31885.0,31885.0,31885.0,0,2025-06-06 08:10:00
1749197460,31800.0,31820.0,31800.0,31820.0,139,2025-06-06 08:11:00
1749197520,31820.0,31820.0,31820.0,31820.0,0,2025-06-06 08:12:00
1749197580,31820.0,31840.0,31800.0,31800.0,104,2025-06-06 08:13:00
1749197640,31800.0,31860.0,31800.0,31860.0,1,2025-06-06 08:14:00
1749197700,31860.0,31860.0,31800.0,31850.0,114,2025-06-06 08:15:00
1749197760,31850.0,31850.0,31850.0,31850.0,0,2025-06-06 08:16:00
1749197820,31850.0,31850.0,31825.0,31825.0,79,2025-06-06 08:17:00
1749197880,31815.0,31825.0,31815.0,31825.0,103,2025-06-06 08:18:00
1749197940,31815.0,31815.0,31815.0,31815.0,1,2025-06-06 08:19:00
1749198000,31845.0,31845.0,31815.0,31815.0,2,2025-06-06 08:20:00
1749198060,31815.0,31815.0,31815.0,31815.0,4,2025-06-06 08:21:00
1749198120,31815.0,31815.0,31815.0,31815.0,0,2025-06-06 08:22:00
1749198180,31815.0,31815.0,31815.0,31815.0,19,2025-06-06 08:23:00
1749198240,31815.0,31815.0,31815.0,31815.0,0,2025-06-06 08:24:00
1749198300,31815.0,31815.0,31815.0,31815.0,0,2025-06-06 08:25:00
1749198360,31815.0,31840.0,31815.0,31840.0,1,2025-06-06 08:26:00
1749198420,31840.0,31840.0,31840.0,31840.0,0,2025-06-06 08:27:00
1749198480,31840.0,31840.0,31840.0,31840.0,0,2025-06-06 08:28:00
1749198540,31840.0,31850.0,31840.0,31850.0,2,2025-06-06 08:29:00
1749198600,31850.0,31850.0,31825.0,31825.0,5,2025-06-06 08:30:00
1749198660,31825.0,31825.0,31825.0,31825.0,4,2025-06-06 08:31:00
1749198720,31825.0,31850.0,31825.0,31850.0,2,2025-06-06 08:32:00
1749198780,31850.0,31850.0,31850.0,31850.0,0,2025-06-06 08:33:00
1749198840,31850.0,31850.0,31850.0,31850.0,7,2025-06-06 08:34:00
1749198900,31850.0,31860.0,31830.0,31830.0,3,2025-06-06 08:35:00
1749198960,31830.0,31830.0,31830.0,31830.0,0,2025-06-06 08:36:00
1749199020,31830.0,31850.0,31830.0,31830.0,3,2025-06-06 08:37:00
1749199080,31830.0,31840.0,31830.0,31840.0,2,2025-06-06 08:38:00
1749199140,31840.0,31840.0,31830.0,31830.0,2,2025-06-06 08:39:00
1749199200,31830.0,31850.0,31830.0,31850.0,3,2025-06-06 08:40:00
1749199260,31830.0,31830.0,31830.0,31830.0,14,2025-06-06 08:41:00
1749199320,31830.0,31830.0,31830.0,31830.0,2,2025-06-06 08:42:00
1749199380,31830.0,31830.0,31820.0,31820.0,25,2025-06-06 08:43:00
1749199440,31820.0,31835.0,31820.0,31825.0,2,2025-06-06 08:44:00
1749199500,31825.0,31835.0,31820.0,31830.0,3,2025-06-06 08:45:00
1749199560,31830.0,31830.0,31830.0,31830.0,3,2025-06-06 08:46:00
1749199620,31830.0,31830.0,31830.0,31830.0,3,2025-06-06 08:47:00
1749199680,31830.0,31835.0,31830.0,31835.0,2,2025-06-06 08:48:00
1749199740,31835.0,31835.0,31830.0,31830.0,19,2025-06-06 08:49:00
1749199800,31830.0,31830.0,31830.0,31830.0,9,2025-06-06 08:50:00
1749199860,31830.0,31860.0,31830.0,31830.0,6,2025-06-06 08:51:00
1749199920,31830.0,31845.0,31800.0,31830.0,63,2025-06-06 08:52:00
1749199980,31830.0,31830.0,31800.0,31825.0,2,2025-06-06 08:53:00
1749200040,31825.0,31835.0,31800.0,31805.0,3,2025-06-06 08:54:00
1749200100,31805.0,31825.0,31805.0,31820.0,257,2025-06-06 08:55:00
1749200160,31820.0,31820.0,31750.0,31765.0,1666,2025-06-06 08:56:00
1749200220,31765.0,31780.0,31750.0,31750.0,10,2025-06-06 08:57:00
1749200280,31750.0,31775.0,31750.0,31775.0,95,2025-06-06 08:58:00
1749200340,31790.0,31810.0,31770.0,31800.0,272,2025-06-06 08:59:00
1749200400,31800.0,31800.0,31800.0,31800.0,2,2025-06-06 09:00:00
1749200460,31800.0,31820.0,31800.0,31820.0,15,2025-06-06 09:01:00
1749200520,31820.0,31820.0,31800.0,31820.0,5,2025-06-06 09:02:00
1749200580,31820.0,31830.0,31805.0,31805.0,6,2025-06-06 09:03:00
1749200640,31805.0,31835.0,31805.0,31805.0,54,2025-06-06 09:04:00
1749200700,31805.0,31830.0,31800.0,31800.0,574,2025-06-06 09:05:00
1749200760,31805.0,31840.0,31805.0,31825.0,9,2025-06-06 09:06:00
1749200820,31825.0,31835.0,31805.0,31835.0,5,2025-06-06 09:07:00
1749200880,31835.0,31840.0,31805.0,31825.0,20,2025-06-06 09:08:00
1749200940,31815.0,31850.0,31810.0,31825.0,6,2025-06-06 09:09:00
1749201000,31825.0,31860.0,31820.0,31855.0,15,2025-06-06 09:10:00
1749201060,31835.0,31835.0,31815.0,31815.0,9,2025-06-06 09:11:00
1749201120,31815.0,31855.0,31815.0,31815.0,9,2025-06-06 09:12:00
1749201180,31855.0,31855.0,31815.0,31835.0,30,2025-06-06 09:13:00
1749201240,31835.0,31855.0,31810.0,31810.0,7,2025-06-06 09:14:00
1749201300,31810.0,31855.0,31810.0,31815.0,6,2025-06-06 09:15:00
1749201360,31835.0,31865.0,31825.0,31840.0,9,2025-06-06 09:16:00
1749201420,31825.0,31850.0,31820.0,31820.0,7,2025-06-06 09:17:00
1749201480,31820.0,31855.0,31820.0,31855.0,7,2025-06-06 09:18:00
1749201540,31855.0,31865.0,31810.0,31865.0,31,2025-06-06 09:19:00
1749201600,31865.0,31865.0,31830.0,31830.0,7,2025-06-06 09:20:00
1749201660,31850.0,31875.0,31825.0,31835.0,10,2025-06-06 09:21:00
1749201720,31835.0,31860.0,31805.0,31805.0,39,2025-06-06 09:22:00
1749201780,31805.0,31855.0,31805.0,31855.0,7,2025-06-06 09:23:00
1749201840,31855.0,31885.0,31810.0,31860.0,29,2025-06-06 09:24:00
1749201900,31860.0,31860.0,31820.0,31840.0,21,2025-06-06 09:25:00
1749201960,31835.0,31840.0,31805.0,31805.0,25,2025-06-06 09:26:00
1749202020,31805.0,31855.0,31805.0,31815.0,8,2025-06-06 09:27:00
1749202080,31815.0,31865.0,31815.0,31865.0,14,2025-06-06 09:28:00
1749202140,31850.0,31850.0,31810.0,31810.0,8,2025-06-06 09:29:00
1749202200,31810.0,31845.0,31810.0,31845.0,10,2025-06-06 09:30:00
1749202260,31845.0,31845.0,31805.0,31810.0,7,2025-06-06 09:31:00
1749202320,31810.0,31840.0,31805.0,31840.0,10,2025-06-06 09:32:00
1749202380,31840.0,31840.0,31825.0,31825.0,6,2025-06-06 09:33:00
1749202440,31825.0,31825.0,31825.0,31825.0,4,2025-06-06 09:34:00
1749202500,31825.0,31875.0,31825.0,31875.0,12,2025-06-06 09:35:00
1749202560,31830.0,31835.0,31825.0,31835.0,13,2025-06-06 09:36:00
1749202620,31835.0,31850.0,31825.0,31830.0,49,2025-06-06 09:37:00
1749202680,31830.0,31860.0,31830.0,31830.0,13,2025-06-06 09:38:00
1749202740,31830.0,31865.0,31825.0,31825.0,11,2025-06-06 09:39:00
1749202800,31825.0,31865.0,31825.0,31865.0,9,2025-06-06 09:40:00
1749202860,31865.0,31865.0,31815.0,31815.0,9,2025-06-06 09:41:00
1749202920,31815.0,31855.0,31815.0,31840.0,5,2025-06-06 09:42:00
1749202980,31840.0,31860.0,31835.0,31850.0,13,2025-06-06 09:43:00
1749203040,31845.0,31845.0,31845.0,31845.0,22,2025-06-06 09:44:00
1749203100,31845.0,31860.0,31845.0,31845.0,7,2025-06-06 09:45:00
1749203160,31865.0,31865.0,31820.0,31820.0,37,2025-06-06 09:46:00
1749203220,31820.0,31845.0,31800.0,31835.0,48,2025-06-06 09:47:00
1749203280,31835.0,31880.0,31835.0,31875.0,77,2025-06-06 09:48:00
1749203340,31860.0,31880.0,31855.0,31855.0,36,2025-06-06 09:49:00
1749203400,31855.0,31865.0,31805.0,31840.0,128,2025-06-06 09:50:00
1749203460,31840.0,31840.0,31765.0,31795.0,13,2025-06-06 09:51:00
1749203520,31795.0,31795.0,31760.0,31775.0,40,2025-06-06 09:52:00
1749203580,31775.0,31775.0,31715.0,31740.0,36,2025-06-06 09:53:00
1749203640,31760.0,31760.0,31710.0,31710.0,43,2025-06-06 09:54:00
1749203700,31690.0,31690.0,31665.0,31665.0,69,2025-06-06 09:55:00
1749203760,31665.0,31700.0,31665.0,31700.0,40,2025-06-06 09:56:00
1749203820,31685.0,31700.0,31670.0,31670.0,21,2025-06-06 09:57:00
1749203880,31670.0,31670.0,30950.0,31205.0,348,2025-06-06 09:58:00
1749203940,31200.0,31690.0,31185.0,31300.0,145,2025-06-06 09:59:00
1749440700,31750.0,31775.0,31630.0,31690.0,184,2025-06-09 03:45:00
1749440760,31690.0,31820.0,31520.0,31620.0,94,2025-06-09 03:46:00
1749440820,31635.0,31635.0,31595.0,31595.0,7,2025-06-09 03:47:00
1749440880,31595.0,31610.0,31550.0,31550.0,2,2025-06-09 03:48:00
1749440940,31550.0,31635.0,31550.0,31635.0,4,2025-06-09 03:49:00
1749441000,31635.0,31635.0,31615.0,31620.0,9,2025-06-09 03:50:00
1749441060,31620.0,31635.0,31560.0,31565.0,27,2025-06-09 03:51:00
1749441120,31565.0,31575.0,31565.0,31575.0,1,2025-06-09 03:52:00
1749441180,31575.0,31600.0,31575.0,31600.0,2,2025-06-09 03:53:00
1749441240,31585.0,31655.0,31585.0,31655.0,7,2025-06-09 03:54:00
1749441300,31655.0,31655.0,31560.0,31560.0,18,2025-06-09 03:55:00
1749441360,31560.0,31605.0,31560.0,31600.0,2,2025-06-09 03:56:00
1749441420,31560.0,31560.0,31560.0,31560.0,3,2025-06-09 03:57:00
1749441480,31560.0,31610.0,31560.0,31610.0,2,2025-06-09 03:58:00
1749441540,31610.0,31615.0,31610.0,31610.0,4,2025-06-09 03:59:00
1749441600,31610.0,31620.0,31605.0,31605.0,4,2025-06-09 04:00:00
1749441660,31605.0,31620.0,31580.0,31620.0,8,2025-06-09 04:01:00
1749441720,31620.0,31635.0,31605.0,31635.0,7,2025-06-09 04:02:00
1749441780,31635.0,31635.0,31545.0,31545.0,50,2025-06-09 04:03:00
1749441840,31545.0,31570.0,31545.0,31555.0,2,2025-06-09 04:04:00
1749441900,31555.0,31555.0,31555.0,31555.0,0,2025-06-09 04:05:00
1749441960,31555.0,31585.0,31555.0,31585.0,7,2025-06-09 04:06:00
1749442020,31585.0,31610.0,31565.0,31610.0,38,2025-06-09 04:07:00
1749442080,31570.0,31630.0,31570.0,31620.0,7,2025-06-09 04:08:00
1749442140,31620.0,31620.0,31620.0,31620.0,0,2025-06-09 04:09:00
1749442200,31620.0,31620.0,31575.0,31575.0,3,2025-06-09 04:10:00
1749442260,31575.0,31575.0,31575.0,31575.0,0,2025-06-09 04:11:00
1749442320,31575.0,31610.0,31575.0,31610.0,4,2025-06-09 04:12:00
1749442380,31620.0,31620.0,31585.0,31620.0,14,2025-06-09 04:13:00
1749442440,31620.0,31625.0,31620.0,31625.0,6,2025-06-09 04:14:00
1749442500,31625.0,31625.0,31625.0,31625.0,1,2025-06-09 04:15:00
1749442560,31625.0,31625.0,31625.0,31625.0,1,2025-06-09 04:16:00
1749442620,31625.0,31625.0,31625.0,31625.0,0,2025-06-09 04:17:00
1749442680,31625.0,31655.0,31625.0,31655.0,4,2025-06-09 04:18:00
1749442740,31655.0,31655.0,31655.0,31655.0,0,2025-06-09 04:19:00
1749442800,31655.0,31655.0,31600.0,31630.0,56,2025-06-09 04:20:00
1749442860,31630.0,31690.0,31630.0,31690.0,7,2025-06-09 04:21:00
1749442920,31690.0,31690.0,31685.0,31685.0,1,2025-06-09 04:22:00
1749442980,31695.0,31700.0,31685.0,31685.0,22,2025-06-09 04:23:00
1749443040,31685.0,31705.0,31685.0,31705.0,7,2025-06-09 04:24:00
1749443100,31705.0,31705.0,31705.0,31705.0,0,2025-06-09 04:25:00
1749443160,31705.0,31705.0,31700.0,31700.0,9,2025-06-09 04:26:00
1749443220,31700.0,31750.0,31700.0,31750.0,16,2025-06-09 04:27:00
1749443280,31750.0,31750.0,31710.0,31710.0,1,2025-06-09 04:28:00
1749443340,31710.0,31710.0,31710.0,31710.0,0,2025-06-09 04:29:00
1749443400,31710.0,31710.0,31705.0,31705.0,9,2025-06-09 04:30:00
1749443460,31705.0,31705.0,31705.0,31705.0,0,2025-06-09 04:31:00
1749443520,31705.0,31760.0,31705.0,31760.0,16,2025-06-09 04:32:00
1749443580,31760.0,31760.0,31705.0,31735.0,11,2025-06-09 04:33:00
1749443640,31735.0,31750.0,31735.0,31750.0,5,2025-06-09 04:34:00
1749443700,31750.0,31750.0,31750.0,31750.0,2,2025-06-09 04:35:00
1749443760,31750.0,31750.0,31725.0,31725.0,2,2025-06-09 04:36:00
1749443820,31725.0,31725.0,31725.0,31725.0,0,2025-06-09 04:37:00
1749443880,31725.0,31725.0,31725.0,31725.0,0,2025-06-09 04:38:00
1749443940,31725.0,31725.0,31720.0,31720.0,9,2025-06-09 04:39:00
1749444000,31720.0,31725.0,31700.0,31725.0,7,2025-06-09 04:40:00
1749444060,31725.0,31725.0,31725.0,31725.0,1,2025-06-09 04:41:00
1749444120,31725.0,31725.0,31725.0,31725.0,0,2025-06-09 04:42:00
1749444180,31725.0,31735.0,31725.0,31735.0,3,2025-06-09 04:43:00
1749444240,31735.0,31735.0,31715.0,31715.0,3,2025-06-09 04:44:00
1749444300,31715.0,31715.0,31705.0,31705.0,6,2025-06-09 04:45:00
1749444360,31705.0,31740.0,31705.0,31740.0,3,2025-06-09 04:46:00
1749444420,31740.0,31740.0,31655.0,31690.0,28,2025-06-09 04:47:00
1749444480,31690.0,31690.0,31690.0,31690.0,0,2025-06-09 04:48:00
1749444540,31690.0,31690.0,31690.0,31690.0,0,2025-06-09 04:49:00
1749444600,31690.0,31690.0,31685.0,31685.0,2,2025-06-09 04:50:00
1749444660,31685.0,31685.0,31685.0,31685.0,5,2025-06-09 04:51:00
1749444720,31685.0,31685.0,31685.0,31685.0,0,2025-06-09 04:52:00
1749444780,31685.0,31695.0,31685.0,31695.0,1,2025-06-09 04:53:00
1749444840,31695.0,31695.0,31695.0,31695.0,1,2025-06-09 04:54:00
1749444900,31695.0,31695.0,31695.0,31695.0,0,2025-06-09 04:55:00
1749444960,31695.0,31695.0,31695.0,31695.0,0,2025-06-09 04:56:00
1749445020,31695.0,31695.0,31670.0,31670.0,5,2025-06-09 04:57:00
1749445080,31670.0,31670.0,31645.0,31650.0,11,2025-06-09 04:58:00
1749445140,31650.0,31650.0,31650.0,31650.0,0,2025-06-09 04:59:00
1749445200,31650.0,31670.0,31650.0,31670.0,1,2025-06-09 05:00:00
1749445260,31670.0,31700.0,31670.0,31700.0,22,2025-06-09 05:01:00
1749445320,31700.0,31700.0,31700.0,31700.0,1,2025-06-09 05:02:00
1749445380,31700.0,31700.0,31680.0,31680.0,1,2025-06-09 05:03:00
1749445440,31680.0,31690.0,31665.0,31690.0,4,2025-06-09 05:04:00
1749445500,31690.0,31690.0,31690.0,31690.0,0,2025-06-09 05:05:00
1749445560,31690.0,31690.0,31690.0,31690.0,0,2025-06-09 05:06:00
1749445620,31690.0,31690.0,31655.0,31690.0,2,2025-06-09 05:07:00
1749445680,31690.0,31695.0,31660.0,31695.0,3,2025-06-09 05:08:00
1749445740,31700.0,31700.0,31700.0,31700.0,4,2025-06-09 05:09:00
1749445800,31700.0,31700.0,31600.0,31600.0,42,2025-06-09 05:10:00
1749445860,31545.0,31610.0,31545.0,31610.0,9,2025-06-09 05:11:00
1749445920,31585.0,31600.0,31585.0,31600.0,4,2025-06-09 05:12:00
1749445980,31600.0,31600.0,31600.0,31600.0,0,2025-06-09 05:13:00
1749446040,31600.0,31600.0,31600.0,31600.0,0,2025-06-09 05:14:00
1749446100,31600.0,31600.0,31490.0,31495.0,165,2025-06-09 05:15:00
1749446160,31495.0,31520.0,31495.0,31520.0,14,2025-06-09 05:16:00
1749446220,31520.0,31520.0,31515.0,31515.0,4,2025-06-09 05:17:00
1749446280,31515.0,31515.0,31515.0,31515.0,0,2025-06-09 05:18:00
1749446340,31515.0,31530.0,31515.0,31530.0,8,2025-06-09 05:19:00
1749446400,31530.0,31560.0,31530.0,31560.0,3,2025-06-09 05:20:00
1749446460,31560.0,31560.0,31530.0,31550.0,5,2025-06-09 05:21:00
1749446520,31550.0,31725.0,31550.0,31725.0,216,2025-06-09 05:22:00
1749446580,31750.0,31755.0,31675.0,31675.0,249,2025-06-09 05:23:00
1749446640,31675.0,31725.0,31675.0,31725.0,3,2025-06-09 05:24:00
1749446700,31725.0,31725.0,31675.0,31675.0,3,2025-06-09 05:25:00
1749446760,31675.0,31675.0,31660.0,31660.0,34,2025-06-09 05:26:00
1749446820,31660.0,31665.0,31605.0,31605.0,53,2025-06-09 05:27:00
1749446880,31605.0,31650.0,31605.0,31610.0,5,2025-06-09 05:28:00
1749446940,31610.0,31610.0,31610.0,31610.0,0,2025-06-09 05:29:00
1749447000,31650.0,31650.0,31610.0,31610.0,4,2025-06-09 05:30:00
1749447060,31610.0,31650.0,31610.0,31650.0,2,2025-06-09 05:31:00
1749447120,31650.0,31665.0,31650.0,31665.0,1,2025-06-09 05:32:00
1749447180,31665.0,31665.0,31665.0,31665.0,0,2025-06-09 05:33:00
1749447240,31665.0,31665.0,31635.0,31635.0,14,2025-06-09 05:34:00
1749447300,31635.0,31635.0,31630.0,31630.0,1,2025-06-09 05:35:00
1749447360,31630.0,31630.0,31630.0,31630.0,1,2025-06-09 05:36:00
1749447420,31660.0,31660.0,31660.0,31660.0,1,2025-06-09 05:37:00
1749447480,31660.0,31660.0,31660.0,31660.0,0,2025-06-09 05:38:00
1749447540,31660.0,31670.0,31660.0,31670.0,4,2025-06-09 05:39:00
1749447600,31670.0,31670.0,31670.0,31670.0,3,2025-06-09 05:40:00
1749447660,31670.0,31675.0,31670.0,31675.0,6,2025-06-09 05:41:00
1749447720,31675.0,31675.0,31655.0,31655.0,1,2025-06-09 05:42:00
1749447780,31655.0,31655.0,31650.0,31650.0,5,2025-06-09 05:43:00
1749447840,31650.0,31675.0,31650.0,31675.0,1,2025-06-09 05:44:00
1749447900,31675.0,31675.0,31650.0,31650.0,1,2025-06-09 05:45:00
1749447960,31650.0,31675.0,31650.0,31675.0,3,2025-06-09 05:46:00
1749448020,31675.0,31675.0,31675.0,31675.0,0,2025-06-09 05:47:00
1749448080,31675.0,31715.0,31675.0,31715.0,23,2025-06-09 05:48:00
1749448140,31715.0,31715.0,31685.0,31685.0,1,2025-06-09 05:49:00
1749448200,31685.0,31685.0,31685.0,31685.0,2,2025-06-09 05:50:00
1749448260,31685.0,31720.0,31685.0,31690.0,3,2025-06-09 05:51:00
1749448320,31690.0,31690.0,31690.0,31690.0,1,2025-06-09 05:52:00
1749448380,31690.0,31725.0,31690.0,31725.0,12,2025-06-09 05:53:00
1749448440,31725.0,31760.0,31725.0,31760.0,6,2025-06-09 05:54:00
1749448500,31760.0,31790.0,31760.0,31790.0,9,2025-06-09 05:55:00
1749448560,31790.0,31800.0,31740.0,31800.0,43,2025-06-09 05:56:00
1749448620,31800.0,31800.0,31745.0,31745.0,1,2025-06-09 05:57:00
1749448680,31745.0,31885.0,31745.0,31810.0,169,2025-06-09 05:58:00
1749448740,31810.0,31810.0,31800.0,31800.0,2,2025-06-09 05:59:00
1749448800,31800.0,31825.0,31800.0,31825.0,1,2025-06-09 06:00:00
1749448860,31845.0,31850.0,31810.0,31850.0,21,2025-06-09 06:01:00
1749448920,31850.0,31850.0,31815.0,31815.0,1,2025-06-09 06:02:00
1749448980,31815.0,31815.0,31815.0,31815.0,10,2025-06-09 06:03:00
1749449040,31815.0,31875.0,31815.0,31875.0,43,2025-06-09 06:04:00
1749449100,31840.0,31930.0,31840.0,31930.0,105,2025-06-09 06:05:00
1749449160,31930.0,31940.0,31925.0,31940.0,4,2025-06-09 06:06:00
1749449220,31920.0,31960.0,31905.0,31905.0,51,2025-06-09 06:07:00
1749449280,31905.0,31975.0,31880.0,31880.0,43,2025-06-09 06:08:00
1749449340,31880.0,31900.0,31880.0,31900.0,3,2025-06-09 06:09:00
1749449400,31900.0,31900.0,31900.0,31900.0,1,2025-06-09 06:10:00
1749449460,31900.0,31940.0,31895.0,31895.0,30,2025-06-09 06:11:00
1749449520,31895.0,31955.0,31895.0,31935.0,7,2025-06-09 06:12:00
1749449580,31935.0,31935.0,31920.0,31920.0,10,2025-06-09 06:13:00
1749449640,31920.0,31920.0,31920.0,31920.0,0,2025-06-09 06:14:00
1749449700,31920.0,31960.0,31920.0,31960.0,2,2025-06-09 06:15:00
1749449760,31960.0,31975.0,31935.0,31975.0,27,2025-06-09 06:16:00
1749449820,31975.0,31975.0,31925.0,31925.0,3,2025-06-09 06:17:00
1749449880,31925.0,31965.0,31915.0,31915.0,8,2025-06-09 06:18:00
1749449940,31915.0,31955.0,31915.0,31955.0,1,2025-06-09 06:19:00
1749450000,31950.0,31950.0,31900.0,31900.0,14,2025-06-09 06:20:00
1749450060,31940.0,31940.0,31940.0,31940.0,1,2025-06-09 06:21:00
1749450120,31950.0,31950.0,31905.0,31905.0,2,2025-06-09 06:22:00
1749450180,31935.0,31935.0,31935.0,31935.0,1,2025-06-09 06:23:00
1749450240,31935.0,31935.0,31935.0,31935.0,2,2025-06-09 06:24:00
1749450300,31935.0,31935.0,31935.0,31935.0,0,2025-06-09 06:25:00
1749450360,31935.0,31935.0,31930.0,31930.0,2,2025-06-09 06:26:00
1749450420,31930.0,31930.0,31930.0,31930.0,0,2025-06-09 06:27:00
1749450480,31930.0,31930.0,31920.0,31930.0,5,2025-06-09 06:28:00
1749450540,31930.0,31930.0,31930.0,31930.0,0,2025-06-09 06:29:00
1749450600,31930.0,31930.0,31900.0,31900.0,7,2025-06-09 06:30:00
1749450660,31900.0,31935.0,31900.0,31900.0,3,2025-06-09 06:31:00
1749450720,31900.0,31900.0,31900.0,31900.0,0,2025-06-09 06:32:00
1749450780,31900.0,31935.0,31900.0,31900.0,5,2025-06-09 06:33:00
1749450840,31900.0,31900.0,31900.0,31900.0,1,2025-06-09 06:34:00
1749450900,31900.0,31900.0,31865.0,31865.0,16,2025-06-09 06:35:00
1749450960,31860.0,31860.0,31860.0,31860.0,2,2025-06-09 06:36:00
1749451020,31860.0,31880.0,31850.0,31850.0,3,2025-06-09 06:37:00
1749451080,31850.0,31850.0,31820.0,31830.0,93,2025-06-09 06:38:00
1749451140,31830.0,31865.0,31830.0,31850.0,10,2025-06-09 06:39:00
1749451200,31850.0,31890.0,31850.0,31890.0,1,2025-06-09 06:40:00
1749451260,31890.0,31890.0,31890.0,31890.0,0,2025-06-09 06:41:00
1749451320,31890.0,31965.0,31860.0,31965.0,115,2025-06-09 06:42:00
1749451380,31965.0,31975.0,31950.0,31975.0,7,2025-06-09 06:43:00
1749451440,31950.0,31950.0,31950.0,31950.0,5,2025-06-09 06:44:00
1749451500,31950.0,31950.0,31950.0,31950.0,1,2025-06-09 06:45:00
1749451560,31950.0,31975.0,31950.0,31955.0,4,2025-06-09 06:46:00
1749451620,31955.0,31970.0,31955.0,31970.0,1,2025-06-09 06:47:00
1749451680,31970.0,31970.0,31925.0,31945.0,7,2025-06-09 06:48:00
1749451740,31945.0,31950.0,31945.0,31950.0,1,2025-06-09 06:49:00
1749451800,31950.0,31950.0,31950.0,31950.0,0,2025-06-09 06:50:00
1749451860,31950.0,31950.0,31950.0,31950.0,1,2025-06-09 06:51:00
1749451920,31950.0,31950.0,31880.0,31945.0,33,2025-06-09 06:52:00
1749451980,31945.0,31960.0,31940.0,31960.0,33,2025-06-09 06:53:00
1749452040,31960.0,31965.0,31960.0,31965.0,3,2025-06-09 06:54:00
1749452100,31965.0,31965.0,31950.0,31950.0,3,2025-06-09 06:55:00
1749452160,31950.0,31965.0,31950.0,31965.0,3,2025-06-09 06:56:00
1749452220,31965.0,31965.0,31965.0,31965.0,58,2025-06-09 06:57:00
1749452280,31975.0,31980.0,31970.0,31970.0,25,2025-06-09 06:58:00
1749452340,31970.0,31980.0,31970.0,31980.0,2,2025-06-09 06:59:00
1749452400,31980.0,31980.0,31955.0,31955.0,1,2025-06-09 07:00:00
1749452460,31950.0,31985.0,31950.0,31950.0,12,2025-06-09 07:01:00
1749452520,31950.0,31980.0,31950.0,31980.0,10,2025-06-09 07:02:00
1749452580,31980.0,31980.0,31980.0,31980.0,1,2025-06-09 07:03:00
1749452640,31980.0,31980.0,31980.0,31980.0,1,2025-06-09 07:04:00
1749452700,31980.0,31980.0,31980.0,31980.0,2,2025-06-09 07:05:00
1749452760,31980.0,31980.0,31890.0,31890.0,218,2025-06-09 07:06:00
1749452820,31890.0,31890.0,31865.0,31880.0,4,2025-06-09 07:07:00
1749452880,31865.0,31890.0,31865.0,31890.0,16,2025-06-09 07:08:00
1749452940,31890.0,31890.0,31850.0,31880.0,6,2025-06-09 07:09:00
1749453000,31880.0,31890.0,31855.0,31890.0,5,2025-06-09 07:10:00
1749453060,31860.0,31890.0,31860.0,31880.0,10,2025-06-09 07:11:00
1749453120,31880.0,31885.0,31860.0,31880.0,5,2025-06-09 07:12:00
1749453180,31880.0,31885.0,31880.0,31885.0,4,2025-06-09 07:13:00
1749453240,31885.0,31890.0,31885.0,31890.0,4,2025-06-09 07:14:00
1749453300,31840.0,31885.0,31840.0,31875.0,7,2025-06-09 07:15:00
1749453360,31875.0,31885.0,31845.0,31885.0,6,2025-06-09 07:16:00
1749453420,31885.0,31890.0,31885.0,31885.0,11,2025-06-09 07:17:00
1749453480,31885.0,31890.0,31885.0,31890.0,4,2025-06-09 07:18:00
1749453540,31890.0,31890.0,31890.0,31890.0,4,2025-06-09 07:19:00
1749453600,31890.0,31890.0,31890.0,31890.0,4,2025-06-09 07:20:00
1749453660,31890.0,31890.0,31890.0,31890.0,9,2025-06-09 07:21:00
1749453720,31890.0,31890.0,31835.0,31880.0,36,2025-06-09 07:22:00
1749453780,31880.0,31885.0,31880.0,31880.0,5,2025-06-09 07:23:00
1749453840,31880.0,31880.0,31860.0,31860.0,8,2025-06-09 07:24:00
1749453900,31860.0,31880.0,31860.0,31880.0,4,2025-06-09 07:25:00
1749453960,31880.0,31880.0,31815.0,31845.0,23,2025-06-09 07:26:00
1749454020,31845.0,31875.0,31845.0,31875.0,5,2025-06-09 07:27:00
1749454080,31875.0,31875.0,31845.0,31875.0,4,2025-06-09 07:28:00
1749454140,31875.0,31880.0,31875.0,31880.0,7,2025-06-09 07:29:00
1749454200,31880.0,31880.0,31875.0,31875.0,1,2025-06-09 07:30:00
1749454260,31875.0,31875.0,31875.0,31875.0,0,2025-06-09 07:31:00
1749454320,31875.0,31875.0,31875.0,31875.0,0,2025-06-09 07:32:00
1749454380,31875.0,31875.0,31875.0,31875.0,0,2025-06-09 07:33:00
1749454440,31875.0,31875.0,31815.0,31835.0,2,2025-06-09 07:34:00
1749454500,31835.0,31875.0,31835.0,31875.0,3,2025-06-09 07:35:00
1749454560,31875.0,31875.0,31875.0,31875.0,0,2025-06-09 07:36:00
1749454620,31875.0,31915.0,31875.0,31915.0,70,2025-06-09 07:37:00
1749454680,31915.0,31940.0,31895.0,31935.0,11,2025-06-09 07:38:00
1749454740,31935.0,31950.0,31930.0,31950.0,14,2025-06-09 07:39:00
1749454800,31950.0,31950.0,31950.0,31950.0,4,2025-06-09 07:40:00
1749454860,31950.0,31950.0,31950.0,31950.0,4,2025-06-09 07:41:00
1749454920,31950.0,31950.0,31915.0,31950.0,4,2025-06-09 07:42:00
1749454980,31950.0,31950.0,31950.0,31950.0,0,2025-06-09 07:43:00
1749455040,31950.0,31950.0,31935.0,31945.0,5,2025-06-09 07:44:00
1749455100,31905.0,31905.0,31905.0,31905.0,1,2025-06-09 07:45:00
1749455160,31905.0,31905.0,31905.0,31905.0,1,2025-06-09 07:46:00
1749455220,31905.0,31905.0,31905.0,31905.0,1,2025-06-09 07:47:00
1749455280,31905.0,31920.0,31905.0,31920.0,2,2025-06-09 07:48:00
1749455340,31920.0,31920.0,31910.0,31910.0,2,2025-06-09 07:49:00
1749455400,31910.0,31935.0,31910.0,31925.0,7,2025-06-09 07:50:00
1749455460,31925.0,31935.0,31925.0,31935.0,8,2025-06-09 07:51:00
1749455520,31940.0,31940.0,31940.0,31940.0,1,2025-06-09 07:52:00
1749455580,31940.0,31940.0,31940.0,31940.0,0,2025-06-09 07:53:00
1749455640,31940.0,31945.0,31930.0,31930.0,46,2025-06-09 07:54:00
1749455700,31930.0,31945.0,31930.0,31945.0,16,2025-06-09 07:55:00
1749455760,31945.0,31950.0,31945.0,31950.0,5,2025-06-09 07:56:00
1749455820,31950.0,31950.0,31910.0,31945.0,2,2025-06-09 07:57:00
1749455880,31945.0,31945.0,31905.0,31905.0,2,2025-06-09 07:58:00
1749455940,31940.0,31940.0,31900.0,31930.0,13,2025-06-09 07:59:00
1749456000,31900.0,31930.0,31895.0,31930.0,8,2025-06-09 08:00:00
1749456060,31930.0,31935.0,31910.0,31910.0,5,2025-06-09 08:01:00
1749456120,31910.0,31930.0,31910.0,31930.0,3,2025-06-09 08:02:00
1749456180,31930.0,31930.0,31905.0,31905.0,2,2025-06-09 08:03:00
1749456240,31905.0,31940.0,31905.0,31940.0,11,2025-06-09 08:04:00
1749456300,31940.0,31940.0,31940.0,31940.0,0,2025-06-09 08:05:00
1749456360,31940.0,31940.0,31940.0,31940.0,0,2025-06-09 08:06:00
1749456420,31940.0,31940.0,31940.0,31940.0,0,2025-06-09 08:07:00
1749456480,31940.0,31940.0,31940.0,31940.0,0,2025-06-09 08:08:00
1749456540,31940.0,31940.0,31940.0,31940.0,0,2025-06-09 08:09:00
1749456600,31940.0,31940.0,31905.0,31905.0,4,2025-06-09 08:10:00
1749456660,31905.0,31935.0,31905.0,31935.0,6,2025-06-09 08:11:00
1749456720,31930.0,31930.0,31900.0,31900.0,10,2025-06-09 08:12:00
1749456780,31900.0,31900.0,31900.0,31900.0,2,2025-06-09 08:13:00
1749456840,31885.0,31895.0,31885.0,31885.0,5,2025-06-09 08:14:00
1749456900,31885.0,31900.0,31865.0,31875.0,39,2025-06-09 08:15:00
1749456960,31855.0,31870.0,31850.0,31850.0,5,2025-06-09 08:16:00
1749457020,31850.0,31850.0,31850.0,31850.0,0,2025-06-09 08:17:00
1749457080,31850.0,31850.0,31845.0,31850.0,12,2025-06-09 08:18:00
1749457140,31850.0,31865.0,31850.0,31850.0,8,2025-06-09 08:19:00
1749457200,31855.0,31860.0,31835.0,31860.0,3,2025-06-09 08:20:00
1749457260,31860.0,31860.0,31835.0,31835.0,1,2025-06-09 08:21:00
1749457320,31835.0,31835.0,31825.0,31825.0,1,2025-06-09 08:22:00
1749457380,31825.0,31825.0,31825.0,31825.0,7,2025-06-09 08:23:00
1749457440,31825.0,31825.0,31825.0,31825.0,3,2025-06-09 08:24:00
1749457500,31820.0,31820.0,31820.0,31820.0,1,2025-06-09 08:25:00
1749457560,31820.0,31855.0,31820.0,31855.0,7,2025-06-09 08:26:00
1749457620,31855.0,31855.0,31845.0,31850.0,8,2025-06-09 08:27:00
1749457680,31850.0,31850.0,31845.0,31850.0,3,2025-06-09 08:28:00
1749457740,31850.0,31850.0,31850.0,31850.0,1,2025-06-09 08:29:00
1749457800,31850.0,31850.0,31850.0,31850.0,0,2025-06-09 08:30:00
1749457860,31850.0,31850.0,31850.0,31850.0,3,2025-06-09 08:31:00
1749457920,31850.0,31850.0,31850.0,31850.0,1,2025-06-09 08:32:00
1749457980,31850.0,31850.0,31815.0,31815.0,15,2025-06-09 08:33:00
1749458040,31815.0,31850.0,31815.0,31835.0,9,2025-06-09 08:34:00
1749458100,31835.0,31845.0,31835.0,31845.0,12,2025-06-09 08:35:00
1749458160,31845.0,31845.0,31845.0,31845.0,0,2025-06-09 08:36:00
1749458220,31835.0,31835.0,31835.0,31835.0,1,2025-06-09 08:37:00
1749458280,31835.0,31835.0,31835.0,31835.0,0,2025-06-09 08:38:00
1749458340,31835.0,31835.0,31835.0,31835.0,0,2025-06-09 08:39:00
1749458400,31835.0,31845.0,31835.0,31845.0,5,2025-06-09 08:40:00
1749458460,31845.0,31845.0,31845.0,31845.0,2,2025-06-09 08:41:00
1749458520,31845.0,31845.0,31830.0,31845.0,28,2025-06-09 08:42:00
1749458580,31845.0,31845.0,31845.0,31845.0,0,2025-06-09 08:43:00
1749458640,31845.0,31850.0,31810.0,31850.0,34,2025-06-09 08:44:00
1749458700,31810.0,31850.0,31810.0,31850.0,4,2025-06-09 08:45:00
1749458760,31850.0,31850.0,31845.0,31845.0,4,2025-06-09 08:46:00
1749458820,31845.0,31845.0,31845.0,31845.0,0,2025-06-09 08:47:00
1749458880,31845.0,31845.0,31815.0,31815.0,1,2025-06-09 08:48:00
1749458940,31815.0,31815.0,31815.0,31815.0,0,2025-06-09 08:49:00
1749459000,31815.0,31815.0,31815.0,31815.0,0,2025-06-09 08:50:00
1749459060,31815.0,31830.0,31815.0,31830.0,4,2025-06-09 08:51:00
1749459120,31830.0,31830.0,31830.0,31830.0,1,2025-06-09 08:52:00
1749459180,31830.0,31830.0,31820.0,31830.0,6,2025-06-09 08:53:00
1749459240,31830.0,31830.0,31820.0,31820.0,1,2025-06-09 08:54:00
1749459300,31820.0,31845.0,31820.0,31845.0,11,2025-06-09 08:55:00
1749459360,31845.0,31850.0,31825.0,31850.0,6,2025-06-09 08:56:00
1749459420,31850.0,31850.0,31825.0,31825.0,2,2025-06-09 08:57:00
1749459480,31825.0,31840.0,31825.0,31840.0,5,2025-06-09 08:58:00
1749459540,31840.0,31875.0,31840.0,31875.0,110,2025-06-09 08:59:00
1749459600,31875.0,31875.0,31800.0,31800.0,177,2025-06-09 09:00:00
1749459660,31800.0,31810.0,31760.0,31760.0,38,2025-06-09 09:01:00
1749459720,31760.0,31800.0,31760.0,31760.0,9,2025-06-09 09:02:00
1749459780,31795.0,31805.0,31785.0,31800.0,13,2025-06-09 09:03:00
1749459840,31800.0,31875.0,31800.0,31860.0,43,2025-06-09 09:04:00
1749459900,31835.0,31875.0,31835.0,31870.0,15,2025-06-09 09:05:00
1749459960,31870.0,31875.0,31870.0,31870.0,12,2025-06-09 09:06:00
1749460020,31850.0,31850.0,31850.0,31850.0,41,2025-06-09 09:07:00
1749460080,31850.0,31850.0,31850.0,31850.0,20,2025-06-09 09:08:00
1749460140,31850.0,31850.0,31850.0,31850.0,4,2025-06-09 09:09:00
1749460200,31850.0,31850.0,31850.0,31850.0,4,2025-06-09 09:10:00
1749460260,31850.0,31850.0,31850.0,31850.0,2,2025-06-09 09:11:00
1749460320,31850.0,31850.0,31845.0,31850.0,15,2025-06-09 09:12:00
1749460380,31850.0,31850.0,31850.0,31850.0,0,2025-06-09 09:13:00
1749460440,31850.0,31850.0,31850.0,31850.0,3,2025-06-09 09:14:00
1749460500,31830.0,31850.0,31830.0,31850.0,2,2025-06-09 09:15:00
1749460560,31850.0,31850.0,31845.0,31845.0,4,2025-06-09 09:16:00
1749460620,31845.0,31850.0,31825.0,31825.0,2,2025-06-09 09:17:00
1749460680,31825.0,31825.0,31825.0,31825.0,0,2025-06-09 09:18:00
1749460740,31825.0,31825.0,31825.0,31825.0,0,2025-06-09 09:19:00
1749460800,31825.0,31845.0,31820.0,31825.0,3,2025-06-09 09:20:00
1749460860,31825.0,31850.0,31825.0,31850.0,1,2025-06-09 09:21:00
1749460920,31850.0,31850.0,31850.0,31850.0,3,2025-06-09 09:22:00
1749460980,31850.0,31850.0,31840.0,31845.0,6,2025-06-09 09:23:00
1749461040,31845.0,31845.0,31835.0,31835.0,2,2025-06-09 09:24:00
1749461100,31835.0,31850.0,31825.0,31825.0,3,2025-06-09 09:25:00
1749461160,31835.0,31845.0,31835.0,31845.0,4,2025-06-09 09:26:00
1749461220,31845.0,31850.0,31820.0,31850.0,11,2025-06-09 09:27:00
1749461280,31850.0,31850.0,31825.0,31825.0,6,2025-06-09 09:28:00
1749461340,31825.0,31850.0,31820.0,31820.0,2,2025-06-09 09:29:00
1749461400,31845.0,31850.0,31845.0,31850.0,30,2025-06-09 09:30:00
1749461460,31825.0,31850.0,31825.0,31850.0,10,2025-06-09 09:31:00
1749461520,31850.0,31850.0,31835.0,31840.0,13,2025-06-09 09:32:00
1749461580,31845.0,31845.0,31805.0,31845.0,19,2025-06-09 09:33:00
1749461640,31845.0,31850.0,31815.0,31850.0,10,2025-06-09 09:34:00
1749461700,31850.0,31865.0,31850.0,31865.0,41,2025-06-09 09:35:00
1749461760,31865.0,31865.0,31825.0,31830.0,15,2025-06-09 09:36:00
1749461820,31830.0,31840.0,31815.0,31815.0,2,2025-06-09 09:37:00
1749461880,31815.0,31835.0,31815.0,31835.0,1,2025-06-09 09:38:00
1749461940,31835.0,31840.0,31830.0,31840.0,3,2025-06-09 09:39:00
1749462000,31840.0,31850.0,31840.0,31845.0,9,2025-06-09 09:40:00
1749462060,31830.0,31830.0,31815.0,31815.0,11,2025-06-09 09:41:00
1749462120,31815.0,31815.0,31800.0,31800.0,3,2025-06-09 09:42:00
1749462180,31815.0,31865.0,31800.0,31815.0,13,2025-06-09 09:43:00
1749462240,31810.0,31850.0,31810.0,31850.0,15,2025-06-09 09:44:00
1749462300,31820.0,31850.0,31820.0,31850.0,7,2025-06-09 09:45:00
1749462360,31850.0,31850.0,31850.0,31850.0,3,2025-06-09 09:46:00
1749462420,31850.0,31850.0,31820.0,31850.0,32,2025-06-09 09:47:00
1749462480,31820.0,31850.0,31820.0,31850.0,6,2025-06-09 09:48:00
1749462540,31850.0,31850.0,31835.0,31835.0,18,2025-06-09 09:49:00
1749462600,31820.0,31850.0,31815.0,31835.0,95,2025-06-09 09:50:00
1749462660,31835.0,31845.0,31820.0,31845.0,2,2025-06-09 09:51:00
1749462720,31850.0,31850.0,31845.0,31845.0,3,2025-06-09 09:52:00
1749462780,31845.0,31845.0,31805.0,31805.0,2,2025-06-09 09:53:00
1749462840,31805.0,31825.0,31775.0,31795.0,8,2025-06-09 09:54:00
1749462900,31795.0,31825.0,31770.0,31790.0,10,2025-06-09 09:55:00
1749462960,31750.0,31820.0,31705.0,31770.0,12,2025-06-09 09:56:00
1749463020,31770.0,31775.0,31720.0,31745.0,13,2025-06-09 09:57:00
1749463080,31745.0,31825.0,31700.0,31705.0,45,2025-06-09 09:58:00
1749463140,31795.0,31795.0,31650.0,31650.0,55,2025-06-09 09:59:00
1749527100,32000.0,32100.0,31865.0,31985.0,118,2025-06-10 03:45:00
1749527160,31960.0,32090.0,31865.0,32010.0,54,2025-06-10 03:46:00
1749527220,32010.0,32080.0,31980.0,31980.0,37,2025-06-10 03:47:00
1749527280,31980.0,32010.0,31980.0,31980.0,12,2025-06-10 03:48:00
1749527340,31980.0,31990.0,31955.0,31990.0,11,2025-06-10 03:49:00
1749527400,31980.0,31980.0,31980.0,31980.0,1,2025-06-10 03:50:00
1749527460,31980.0,31980.0,31930.0,31930.0,2,2025-06-10 03:51:00
1749527520,31930.0,31930.0,31930.0,31930.0,0,2025-06-10 03:52:00
1749527580,31930.0,31980.0,31930.0,31980.0,3,2025-06-10 03:53:00
1749527640,31980.0,31980.0,31920.0,31940.0,12,2025-06-10 03:54:00
1749527700,31940.0,31990.0,31940.0,31990.0,19,2025-06-10 03:55:00
1749527760,31955.0,32000.0,31955.0,32000.0,2,2025-06-10 03:56:00
1749527820,32000.0,32000.0,31985.0,31985.0,4,2025-06-10 03:57:00
1749527880,31985.0,31985.0,31925.0,31950.0,8,2025-06-10 03:58:00
1749527940,31950.0,31955.0,31920.0,31920.0,22,2025-06-10 03:59:00
1749528000,31920.0,31925.0,31920.0,31925.0,2,2025-06-10 04:00:00
1749528060,31925.0,31970.0,31925.0,31925.0,3,2025-06-10 04:01:00
1749528120,31925.0,31955.0,31925.0,31955.0,6,2025-06-10 04:02:00
1749528180,31955.0,31960.0,31920.0,31925.0,5,2025-06-10 04:03:00
1749528240,31925.0,31965.0,31915.0,31920.0,6,2025-06-10 04:04:00
1749528300,31915.0,31920.0,31915.0,31920.0,2,2025-06-10 04:05:00
1749528360,31920.0,31920.0,31920.0,31920.0,3,2025-06-10 04:06:00
1749528420,31920.0,31920.0,31920.0,31920.0,3,2025-06-10 04:07:00
1749528480,31920.0,31920.0,31920.0,31920.0,0,2025-06-10 04:08:00
1749528540,31920.0,31920.0,31920.0,31920.0,1,2025-06-10 04:09:00
1749528600,31920.0,31925.0,31920.0,31925.0,1,2025-06-10 04:10:00
1749528660,31925.0,31925.0,31925.0,31925.0,1,2025-06-10 04:11:00
1749528720,31950.0,31965.0,31905.0,31955.0,33,2025-06-10 04:12:00
1749528780,31955.0,31955.0,31905.0,31905.0,6,2025-06-10 04:13:00
1749528840,31905.0,31905.0,31905.0,31905.0,4,2025-06-10 04:14:00
1749528900,31905.0,31920.0,31905.0,31920.0,4,2025-06-10 04:15:00
1749528960,31920.0,31920.0,31910.0,31910.0,2,2025-06-10 04:16:00
1749529020,31890.0,31895.0,31890.0,31895.0,13,2025-06-10 04:17:00
1749529080,31895.0,31935.0,31895.0,31910.0,3,2025-06-10 04:18:00
1749529140,31900.0,31900.0,31900.0,31900.0,5,2025-06-10 04:19:00
1749529200,31900.0,31900.0,31900.0,31900.0,0,2025-06-10 04:20:00
1749529260,31900.0,31910.0,31855.0,31910.0,43,2025-06-10 04:21:00
1749529320,31910.0,31910.0,31890.0,31895.0,3,2025-06-10 04:22:00
1749529380,31895.0,31895.0,31895.0,31895.0,0,2025-06-10 04:23:00
1749529440,31895.0,31905.0,31870.0,31900.0,9,2025-06-10 04:24:00
1749529500,31915.0,31915.0,31910.0,31910.0,4,2025-06-10 04:25:00
1749529560,31910.0,31910.0,31910.0,31910.0,0,2025-06-10 04:26:00
1749529620,31910.0,31910.0,31910.0,31910.0,1,2025-06-10 04:27:00
1749529680,31910.0,31910.0,31910.0,31910.0,0,2025-06-10 04:28:00
1749529740,31875.0,31920.0,31850.0,31850.0,19,2025-06-10 04:29:00
1749529800,31850.0,31890.0,31850.0,31850.0,38,2025-06-10 04:30:00
1749529860,31850.0,31885.0,31830.0,31830.0,15,2025-06-10 04:31:00
1749529920,31830.0,31835.0,31830.0,31835.0,5,2025-06-10 04:32:00
1749529980,31835.0,31845.0,31800.0,31845.0,36,2025-06-10 04:33:00
1749530040,31845.0,31855.0,31845.0,31855.0,3,2025-06-10 04:34:00
1749530100,31855.0,31855.0,31855.0,31855.0,1,2025-06-10 04:35:00
1749530160,31855.0,31855.0,31855.0,31855.0,0,2025-06-10 04:36:00
1749530220,31890.0,31890.0,31890.0,31890.0,8,2025-06-10 04:37:00
1749530280,31890.0,31910.0,31855.0,31910.0,26,2025-06-10 04:38:00
1749530340,31910.0,31910.0,31875.0,31905.0,8,2025-06-10 04:39:00
1749530400,31905.0,31910.0,31895.0,31905.0,4,2025-06-10 04:40:00
1749530460,31905.0,31905.0,31905.0,31905.0,0,2025-06-10 04:41:00
1749530520,31905.0,31905.0,31905.0,31905.0,0,2025-06-10 04:42:00
1749530580,31905.0,31905.0,31905.0,31905.0,0,2025-06-10 04:43:00
1749530640,31905.0,31905.0,31870.0,31870.0,8,2025-06-10 04:44:00
1749530700,31870.0,31870.0,31870.0,31870.0,0,2025-06-10 04:45:00
1749530760,31870.0,31870.0,31855.0,31855.0,1,2025-06-10 04:46:00
1749530820,31855.0,31855.0,31850.0,31850.0,9,2025-06-10 04:47:00
1749530880,31850.0,31850.0,31820.0,31825.0,3,2025-06-10 04:48:00
1749530940,31825.0,31875.0,31825.0,31875.0,17,2025-06-10 04:49:00
1749531000,31830.0,31855.0,31830.0,31855.0,6,2025-06-10 04:50:00
1749531060,31855.0,31855.0,31855.0,31855.0,0,2025-06-10 04:51:00
1749531120,31855.0,31855.0,31845.0,31845.0,1,2025-06-10 04:52:00
1749531180,31845.0,31845.0,31845.0,31845.0,0,2025-06-10 04:53:00
1749531240,31845.0,31845.0,31845.0,31845.0,0,2025-06-10 04:54:00
1749531300,31845.0,31845.0,31835.0,31835.0,1,2025-06-10 04:55:00
1749531360,31835.0,31835.0,31835.0,31835.0,2,2025-06-10 04:56:00
1749531420,31835.0,31835.0,31800.0,31800.0,41,2025-06-10 04:57:00
1749531480,31800.0,31800.0,31720.0,31720.0,22,2025-06-10 04:58:00
1749531540,31720.0,31775.0,31720.0,31775.0,24,2025-06-10 04:59:00
1749531600,31775.0,31845.0,31775.0,31845.0,17,2025-06-10 05:00:00
1749531660,31800.0,31800.0,31800.0,31800.0,7,2025-06-10 05:01:00
1749531720,31800.0,31800.0,31800.0,31800.0,0,2025-06-10 05:02:00
1749531780,31755.0,31760.0,31730.0,31760.0,5,2025-06-10 05:03:00
1749531840,31760.0,31765.0,31725.0,31725.0,33,2025-06-10 05:04:00
1749531900,31725.0,31750.0,31720.0,31720.0,11,2025-06-10 05:05:00
1749531960,31720.0,31720.0,31720.0,31720.0,4,2025-06-10 05:06:00
1749532020,31720.0,31720.0,31720.0,31720.0,0,2025-06-10 05:07:00
1749532080,31720.0,31720.0,31680.0,31680.0,22,2025-06-10 05:08:00
1749532140,31680.0,31680.0,31675.0,31675.0,21,2025-06-10 05:09:00
1749532200,31675.0,31675.0,31675.0,31675.0,6,2025-06-10 05:10:00
1749532260,31675.0,31675.0,31675.0,31675.0,6,2025-06-10 05:11:00
1749532320,31675.0,31675.0,31675.0,31675.0,0,2025-06-10 05:12:00
1749532380,31655.0,31700.0,31655.0,31700.0,29,2025-06-10 05:13:00
1749532440,31700.0,31700.0,31695.0,31695.0,15,2025-06-10 05:14:00
1749532500,31695.0,31695.0,31695.0,31695.0,3,2025-06-10 05:15:00
1749532560,31695.0,31695.0,31695.0,31695.0,0,2025-06-10 05:16:00
1749532620,31695.0,31695.0,31695.0,31695.0,34,2025-06-10 05:17:00
1749532680,31695.0,31695.0,31685.0,31685.0,20,2025-06-10 05:18:00
1749532740,31685.0,31685.0,31620.0,31620.0,22,2025-06-10 05:19:00
1749532800,31620.0,31680.0,31620.0,31680.0,2,2025-06-10 05:20:00
1749532860,31680.0,31680.0,31680.0,31680.0,0,2025-06-10 05:21:00
1749532920,31680.0,31680.0,31680.0,31680.0,0,2025-06-10 05:22:00
1749532980,31680.0,31690.0,31650.0,31650.0,25,2025-06-10 05:23:00
1749533040,31650.0,31690.0,31650.0,31690.0,18,2025-06-10 05:24:00
1749533100,31690.0,31690.0,31690.0,31690.0,1,2025-06-10 05:25:00
1749533160,31690.0,31690.0,31650.0,31650.0,2,2025-06-10 05:26:00
1749533220,31650.0,31650.0,31650.0,31650.0,0,2025-06-10 05:27:00
1749533280,31650.0,31680.0,31650.0,31680.0,31,2025-06-10 05:28:00
1749533340,31680.0,31690.0,31680.0,31690.0,1,2025-06-10 05:29:00
1749533400,31690.0,31690.0,31625.0,31625.0,10,2025-06-10 05:30:00
1749533460,31625.0,31630.0,31625.0,31630.0,2,2025-06-10 05:31:00
1749533520,31630.0,31670.0,31630.0,31640.0,6,2025-06-10 05:32:00
1749533580,31640.0,31670.0,31640.0,31670.0,3,2025-06-10 05:33:00
1749533640,31670.0,31670.0,31640.0,31640.0,1,2025-06-10 05:34:00
1749533700,31640.0,31640.0,31625.0,31625.0,6,2025-06-10 05:35:00
1749533760,31625.0,31675.0,31625.0,31630.0,2,2025-06-10 05:36:00
1749533820,31630.0,31630.0,31630.0,31630.0,0,2025-06-10 05:37:00
1749533880,31670.0,31680.0,31655.0,31655.0,6,2025-06-10 05:38:00
1749533940,31655.0,31690.0,31655.0,31690.0,2,2025-06-10 05:39:00
1749534000,31690.0,31690.0,31690.0,31690.0,0,2025-06-10 05:40:00
1749534060,31690.0,31690.0,31640.0,31640.0,6,2025-06-10 05:41:00
1749534120,31640.0,31640.0,31640.0,31640.0,0,2025-06-10 05:42:00
1749534180,31640.0,31680.0,31640.0,31680.0,2,2025-06-10 05:43:00
1749534240,31680.0,31680.0,31680.0,31680.0,0,2025-06-10 05:44:00
1749534300,31680.0,31680.0,31640.0,31640.0,13,2025-06-10 05:45:00
1749534360,31640.0,31640.0,31640.0,31640.0,4,2025-06-10 05:46:00
1749534420,31640.0,31640.0,31575.0,31575.0,81,2025-06-10 05:47:00
1749534480,31590.0,31625.0,31590.0,31590.0,9,2025-06-10 05:48:00
1749534540,31590.0,31590.0,31550.0,31550.0,12,2025-06-10 05:49:00
1749534600,31550.0,31585.0,31550.0,31555.0,3,2025-06-10 05:50:00
1749534660,31555.0,31555.0,31555.0,31555.0,0,2025-06-10 05:51:00
1749534720,31560.0,31590.0,31560.0,31560.0,3,2025-06-10 05:52:00
1749534780,31560.0,31600.0,31560.0,31560.0,11,2025-06-10 05:53:00
1749534840,31560.0,31580.0,31560.0,31580.0,2,2025-06-10 05:54:00
1749534900,31580.0,31580.0,31580.0,31580.0,0,2025-06-10 05:55:00
1749534960,31580.0,31580.0,31580.0,31580.0,0,2025-06-10 05:56:00
1749535020,31580.0,31590.0,31580.0,31590.0,15,2025-06-10 05:57:00
1749535080,31595.0,31595.0,31595.0,31595.0,6,2025-06-10 05:58:00
1749535140,31595.0,31600.0,31595.0,31600.0,1,2025-06-10 05:59:00
1749535200,31600.0,31600.0,31600.0,31600.0,2,2025-06-10 06:00:00
1749535260,31600.0,31600.0,31585.0,31585.0,4,2025-06-10 06:01:00
1749535320,31585.0,31585.0,31565.0,31565.0,8,2025-06-10 06:02:00
1749535380,31565.0,31580.0,31565.0,31580.0,2,2025-06-10 06:03:00
1749535440,31580.0,31580.0,31580.0,31580.0,0,2025-06-10 06:04:00
1749535500,31580.0,31580.0,31580.0,31580.0,0,2025-06-10 06:05:00
1749535560,31580.0,31580.0,31580.0,31580.0,4,2025-06-10 06:06:00
1749535620,31580.0,31600.0,31580.0,31580.0,3,2025-06-10 06:07:00
1749535680,31580.0,31580.0,31580.0,31580.0,0,2025-06-10 06:08:00
1749535740,31580.0,31600.0,31580.0,31600.0,10,2025-06-10 06:09:00
1749535800,31600.0,31600.0,31600.0,31600.0,15,2025-06-10 06:10:00
1749535860,31600.0,31600.0,31600.0,31600.0,3,2025-06-10 06:11:00
1749535920,31600.0,31600.0,31585.0,31585.0,1,2025-06-10 06:12:00
1749535980,31585.0,31585.0,31585.0,31585.0,10,2025-06-10 06:13:00
1749536040,31585.0,31585.0,31585.0,31585.0,1,2025-06-10 06:14:00
1749536100,31585.0,31585.0,31585.0,31585.0,0,2025-06-10 06:15:00
1749536160,31585.0,31600.0,31585.0,31600.0,3,2025-06-10 06:16:00
1749536220,31600.0,31600.0,31600.0,31600.0,5,2025-06-10 06:17:00
1749536280,31600.0,31600.0,31600.0,31600.0,10,2025-06-10 06:18:00
1749536340,31600.0,31600.0,31600.0,31600.0,26,2025-06-10 06:19:00
1749536400,31600.0,31605.0,31600.0,31605.0,1,2025-06-10 06:20:00
1749536460,31605.0,31610.0,31605.0,31610.0,2,2025-06-10 06:21:00
1749536520,31610.0,31620.0,31600.0,31620.0,16,2025-06-10 06:22:00
1749536580,31620.0,31620.0,31605.0,31605.0,1,2025-06-10 06:23:00
1749536640,31605.0,31605.0,31600.0,31600.0,3,2025-06-10 06:24:00
1749536700,31600.0,31600.0,31600.0,31600.0,2,2025-06-10 06:25:00
1749536760,31600.0,31600.0,31600.0,31600.0,1,2025-06-10 06:26:00
1749536820,31600.0,31600.0,31600.0,31600.0,1,2025-06-10 06:27:00
1749536880,31600.0,31610.0,31600.0,31610.0,3,2025-06-10 06:28:00
1749536940,31610.0,31610.0,31610.0,31610.0,2,2025-06-10 06:29:00
1749537000,31610.0,31615.0,31610.0,31615.0,1,2025-06-10 06:30:00
1749537060,31615.0,31615.0,31615.0,31615.0,0,2025-06-10 06:31:00
1749537120,31615.0,31615.0,31615.0,31615.0,2,2025-06-10 06:32:00
1749537180,31615.0,31625.0,31615.0,31625.0,1,2025-06-10 06:33:00
1749537240,31625.0,31665.0,31625.0,31635.0,9,2025-06-10 06:34:00
1749537300,31635.0,31635.0,31625.0,31625.0,1,2025-06-10 06:35:00
1749537360,31625.0,31625.0,31605.0,31605.0,3,2025-06-10 06:36:00
1749537420,31605.0,31645.0,31600.0,31600.0,2,2025-06-10 06:37:00
1749537480,31600.0,31620.0,31600.0,31620.0,1,2025-06-10 06:38:00
1749537540,31620.0,31645.0,31605.0,31645.0,5,2025-06-10 06:39:00
1749537600,31645.0,31645.0,31645.0,31645.0,0,2025-06-10 06:40:00
1749537660,31625.0,31625.0,31625.0,31625.0,1,2025-06-10 06:41:00
1749537720,31625.0,31625.0,31625.0,31625.0,1,2025-06-10 06:42:00
1749537780,31625.0,31625.0,31610.0,31610.0,1,2025-06-10 06:43:00
1749537840,31610.0,31610.0,31610.0,31610.0,0,2025-06-10 06:44:00
1749537900,31610.0,31615.0,31610.0,31615.0,1,2025-06-10 06:45:00
1749537960,31615.0,31650.0,31615.0,31650.0,2,2025-06-10 06:46:00
1749538020,31650.0,31650.0,31620.0,31620.0,6,2025-06-10 06:47:00
1749538080,31620.0,31620.0,31620.0,31620.0,1,2025-06-10 06:48:00
1749538140,31620.0,31620.0,31620.0,31620.0,5,2025-06-10 06:49:00
1749538200,31620.0,31650.0,31620.0,31650.0,2,2025-06-10 06:50:00
1749538260,31650.0,31650.0,31625.0,31625.0,1,2025-06-10 06:51:00
1749538320,31625.0,31630.0,31625.0,31630.0,2,2025-06-10 06:52:00
1749538380,31630.0,31630.0,31630.0,31630.0,1,2025-06-10 06:53:00
1749538440,31630.0,31630.0,31630.0,31630.0,0,2025-06-10 06:54:00
1749538500,31690.0,31690.0,31660.0,31660.0,48,2025-06-10 06:55:00
1749538560,31660.0,31660.0,31660.0,31660.0,0,2025-06-10 06:56:00
1749538620,31660.0,31660.0,31660.0,31660.0,0,2025-06-10 06:57:00
1749538680,31660.0,31660.0,31630.0,31640.0,2,2025-06-10 06:58:00
1749538740,31640.0,31660.0,31640.0,31660.0,10,2025-06-10 06:59:00
1749538800,31660.0,31660.0,31625.0,31625.0,7,2025-06-10 07:00:00
1749538860,31625.0,31665.0,31625.0,31665.0,1,2025-06-10 07:01:00
1749538920,31665.0,31665.0,31595.0,31650.0,37,2025-06-10 07:02:00
1749538980,31650.0,31650.0,31630.0,31630.0,1,2025-06-10 07:03:00
1749539040,31630.0,31630.0,31630.0,31630.0,0,2025-06-10 07:04:00
1749539100,31630.0,31630.0,31625.0,31630.0,7,2025-06-10 07:05:00
1749539160,31630.0,31630.0,31625.0,31625.0,2,2025-06-10 07:06:00
1749539220,31625.0,31625.0,31625.0,31625.0,0,2025-06-10 07:07:00
1749539280,31625.0,31630.0,31625.0,31630.0,1,2025-06-10 07:08:00
1749539340,31630.0,31630.0,31630.0,31630.0,1,2025-06-10 07:09:00
1749539400,31630.0,31630.0,31630.0,31630.0,0,2025-06-10 07:10:00
1749539460,31630.0,31650.0,31630.0,31650.0,1,2025-06-10 07:11:00
1749539520,31650.0,31660.0,31650.0,31660.0,1,2025-06-10 07:12:00
1749539580,31660.0,31660.0,31660.0,31660.0,1,2025-06-10 07:13:00
1749539640,31660.0,31660.0,31660.0,31660.0,0,2025-06-10 07:14:00
1749539700,31660.0,31660.0,31590.0,31620.0,25,2025-06-10 07:15:00
1749539760,31620.0,31635.0,31585.0,31610.0,30,2025-06-10 07:16:00
1749539820,31610.0,31630.0,31610.0,31625.0,4,2025-06-10 07:17:00
1749539880,31625.0,31630.0,31625.0,31625.0,9,2025-06-10 07:18:00
1749539940,31625.0,31665.0,31625.0,31665.0,30,2025-06-10 07:19:00
1749540000,31665.0,31675.0,31665.0,31675.0,1,2025-06-10 07:20:00
1749540060,31675.0,31675.0,31660.0,31660.0,1,2025-06-10 07:21:00
1749540120,31645.0,31690.0,31645.0,31690.0,7,2025-06-10 07:22:00
1749540180,31690.0,31695.0,31590.0,31590.0,51,2025-06-10 07:23:00
1749540240,31590.0,31665.0,31590.0,31660.0,4,2025-06-10 07:24:00
1749540300,31660.0,31660.0,31660.0,31660.0,0,2025-06-10 07:25:00
1749540360,31660.0,31660.0,31660.0,31660.0,0,2025-06-10 07:26:00
1749540420,31660.0,31660.0,31650.0,31650.0,1,2025-06-10 07:27:00
1749540480,31650.0,31650.0,31650.0,31650.0,0,2025-06-10 07:28:00
1749540540,31650.0,31650.0,31650.0,31650.0,0,2025-06-10 07:29:00
1749540600,31650.0,31650.0,31650.0,31650.0,0,2025-06-10 07:30:00
1749540660,31650.0,31660.0,31640.0,31660.0,2,2025-06-10 07:31:00
1749540720,31660.0,31660.0,31645.0,31645.0,5,2025-06-10 07:32:00
1749540780,31645.0,31645.0,31645.0,31645.0,0,2025-06-10 07:33:00
1749540840,31645.0,31645.0,31645.0,31645.0,0,2025-06-10 07:34:00
1749540900,31645.0,31645.0,31645.0,31645.0,0,2025-06-10 07:35:00
1749540960,31645.0,31660.0,31630.0,31630.0,2,2025-06-10 07:36:00
1749541020,31630.0,31630.0,31630.0,31630.0,22,2025-06-10 07:37:00
1749541080,31630.0,31630.0,31630.0,31630.0,0,2025-06-10 07:38:00
1749541140,31630.0,31635.0,31630.0,31635.0,1,2025-06-10 07:39:00
1749541200,31635.0,31635.0,31635.0,31635.0,0,2025-06-10 07:40:00
1749541260,31635.0,31635.0,31630.0,31630.0,1,2025-06-10 07:41:00
1749541320,31630.0,31635.0,31630.0,31635.0,1,2025-06-10 07:42:00
1749541380,31635.0,31635.0,31630.0,31630.0,2,2025-06-10 07:43:00
1749541440,31630.0,31630.0,31630.0,31630.0,1,2025-06-10 07:44:00
1749541500,31630.0,31630.0,31630.0,31630.0,0,2025-06-10 07:45:00
1749541560,31630.0,31630.0,31630.0,31630.0,0,2025-06-10 07:46:00
1749541620,31630.0,31630.0,31630.0,31630.0,0,2025-06-10 07:47:00
1749541680,31630.0,31635.0,31630.0,31635.0,1,2025-06-10 07:48:00
1749541740,31635.0,31635.0,31635.0,31635.0,0,2025-06-10 07:49:00
1749541800,31635.0,31635.0,31635.0,31635.0,0,2025-06-10 07:50:00
1749541860,31635.0,31635.0,31635.0,31635.0,1,2025-06-10 07:51:00
1749541920,31635.0,31635.0,31635.0,31635.0,0,2025-06-10 07:52:00
1749541980,31635.0,31635.0,31630.0,31630.0,1,2025-06-10 07:53:00
1749542040,31630.0,31635.0,31630.0,31635.0,28,2025-06-10 07:54:00
1749542100,31635.0,31635.0,31630.0,31630.0,1,2025-06-10 07:55:00
1749542160,31630.0,31630.0,31630.0,31630.0,2,2025-06-10 07:56:00
1749542220,31630.0,31660.0,31630.0,31660.0,1,2025-06-10 07:57:00
1749542280,31660.0,31660.0,31660.0,31660.0,1,2025-06-10 07:58:00
1749542340,31660.0,31660.0,31630.0,31630.0,2,2025-06-10 07:59:00
1749542400,31630.0,31630.0,31630.0,31630.0,4,2025-06-10 08:00:00
1749542460,31630.0,31630.0,31630.0,31630.0,0,2025-06-10 08:01:00
1749542520,31630.0,31630.0,31630.0,31630.0,1,2025-06-10 08:02:00
1749542580,31630.0,31660.0,31630.0,31660.0,2,2025-06-10 08:03:00
1749542640,31660.0,31660.0,31635.0,31635.0,11,2025-06-10 08:04:00
1749542700,31635.0,31635.0,31635.0,31635.0,1,2025-06-10 08:05:00
1749542760,31635.0,31635.0,31635.0,31635.0,0,2025-06-10 08:06:00
1749542820,31635.0,31635.0,31635.0,31635.0,0,2025-06-10 08:07:00
1749542880,31635.0,31635.0,31635.0,31635.0,0,2025-06-10 08:08:00
1749542940,31635.0,31635.0,31635.0,31635.0,0,2025-06-10 08:09:00
1749543000,31635.0,31660.0,31635.0,31660.0,5,2025-06-10 08:10:00
1749543060,31660.0,31660.0,31660.0,31660.0,1,2025-06-10 08:11:00
1749543120,31660.0,31660.0,31660.0,31660.0,0,2025-06-10 08:12:00
1749543180,31660.0,31660.0,31660.0,31660.0,0,2025-06-10 08:13:00
1749543240,31660.0,31660.0,31660.0,31660.0,2,2025-06-10 08:14:00
1749543300,31660.0,31660.0,31640.0,31640.0,2,2025-06-10 08:15:00
1749543360,31640.0,31640.0,31640.0,31640.0,0,2025-06-10 08:16:00
1749543420,31640.0,31685.0,31640.0,31685.0,2,2025-06-10 08:17:00
1749543480,31685.0,31700.0,31665.0,31665.0,3,2025-06-10 08:18:00
1749543540,31665.0,31665.0,31665.0,31665.0,2,2025-06-10 08:19:00
1749543600,31665.0,31680.0,31665.0,31680.0,1,2025-06-10 08:20:00
1749543660,31680.0,31680.0,31665.0,31665.0,12,2025-06-10 08:21:00
1749543720,31665.0,31690.0,31665.0,31690.0,7,2025-06-10 08:22:00
1749543780,31700.0,31700.0,31665.0,31665.0,27,2025-06-10 08:23:00
1749543840,31665.0,31665.0,31660.0,31660.0,2,2025-06-10 08:24:00
1749543900,31660.0,31660.0,31660.0,31660.0,3,2025-06-10 08:25:00
1749543960,31660.0,31675.0,31660.0,31660.0,60,2025-06-10 08:26:00
1749544020,31660.0,31660.0,31640.0,31640.0,1,2025-06-10 08:27:00
1749544080,31640.0,31640.0,31630.0,31630.0,2,2025-06-10 08:28:00
1749544140,31630.0,31670.0,31630.0,31635.0,2,2025-06-10 08:29:00
1749544200,31630.0,31630.0,31630.0,31630.0,2,2025-06-10 08:30:00
1749544260,31630.0,31630.0,31630.0,31630.0,7,2025-06-10 08:31:00
1749544320,31630.0,31630.0,31630.0,31630.0,1,2025-06-10 08:32:00
1749544380,31630.0,31630.0,31630.0,31630.0,2,2025-06-10 08:33:00
1749544440,31630.0,31630.0,31630.0,31630.0,13,2025-06-10 08:34:00
1749544500,31650.0,31650.0,31630.0,31630.0,4,2025-06-10 08:35:00
1749544560,31630.0,31630.0,31630.0,31630.0,20,2025-06-10 08:36:00
1749544620,31630.0,31630.0,31630.0,31630.0,3,2025-06-10 08:37:00
1749544680,31630.0,31640.0,31630.0,31630.0,3,2025-06-10 08:38:00
1749544740,31630.0,31630.0,31630.0,31630.0,1,2025-06-10 08:39:00
1749544800,31630.0,31630.0,31630.0,31630.0,2,2025-06-10 08:40:00
1749544860,31630.0,31630.0,31630.0,31630.0,9,2025-06-10 08:41:00
1749544920,31630.0,31630.0,31630.0,31630.0,3,2025-06-10 08:42:00
1749544980,31630.0,31630.0,31630.0,31630.0,1,2025-06-10 08:43:00
1749545040,31630.0,31630.0,31630.0,31630.0,2,2025-06-10 08:44:00
1749545100,31630.0,31650.0,31630.0,31630.0,16,2025-06-10 08:45:00
1749545160,31630.0,31650.0,31630.0,31635.0,2,2025-06-10 08:46:00
1749545220,31635.0,31635.0,31630.0,31630.0,2,2025-06-10 08:47:00
1749545280,31630.0,31635.0,31630.0,31635.0,2,2025-06-10 08:48:00
1749545340,31635.0,31635.0,31630.0,31630.0,3,2025-06-10 08:49:00
1749545400,31630.0,31630.0,31630.0,31630.0,2,2025-06-10 08:50:00
1749545460,31630.0,31630.0,31630.0,31630.0,1,2025-06-10 08:51:00
1749545520,31630.0,31635.0,31630.0,31635.0,2,2025-06-10 08:52:00
1749545580,31635.0,31640.0,31635.0,31640.0,1,2025-06-10 08:53:00
1749545640,31640.0,31650.0,31630.0,31630.0,4,2025-06-10 08:54:00
1749545700,31630.0,31630.0,31630.0,31630.0,1,2025-06-10 08:55:00
1749545760,31630.0,31630.0,31630.0,31630.0,3,2025-06-10 08:56:00
1749545820,31630.0,31630.0,31630.0,31630.0,4,2025-06-10 08:57:00
1749545880,31630.0,31630.0,31630.0,31630.0,1,2025-06-10 08:58:00
1749545940,31630.0,31630.0,31630.0,31630.0,5,2025-06-10 08:59:00
1749546000,31630.0,31655.0,31630.0,31630.0,5,2025-06-10 09:00:00
1749546060,31630.0,31630.0,31630.0,31630.0,3,2025-06-10 09:01:00
1749546120,31655.0,31655.0,31630.0,31630.0,5,2025-06-10 09:02:00
1749546180,31630.0,31630.0,31630.0,31630.0,3,2025-06-10 09:03:00
1749546240,31630.0,31630.0,31630.0,31630.0,4,2025-06-10 09:04:00
1749546300,31630.0,31630.0,31630.0,31630.0,2,2025-06-10 09:05:00
1749546360,31630.0,31680.0,31630.0,31645.0,20,2025-06-10 09:06:00
1749546420,31645.0,31650.0,31645.0,31650.0,1,2025-06-10 09:07:00
1749546480,31645.0,31645.0,31630.0,31645.0,11,2025-06-10 09:08:00
1749546540,31645.0,31645.0,31630.0,31630.0,16,2025-06-10 09:09:00
1749546600,31630.0,31645.0,31630.0,31630.0,4,2025-06-10 09:10:00
1749546660,31630.0,31630.0,31630.0,31630.0,3,2025-06-10 09:11:00
1749546720,31630.0,31630.0,31630.0,31630.0,8,2025-06-10 09:12:00
1749546780,31630.0,31630.0,31630.0,31630.0,2,2025-06-10 09:13:00
1749546840,31630.0,31630.0,31630.0,31630.0,23,2025-06-10 09:14:00
1749546900,31630.0,31630.0,31630.0,31630.0,2,2025-06-10 09:15:00
1749546960,31630.0,31650.0,31630.0,31650.0,3,2025-06-10 09:16:00
1749547020,31650.0,31650.0,31630.0,31630.0,2,2025-06-10 09:17:00
1749547080,31630.0,31650.0,31630.0,31650.0,3,2025-06-10 09:18:00
1749547140,31650.0,31650.0,31630.0,31630.0,23,2025-06-10 09:19:00
1749547200,31630.0,31630.0,31630.0,31630.0,2,2025-06-10 09:20:00
1749547260,31630.0,31630.0,31630.0,31630.0,2,2025-06-10 09:21:00
1749547320,31630.0,31650.0,31630.0,31650.0,5,2025-06-10 09:22:00
1749547380,31650.0,31650.0,31630.0,31630.0,2,2025-06-10 09:23:00
1749547440,31630.0,31630.0,31630.0,31630.0,6,2025-06-10 09:24:00
1749547500,31630.0,31630.0,31630.0,31630.0,8,2025-06-10 09:25:00
1749547560,31630.0,31630.0,31630.0,31630.0,1,2025-06-10 09:26:00
1749547620,31630.0,31630.0,31630.0,31630.0,5,2025-06-10 09:27:00
1749547680,31630.0,31630.0,31630.0,31630.0,21,2025-06-10 09:28:00
1749547740,31630.0,31640.0,31630.0,31630.0,2,2025-06-10 09:29:00
1749547800,31645.0,31680.0,31645.0,31645.0,175,2025-06-10 09:30:00
1749547860,31680.0,31680.0,31635.0,31665.0,18,2025-06-10 09:31:00
1749547920,31665.0,31675.0,31635.0,31640.0,10,2025-06-10 09:32:00
1749547980,31640.0,31670.0,31640.0,31665.0,3,2025-06-10 09:33:00
1749548040,31640.0,31640.0,31640.0,31640.0,2,2025-06-10 09:34:00
1749548100,31640.0,31665.0,31630.0,31635.0,13,2025-06-10 09:35:00
1749548160,31635.0,31665.0,31635.0,31665.0,29,2025-06-10 09:36:00
1749548220,31665.0,31665.0,31640.0,31640.0,5,2025-06-10 09:37:00
1749548280,31640.0,31665.0,31630.0,31655.0,23,2025-06-10 09:38:00
1749548340,31655.0,31655.0,31630.0,31650.0,6,2025-06-10 09:39:00
1749548400,31650.0,31655.0,31635.0,31655.0,5,2025-06-10 09:40:00
1749548460,31635.0,31655.0,31635.0,31655.0,6,2025-06-10 09:41:00
1749548520,31655.0,31660.0,31630.0,31655.0,56,2025-06-10 09:42:00
1749548580,31660.0,31660.0,31635.0,31660.0,6,2025-06-10 09:43:00
1749548640,31660.0,31660.0,31625.0,31655.0,16,2025-06-10 09:44:00
1749548700,31655.0,31660.0,31630.0,31630.0,19,2025-06-10 09:45:00
1749548760,31630.0,31660.0,31630.0,31645.0,34,2025-06-10 09:46:00
1749548820,31655.0,31680.0,31630.0,31655.0,45,2025-06-10 09:47:00
1749548880,31655.0,31655.0,31630.0,31655.0,15,2025-06-10 09:48:00
1749548940,31655.0,31655.0,31630.0,31630.0,2,2025-06-10 09:49:00
1749549000,31630.0,31650.0,31625.0,31630.0,28,2025-06-10 09:50:00
1749549060,31630.0,31645.0,31630.0,31635.0,7,2025-06-10 09:51:00
1749549120,31635.0,31645.0,31630.0,31635.0,15,2025-06-10 09:52:00
1749549180,31635.0,31635.0,31630.0,31630.0,26,2025-06-10 09:53:00
1749549240,31635.0,31635.0,31630.0,31630.0,36,2025-06-10 09:54:00
1749549300,31630.0,31635.0,31630.0,31635.0,33,2025-06-10 09:55:00
1749549360,31635.0,31635.0,31630.0,31630.0,14,2025-06-10 09:56:00
1749549420,31630.0,31665.0,31630.0,31665.0,28,2025-06-10 09:57:00
1749549480,31665.0,31665.0,31630.0,31630.0,18,2025-06-10 09:58:00
1749549540,31630.0,31635.0,31630.0,31630.0,22,2025-06-10 09:59:00
1749613500,31645.0,31755.0,31645.0,31750.0,28,2025-06-11 03:45:00
1749613560,31750.0,31795.0,31675.0,31675.0,23,2025-06-11 03:46:00
1749613620,31675.0,31795.0,31675.0,31705.0,29,2025-06-11 03:47:00
1749613680,31705.0,31705.0,31705.0,31705.0,9,2025-06-11 03:48:00
1749613740,31705.0,31705.0,31705.0,31705.0,0,2025-06-11 03:49:00
1749613800,31705.0,31750.0,31675.0,31750.0,3,2025-06-11 03:50:00
1749613860,31750.0,31750.0,31695.0,31695.0,9,2025-06-11 03:51:00
1749613920,31695.0,31750.0,31695.0,31750.0,7,2025-06-11 03:52:00
1749613980,31750.0,31750.0,31735.0,31735.0,9,2025-06-11 03:53:00
1749614040,31735.0,31745.0,31735.0,31745.0,1,2025-06-11 03:54:00
1749614100,31700.0,31700.0,31700.0,31700.0,13,2025-06-11 03:55:00
1749614160,31700.0,31700.0,31685.0,31685.0,14,2025-06-11 03:56:00
1749614220,31685.0,31700.0,31685.0,31695.0,45,2025-06-11 03:57:00
1749614280,31695.0,31735.0,31695.0,31695.0,5,2025-06-11 03:58:00
1749614340,31695.0,31695.0,31695.0,31695.0,0,2025-06-11 03:59:00
1749614400,31695.0,31765.0,31695.0,31765.0,28,2025-06-11 04:00:00
1749614460,31765.0,31765.0,31765.0,31765.0,16,2025-06-11 04:01:00
1749614520,31765.0,31765.0,31745.0,31745.0,6,2025-06-11 04:02:00
1749614580,31745.0,31745.0,31745.0,31745.0,0,2025-06-11 04:03:00
1749614640,31755.0,31770.0,31755.0,31770.0,4,2025-06-11 04:04:00
1749614700,31770.0,31770.0,31765.0,31765.0,4,2025-06-11 04:05:00
1749614760,31765.0,31765.0,31765.0,31765.0,0,2025-06-11 04:06:00
1749614820,31765.0,31765.0,31765.0,31765.0,0,2025-06-11 04:07:00
1749614880,31765.0,31765.0,31735.0,31735.0,2,2025-06-11 04:08:00
1749614940,31750.0,31765.0,31730.0,31730.0,13,2025-06-11 04:09:00
1749615000,31730.0,31730.0,31705.0,31705.0,11,2025-06-11 04:10:00
1749615060,31705.0,31760.0,31705.0,31760.0,4,2025-06-11 04:11:00
1749615120,31760.0,31775.0,31760.0,31775.0,2,2025-06-11 04:12:00
1749615180,31775.0,31775.0,31770.0,31770.0,3,2025-06-11 04:13:00
1749615240,31740.0,31740.0,31710.0,31710.0,21,2025-06-11 04:14:00
1749615300,31710.0,31730.0,31685.0,31685.0,19,2025-06-11 04:15:00
1749615360,31685.0,31710.0,31665.0,31665.0,102,2025-06-11 04:16:00
1749615420,31665.0,31705.0,31665.0,31705.0,4,2025-06-11 04:17:00
1749615480,31705.0,31705.0,31705.0,31705.0,0,2025-06-11 04:18:00
1749615540,31705.0,31705.0,31690.0,31690.0,1,2025-06-11 04:19:00
1749615600,31690.0,31690.0,31690.0,31690.0,6,2025-06-11 04:20:00
1749615660,31690.0,31690.0,31690.0,31690.0,0,2025-06-11 04:21:00
1749615720,31690.0,31690.0,31690.0,31690.0,0,2025-06-11 04:22:00
1749615780,31690.0,31690.0,31690.0,31690.0,0,2025-06-11 04:23:00
1749615840,31690.0,31700.0,31690.0,31700.0,5,2025-06-11 04:24:00
1749615900,31700.0,31740.0,31700.0,31740.0,30,2025-06-11 04:25:00
1749615960,31740.0,31740.0,31740.0,31740.0,10,2025-06-11 04:26:00
1749616020,31740.0,31740.0,31740.0,31740.0,0,2025-06-11 04:27:00
1749616080,31740.0,31755.0,31740.0,31755.0,2,2025-06-11 04:28:00
1749616140,31755.0,31755.0,31665.0,31665.0,11,2025-06-11 04:29:00
1749616200,31665.0,31670.0,31665.0,31670.0,7,2025-06-11 04:30:00
1749616260,31665.0,31665.0,31630.0,31650.0,72,2025-06-11 04:31:00
1749616320,31635.0,31635.0,31630.0,31630.0,7,2025-06-11 04:32:00
1749616380,31660.0,31695.0,31630.0,31655.0,17,2025-06-11 04:33:00
1749616440,31655.0,31655.0,31630.0,31640.0,8,2025-06-11 04:34:00
1749616500,31640.0,31700.0,31640.0,31700.0,2,2025-06-11 04:35:00
1749616560,31700.0,31700.0,31700.0,31700.0,0,2025-06-11 04:36:00
1749616620,31700.0,31700.0,31675.0,31675.0,1,2025-06-11 04:37:00
1749616680,31675.0,31675.0,31675.0,31675.0,0,2025-06-11 04:38:00
1749616740,31675.0,31675.0,31675.0,31675.0,0,2025-06-11 04:39:00
1749616800,31675.0,31685.0,31675.0,31685.0,3,2025-06-11 04:40:00
1749616860,31685.0,31695.0,31685.0,31695.0,1,2025-06-11 04:41:00
1749616920,31695.0,31695.0,31695.0,31695.0,0,2025-06-11 04:42:00
1749616980,31695.0,31695.0,31695.0,31695.0,9,2025-06-11 04:43:00
1749617040,31695.0,31695.0,31695.0,31695.0,0,2025-06-11 04:44:00
1749617100,31695.0,31695.0,31695.0,31695.0,0,2025-06-11 04:45:00
1749617160,31695.0,31695.0,31695.0,31695.0,0,2025-06-11 04:46:00
1749617220,31695.0,31695.0,31695.0,31695.0,0,2025-06-11 04:47:00
1749617280,31695.0,31695.0,31695.0,31695.0,0,2025-06-11 04:48:00
1749617340,31695.0,31695.0,31695.0,31695.0,0,2025-06-11 04:49:00
1749617400,31695.0,31695.0,31695.0,31695.0,0,2025-06-11 04:50:00
1749617460,31695.0,31695.0,31695.0,31695.0,0,2025-06-11 04:51:00
1749617520,31695.0,31695.0,31695.0,31695.0,0,2025-06-11 04:52:00
1749617580,31695.0,31695.0,31695.0,31695.0,1,2025-06-11 04:53:00
1749617640,31695.0,31695.0,31695.0,31695.0,0,2025-06-11 04:54:00
1749617700,31695.0,31695.0,31690.0,31690.0,1,2025-06-11 04:55:00
1749617760,31690.0,31690.0,31690.0,31690.0,0,2025-06-11 04:56:00
1749617820,31690.0,31690.0,31690.0,31690.0,0,2025-06-11 04:57:00
1749617880,31690.0,31690.0,31665.0,31665.0,1,2025-06-11 04:58:00
1749617940,31665.0,31690.0,31665.0,31690.0,6,2025-06-11 04:59:00
1749618000,31690.0,31690.0,31665.0,31665.0,1,2025-06-11 05:00:00
1749618060,31665.0,31665.0,31665.0,31665.0,0,2025-06-11 05:01:00
1749618120,31665.0,31690.0,31665.0,31690.0,2,2025-06-11 05:02:00
1749618180,31690.0,31695.0,31660.0,31695.0,5,2025-06-11 05:03:00
1749618240,31695.0,31695.0,31695.0,31695.0,0,2025-06-11 05:04:00
1749618300,31695.0,31695.0,31695.0,31695.0,0,2025-06-11 05:05:00
1749618360,31695.0,31695.0,31690.0,31690.0,1,2025-06-11 05:06:00
1749618420,31690.0,31695.0,31685.0,31685.0,34,2025-06-11 05:07:00
1749618480,31685.0,31685.0,31655.0,31655.0,2,2025-06-11 05:08:00
1749618540,31655.0,31655.0,31650.0,31650.0,3,2025-06-11 05:09:00
1749618600,31650.0,31685.0,31650.0,31685.0,1,2025-06-11 05:10:00
1749618660,31685.0,31685.0,31685.0,31685.0,0,2025-06-11 05:11:00
1749618720,31685.0,31685.0,31685.0,31685.0,7,2025-06-11 05:12:00
1749618780,31685.0,31685.0,31685.0,31685.0,0,2025-06-11 05:13:00
1749618840,31685.0,31685.0,31685.0,31685.0,0,2025-06-11 05:14:00
1749618900,31685.0,31685.0,31650.0,31650.0,2,2025-06-11 05:15:00
1749618960,31650.0,31650.0,31650.0,31650.0,0,2025-06-11 05:16:00
1749619020,31650.0,31690.0,31650.0,31690.0,2,2025-06-11 05:17:00
1749619080,31690.0,31690.0,31690.0,31690.0,0,2025-06-11 05:18:00
1749619140,31690.0,31700.0,31690.0,31700.0,45,2025-06-11 05:19:00
1749619200,31700.0,31700.0,31700.0,31700.0,0,2025-06-11 05:20:00
1749619260,31700.0,31700.0,31700.0,31700.0,0,2025-06-11 05:21:00
1749619320,31700.0,31700.0,31700.0,31700.0,0,2025-06-11 05:22:00
1749619380,31690.0,31740.0,31670.0,31740.0,22,2025-06-11 05:23:00
1749619440,31740.0,31740.0,31740.0,31740.0,0,2025-06-11 05:24:00
1749619500,31740.0,31740.0,31740.0,31740.0,0,2025-06-11 05:25:00
1749619560,31740.0,31740.0,31740.0,31740.0,0,2025-06-11 05:26:00
1749619620,31740.0,31740.0,31740.0,31740.0,0,2025-06-11 05:27:00
1749619680,31740.0,31740.0,31690.0,31690.0,5,2025-06-11 05:28:00
1749619740,31690.0,31730.0,31680.0,31680.0,13,2025-06-11 05:29:00
1749619800,31680.0,31720.0,31680.0,31720.0,1,2025-06-11 05:30:00
1749619860,31720.0,31720.0,31720.0,31720.0,0,2025-06-11 05:31:00
1749619920,31720.0,31720.0,31665.0,31665.0,7,2025-06-11 05:32:00
1749619980,31665.0,31740.0,31665.0,31740.0,11,2025-06-11 05:33:00
1749620040,31740.0,31740.0,31740.0,31740.0,5,2025-06-11 05:34:00
1749620100,31740.0,31745.0,31740.0,31745.0,1,2025-06-11 05:35:00
1749620160,31745.0,31745.0,31745.0,31745.0,9,2025-06-11 05:36:00
1749620220,31745.0,31745.0,31745.0,31745.0,2,2025-06-11 05:37:00
1749620280,31745.0,31745.0,31705.0,31705.0,1,2025-06-11 05:38:00
1749620340,31705.0,31705.0,31705.0,31705.0,1,2025-06-11 05:39:00
1749620400,31705.0,31705.0,31705.0,31705.0,0,2025-06-11 05:40:00
1749620460,31705.0,31705.0,31705.0,31705.0,0,2025-06-11 05:41:00
1749620520,31705.0,31705.0,31705.0,31705.0,0,2025-06-11 05:42:00
1749620580,31705.0,31725.0,31705.0,31725.0,1,2025-06-11 05:43:00
1749620640,31725.0,31725.0,31725.0,31725.0,0,2025-06-11 05:44:00
1749620700,31725.0,31725.0,31725.0,31725.0,0,2025-06-11 05:45:00
1749620760,31725.0,31740.0,31705.0,31740.0,6,2025-06-11 05:46:00
1749620820,31740.0,31740.0,31740.0,31740.0,0,2025-06-11 05:47:00
1749620880,31740.0,31740.0,31705.0,31740.0,2,2025-06-11 05:48:00
1749620940,31740.0,31740.0,31740.0,31740.0,0,2025-06-11 05:49:00
1749621000,31740.0,31740.0,31740.0,31740.0,0,2025-06-11 05:50:00
1749621060,31740.0,31740.0,31740.0,31740.0,0,2025-06-11 05:51:00
1749621120,31740.0,31740.0,31690.0,31690.0,1,2025-06-11 05:52:00
1749621180,31690.0,31690.0,31690.0,31690.0,0,2025-06-11 05:53:00
1749621240,31690.0,31690.0,31690.0,31690.0,0,2025-06-11 05:54:00
1749621300,31690.0,31690.0,31690.0,31690.0,2,2025-06-11 05:55:00
1749621360,31690.0,31695.0,31690.0,31695.0,1,2025-06-11 05:56:00
1749621420,31695.0,31730.0,31690.0,31690.0,4,2025-06-11 05:57:00
1749621480,31690.0,31690.0,31690.0,31690.0,0,2025-06-11 05:58:00
1749621540,31690.0,31725.0,31690.0,31725.0,1,2025-06-11 05:59:00
1749621600,31725.0,31725.0,31705.0,31705.0,2,2025-06-11 06:00:00
1749621660,31705.0,31705.0,31705.0,31705.0,0,2025-06-11 06:01:00
1749621720,31705.0,31705.0,31705.0,31705.0,5,2025-06-11 06:02:00
1749621780,31705.0,31705.0,31705.0,31705.0,3,2025-06-11 06:03:00
1749621840,31705.0,31705.0,31705.0,31705.0,0,2025-06-11 06:04:00
1749621900,31705.0,31705.0,31705.0,31705.0,0,2025-06-11 06:05:00
1749621960,31705.0,31705.0,31705.0,31705.0,0,2025-06-11 06:06:00
1749622020,31705.0,31705.0,31705.0,31705.0,2,2025-06-11 06:07:00
1749622080,31705.0,31705.0,31705.0,31705.0,0,2025-06-11 06:08:00
1749622140,31705.0,31705.0,31705.0,31705.0,0,2025-06-11 06:09:00
1749622200,31705.0,31730.0,31705.0,31730.0,2,2025-06-11 06:10:00
1749622260,31730.0,31730.0,31730.0,31730.0,0,2025-06-11 06:11:00
1749622320,31730.0,31730.0,31730.0,31730.0,0,2025-06-11 06:12:00
1749622380,31730.0,31730.0,31725.0,31725.0,1,2025-06-11 06:13:00
1749622440,31725.0,31725.0,31705.0,31705.0,1,2025-06-11 06:14:00
1749622500,31705.0,31705.0,31705.0,31705.0,0,2025-06-11 06:15:00
1749622560,31705.0,31725.0,31705.0,31725.0,1,2025-06-11 06:16:00
1749622620,31725.0,31725.0,31725.0,31725.0,0,2025-06-11 06:17:00
1749622680,31725.0,31725.0,31725.0,31725.0,0,2025-06-11 06:18:00
1749622740,31725.0,31725.0,31725.0,31725.0,0,2025-06-11 06:19:00
1749622800,31725.0,31725.0,31705.0,31705.0,1,2025-06-11 06:20:00
1749622860,31705.0,31705.0,31705.0,31705.0,1,2025-06-11 06:21:00
1749622920,31705.0,31705.0,31705.0,31705.0,0,2025-06-11 06:22:00
1749622980,31705.0,31705.0,31705.0,31705.0,1,2025-06-11 06:23:00
1749623040,31705.0,31705.0,31705.0,31705.0,0,2025-06-11 06:24:00
1749623100,31705.0,31705.0,31705.0,31705.0,4,2025-06-11 06:25:00
1749623160,31705.0,31730.0,31705.0,31705.0,2,2025-06-11 06:26:00
1749623220,31705.0,31705.0,31705.0,31705.0,0,2025-06-11 06:27:00
1749623280,31705.0,31705.0,31705.0,31705.0,0,2025-06-11 06:28:00
1749623340,31705.0,31730.0,31705.0,31730.0,3,2025-06-11 06:29:00
1749623400,31730.0,31730.0,31730.0,31730.0,0,2025-06-11 06:30:00
1749623460,31730.0,31730.0,31705.0,31705.0,2,2025-06-11 06:31:00
1749623520,31705.0,31705.0,31705.0,31705.0,2,2025-06-11 06:32:00
1749623580,31705.0,31705.0,31705.0,31705.0,0,2025-06-11 06:33:00
1749623640,31705.0,31730.0,31705.0,31730.0,5,2025-06-11 06:34:00
1749623700,31730.0,31730.0,31730.0,31730.0,1,2025-06-11 06:35:00
1749623760,31690.0,31690.0,31675.0,31675.0,3,2025-06-11 06:36:00
1749623820,31675.0,31700.0,31675.0,31675.0,5,2025-06-11 06:37:00
1749623880,31675.0,31675.0,31675.0,31675.0,0,2025-06-11 06:38:00
1749623940,31695.0,31700.0,31695.0,31700.0,7,2025-06-11 06:39:00
1749624000,31700.0,31700.0,31700.0,31700.0,2,2025-06-11 06:40:00
1749624060,31700.0,31710.0,31700.0,31710.0,3,2025-06-11 06:41:00
1749624120,31710.0,31710.0,31710.0,31710.0,3,2025-06-11 06:42:00
1749624180,31710.0,31710.0,31710.0,31710.0,0,2025-06-11 06:43:00
1749624240,31710.0,31710.0,31710.0,31710.0,1,2025-06-11 06:44:00
1749624300,31710.0,31710.0,31710.0,31710.0,0,2025-06-11 06:45:00
1749624360,31710.0,31730.0,31710.0,31730.0,3,2025-06-11 06:46:00
1749624420,31730.0,31730.0,31690.0,31690.0,7,2025-06-11 06:47:00
1749624480,31720.0,31720.0,31720.0,31720.0,1,2025-06-11 06:48:00
1749624540,31720.0,31720.0,31720.0,31720.0,0,2025-06-11 06:49:00
1749624600,31720.0,31720.0,31680.0,31680.0,1,2025-06-11 06:50:00
1749624660,31680.0,31680.0,31680.0,31680.0,0,2025-06-11 06:51:00
1749624720,31680.0,31680.0,31680.0,31680.0,0,2025-06-11 06:52:00
1749624780,31680.0,31720.0,31680.0,31720.0,1,2025-06-11 06:53:00
1749624840,31720.0,31720.0,31720.0,31720.0,0,2025-06-11 06:54:00
1749624900,31720.0,31720.0,31720.0,31720.0,1,2025-06-11 06:55:00
1749624960,31720.0,31750.0,31720.0,31750.0,53,2025-06-11 06:56:00
1749625020,31750.0,31750.0,31750.0,31750.0,0,2025-06-11 06:57:00
1749625080,31750.0,31750.0,31750.0,31750.0,4,2025-06-11 06:58:00
1749625140,31750.0,31750.0,31750.0,31750.0,0,2025-06-11 06:59:00
1749625200,31750.0,31750.0,31710.0,31710.0,1,2025-06-11 07:00:00
1749625260,31710.0,31710.0,31710.0,31710.0,0,2025-06-11 07:01:00
1749625320,31750.0,31750.0,31715.0,31715.0,3,2025-06-11 07:02:00
1749625380,31715.0,31715.0,31715.0,31715.0,0,2025-06-11 07:03:00
1749625440,31715.0,31750.0,31715.0,31750.0,2,2025-06-11 07:04:00
1749625500,31750.0,31750.0,31710.0,31710.0,3,2025-06-11 07:05:00
1749625560,31710.0,31710.0,31710.0,31710.0,0,2025-06-11 07:06:00
1749625620,31710.0,31710.0,31690.0,31690.0,11,2025-06-11 07:07:00
1749625680,31690.0,31735.0,31690.0,31735.0,1,2025-06-11 07:08:00
1749625740,31735.0,31735.0,31690.0,31690.0,9,2025-06-11 07:09:00
1749625800,31690.0,31690.0,31690.0,31690.0,0,2025-06-11 07:10:00
1749625860,31690.0,31695.0,31690.0,31695.0,1,2025-06-11 07:11:00
1749625920,31695.0,31695.0,31695.0,31695.0,0,2025-06-11 07:12:00
1749625980,31695.0,31745.0,31695.0,31745.0,29,2025-06-11 07:13:00
1749626040,31745.0,31745.0,31685.0,31690.0,12,2025-06-11 07:14:00
1749626100,31690.0,31690.0,31690.0,31690.0,0,2025-06-11 07:15:00
1749626160,31690.0,31730.0,31690.0,31730.0,1,2025-06-11 07:16:00
1749626220,31730.0,31730.0,31730.0,31730.0,0,2025-06-11 07:17:00
1749626280,31730.0,31730.0,31730.0,31730.0,0,2025-06-11 07:18:00
1749626340,31730.0,31730.0,31695.0,31695.0,1,2025-06-11 07:19:00
1749626400,31695.0,31720.0,31680.0,31680.0,30,2025-06-11 07:20:00
1749626460,31680.0,31680.0,31680.0,31680.0,1,2025-06-11 07:21:00
1749626520,31680.0,31680.0,31680.0,31680.0,0,2025-06-11 07:22:00
1749626580,31680.0,31680.0,31680.0,31680.0,0,2025-06-11 07:23:00
1749626640,31680.0,31710.0,31680.0,31710.0,1,2025-06-11 07:24:00
1749626700,31710.0,31710.0,31710.0,31710.0,1,2025-06-11 07:25:00
1749626760,31710.0,31710.0,31710.0,31710.0,1,2025-06-11 07:26:00
1749626820,31670.0,31670.0,31665.0,31665.0,20,2025-06-11 07:27:00
1749626880,31665.0,31700.0,31665.0,31700.0,2,2025-06-11 07:28:00
1749626940,31700.0,31700.0,31655.0,31700.0,12,2025-06-11 07:29:00
1749627000,31700.0,31700.0,31665.0,31700.0,20,2025-06-11 07:30:00
1749627060,31700.0,31700.0,31700.0,31700.0,0,2025-06-11 07:31:00
1749627120,31700.0,31700.0,31700.0,31700.0,0,2025-06-11 07:32:00
1749627180,31700.0,31700.0,31700.0,31700.0,0,2025-06-11 07:33:00
1749627240,31700.0,31700.0,31680.0,31680.0,1,2025-06-11 07:34:00
1749627300,31680.0,31680.0,31680.0,31680.0,1,2025-06-11 07:35:00
1749627360,31680.0,31680.0,31680.0,31680.0,0,2025-06-11 07:36:00
1749627420,31680.0,31680.0,31680.0,31680.0,0,2025-06-11 07:37:00
1749627480,31680.0,31680.0,31680.0,31680.0,0,2025-06-11 07:38:00
1749627540,31680.0,31680.0,31665.0,31665.0,4,2025-06-11 07:39:00
1749627600,31665.0,31665.0,31665.0,31665.0,1,2025-06-11 07:40:00
1749627660,31665.0,31690.0,31665.0,31690.0,1,2025-06-11 07:41:00
1749627720,31690.0,31690.0,31650.0,31690.0,6,2025-06-11 07:42:00
1749627780,31690.0,31690.0,31690.0,31690.0,0,2025-06-11 07:43:00
1749627840,31690.0,31690.0,31645.0,31645.0,14,2025-06-11 07:44:00
1749627900,31645.0,31645.0,31645.0,31645.0,0,2025-06-11 07:45:00
1749627960,31645.0,31645.0,31645.0,31645.0,4,2025-06-11 07:46:00
1749628020,31645.0,31645.0,31645.0,31645.0,1,2025-06-11 07:47:00
1749628080,31645.0,31680.0,31645.0,31680.0,3,2025-06-11 07:48:00
1749628140,31680.0,31690.0,31655.0,31655.0,6,2025-06-11 07:49:00
1749628200,31655.0,31690.0,31655.0,31690.0,1,2025-06-11 07:50:00
1749628260,31690.0,31690.0,31690.0,31690.0,0,2025-06-11 07:51:00
1749628320,31690.0,31690.0,31690.0,31690.0,0,2025-06-11 07:52:00
1749628380,31690.0,31690.0,31655.0,31655.0,3,2025-06-11 07:53:00
1749628440,31655.0,31655.0,31645.0,31645.0,6,2025-06-11 07:54:00
1749628500,31645.0,31645.0,31645.0,31645.0,0,2025-06-11 07:55:00
1749628560,31645.0,31645.0,31645.0,31645.0,0,2025-06-11 07:56:00
1749628620,31645.0,31675.0,31645.0,31675.0,1,2025-06-11 07:57:00
1749628680,31675.0,31675.0,31675.0,31675.0,0,2025-06-11 07:58:00
1749628740,31675.0,31675.0,31675.0,31675.0,0,2025-06-11 07:59:00
1749628800,31675.0,31675.0,31675.0,31675.0,0,2025-06-11 08:00:00
1749628860,31645.0,31645.0,31645.0,31645.0,63,2025-06-11 08:01:00
1749628920,31645.0,31645.0,31645.0,31645.0,1,2025-06-11 08:02:00
1749628980,31645.0,31645.0,31645.0,31645.0,7,2025-06-11 08:03:00
1749629040,31645.0,31645.0,31645.0,31645.0,0,2025-06-11 08:04:00
1749629100,31685.0,31685.0,31685.0,31685.0,5,2025-06-11 08:05:00
1749629160,31685.0,31685.0,31685.0,31685.0,0,2025-06-11 08:06:00
1749629220,31685.0,31685.0,31685.0,31685.0,0,2025-06-11 08:07:00
1749629280,31685.0,31685.0,31660.0,31660.0,1,2025-06-11 08:08:00
1749629340,31660.0,31660.0,31660.0,31660.0,0,2025-06-11 08:09:00
1749629400,31660.0,31660.0,31660.0,31660.0,0,2025-06-11 08:10:00
1749629460,31660.0,31660.0,31660.0,31660.0,0,2025-06-11 08:11:00
1749629520,31660.0,31690.0,31645.0,31690.0,3,2025-06-11 08:12:00
1749629580,31690.0,31690.0,31655.0,31655.0,4,2025-06-11 08:13:00
1749629640,31655.0,31655.0,31655.0,31655.0,0,2025-06-11 08:14:00
1749629700,31630.0,31640.0,31630.0,31635.0,130,2025-06-11 08:15:00
1749629760,31635.0,31635.0,31635.0,31635.0,0,2025-06-11 08:16:00
1749629820,31635.0,31665.0,31635.0,31665.0,85,2025-06-11 08:17:00
1749629880,31665.0,31665.0,31665.0,31665.0,1,2025-06-11 08:18:00
1749629940,31665.0,31665.0,31665.0,31665.0,0,2025-06-11 08:19:00
1749630000,31665.0,31665.0,31650.0,31650.0,3,2025-06-11 08:20:00
1749630060,31650.0,31690.0,31640.0,31690.0,9,2025-06-11 08:21:00
1749630120,31690.0,31690.0,31635.0,31635.0,3,2025-06-11 08:22:00
1749630180,31635.0,31635.0,31630.0,31630.0,3,2025-06-11 08:23:00
1749630240,31630.0,31630.0,31630.0,31630.0,0,2025-06-11 08:24:00
1749630300,31630.0,31630.0,31630.0,31630.0,0,2025-06-11 08:25:00
1749630360,31630.0,31630.0,31630.0,31630.0,0,2025-06-11 08:26:00
1749630420,31630.0,31640.0,31630.0,31640.0,2,2025-06-11 08:27:00
1749630480,31640.0,31640.0,31640.0,31640.0,0,2025-06-11 08:28:00
1749630540,31640.0,31640.0,31640.0,31640.0,0,2025-06-11 08:29:00
1749630600,31640.0,31640.0,31640.0,31640.0,5,2025-06-11 08:30:00
1749630660,31640.0,31660.0,31640.0,31660.0,4,2025-06-11 08:31:00
1749630720,31660.0,31670.0,31660.0,31660.0,8,2025-06-11 08:32:00
1749630780,31660.0,31660.0,31660.0,31660.0,1,2025-06-11 08:33:00
1749630840,31660.0,31660.0,31660.0,31660.0,0,2025-06-11 08:34:00
1749630900,31660.0,31660.0,31660.0,31660.0,0,2025-06-11 08:35:00
1749630960,31660.0,31660.0,31660.0,31660.0,0,2025-06-11 08:36:00
1749631020,31660.0,31660.0,31660.0,31660.0,0,2025-06-11 08:37:00
1749631080,31660.0,31660.0,31660.0,31660.0,0,2025-06-11 08:38:00
1749631140,31660.0,31660.0,31660.0,31660.0,0,2025-06-11 08:39:00
1749631200,31660.0,31660.0,31630.0,31630.0,22,2025-06-11 08:40:00
1749631260,31630.0,31660.0,31630.0,31660.0,4,2025-06-11 08:41:00
1749631320,31660.0,31660.0,31630.0,31630.0,2,2025-06-11 08:42:00
1749631380,31630.0,31640.0,31555.0,31640.0,319,2025-06-11 08:43:00
1749631440,31640.0,31640.0,31630.0,31630.0,9,2025-06-11 08:44:00
1749631500,31630.0,31630.0,31630.0,31630.0,0,2025-06-11 08:45:00
1749631560,31630.0,31635.0,31630.0,31630.0,2,2025-06-11 08:46:00
1749631620,31630.0,31670.0,31630.0,31670.0,5,2025-06-11 08:47:00
1749631680,31675.0,31675.0,31640.0,31640.0,2,2025-06-11 08:48:00
1749631740,31640.0,31640.0,31640.0,31640.0,0,2025-06-11 08:49:00
1749631800,31640.0,31640.0,31640.0,31640.0,1,2025-06-11 08:50:00
1749631860,31640.0,31675.0,31640.0,31675.0,3,2025-06-11 08:51:00
1749631920,31675.0,31700.0,31675.0,31695.0,15,2025-06-11 08:52:00
1749631980,31695.0,31705.0,31695.0,31705.0,5,2025-06-11 08:53:00
1749632040,31705.0,31705.0,31665.0,31665.0,3,2025-06-11 08:54:00
1749632100,31665.0,31700.0,31665.0,31700.0,1,2025-06-11 08:55:00
1749632160,31700.0,31700.0,31700.0,31700.0,0,2025-06-11 08:56:00
1749632220,31700.0,31700.0,31700.0,31700.0,0,2025-06-11 08:57:00
1749632280,31700.0,31700.0,31700.0,31700.0,1,2025-06-11 08:58:00
1749632340,31700.0,31705.0,31700.0,31705.0,1,2025-06-11 08:59:00
1749632400,31705.0,31705.0,31655.0,31700.0,7,2025-06-11 09:00:00
1749632460,31700.0,31700.0,31645.0,31645.0,5,2025-06-11 09:01:00
1749632520,31645.0,31645.0,31645.0,31645.0,0,2025-06-11 09:02:00
1749632580,31645.0,31675.0,31645.0,31675.0,1,2025-06-11 09:03:00
1749632640,31675.0,31675.0,31675.0,31675.0,0,2025-06-11 09:04:00
1749632700,31675.0,31675.0,31675.0,31675.0,0,2025-06-11 09:05:00
1749632760,31675.0,31675.0,31675.0,31675.0,2,2025-06-11 09:06:00
1749632820,31675.0,31675.0,31675.0,31675.0,0,2025-06-11 09:07:00
1749632880,31675.0,31675.0,31675.0,31675.0,1,2025-06-11 09:08:00
1749632940,31675.0,31675.0,31675.0,31675.0,0,2025-06-11 09:09:00
1749633000,31675.0,31675.0,31660.0,31660.0,1,2025-06-11 09:10:00
1749633060,31660.0,31660.0,31660.0,31660.0,0,2025-06-11 09:11:00
1749633120,31660.0,31675.0,31655.0,31675.0,2,2025-06-11 09:12:00
1749633180,31675.0,31675.0,31675.0,31675.0,0,2025-06-11 09:13:00
1749633240,31675.0,31675.0,31655.0,31655.0,4,2025-06-11 09:14:00
1749633300,31655.0,31655.0,31650.0,31650.0,1,2025-06-11 09:15:00
1749633360,31650.0,31650.0,31650.0,31650.0,0,2025-06-11 09:16:00
1749633420,31650.0,31650.0,31630.0,31630.0,8,2025-06-11 09:17:00
1749633480,31630.0,31630.0,31630.0,31630.0,0,2025-06-11 09:18:00
1749633540,31630.0,31650.0,31630.0,31650.0,2,2025-06-11 09:19:00
1749633600,31650.0,31650.0,31650.0,31650.0,0,2025-06-11 09:20:00
1749633660,31650.0,31650.0,31635.0,31635.0,1,2025-06-11 09:21:00
1749633720,31635.0,31635.0,31635.0,31635.0,0,2025-06-11 09:22:00
1749633780,31635.0,31635.0,31635.0,31635.0,0,2025-06-11 09:23:00
1749633840,31635.0,31635.0,31635.0,31635.0,0,2025-06-11 09:24:00
1749633900,31635.0,31635.0,31630.0,31630.0,1,2025-06-11 09:25:00
1749633960,31630.0,31630.0,31630.0,31630.0,20,2025-06-11 09:26:00
1749634020,31630.0,31665.0,31630.0,31665.0,1,2025-06-11 09:27:00
1749634080,31665.0,31665.0,31630.0,31630.0,1,2025-06-11 09:28:00
1749634140,31630.0,31630.0,31630.0,31630.0,1,2025-06-11 09:29:00
1749634200,31630.0,31660.0,31630.0,31660.0,5,2025-06-11 09:30:00
1749634260,31660.0,31660.0,31660.0,31660.0,0,2025-06-11 09:31:00
1749634320,31660.0,31660.0,31630.0,31660.0,116,2025-06-11 09:32:00
1749634380,31660.0,31660.0,31630.0,31630.0,5,2025-06-11 09:33:00
1749634440,31630.0,31670.0,31630.0,31670.0,18,2025-06-11 09:34:00
1749634500,31690.0,31700.0,31690.0,31700.0,7,2025-06-11 09:35:00
1749634560,31700.0,31700.0,31700.0,31700.0,0,2025-06-11 09:36:00
1749634620,31700.0,31700.0,31685.0,31685.0,2,2025-06-11 09:37:00
1749634680,31685.0,31700.0,31685.0,31700.0,3,2025-06-11 09:38:00
1749634740,31700.0,31700.0,31700.0,31700.0,0,2025-06-11 09:39:00
1749634800,31700.0,31700.0,31700.0,31700.0,3,2025-06-11 09:40:00
1749634860,31700.0,31700.0,31670.0,31670.0,2,2025-06-11 09:41:00
1749634920,31670.0,31700.0,31670.0,31700.0,2,2025-06-11 09:42:00
1749634980,31670.0,31695.0,31670.0,31690.0,22,2025-06-11 09:43:00
1749635040,31690.0,31690.0,31640.0,31640.0,13,2025-06-11 09:44:00
1749635100,31680.0,31680.0,31630.0,31635.0,47,2025-06-11 09:45:00
1749635160,31635.0,31675.0,31630.0,31675.0,4,2025-06-11 09:46:00
1749635220,31675.0,31675.0,31675.0,31675.0,0,2025-06-11 09:47:00
1749635280,31675.0,31675.0,31630.0,31630.0,5,2025-06-11 09:48:00
1749635340,31630.0,31670.0,31630.0,31670.0,19,2025-06-11 09:49:00
1749635400,31670.0,31670.0,31630.0,31630.0,145,2025-06-11 09:50:00
1749635460,31630.0,31635.0,31630.0,31635.0,37,2025-06-11 09:51:00
1749635520,31635.0,31635.0,31630.0,31630.0,2,2025-06-11 09:52:00
1749635580,31630.0,31635.0,31630.0,31630.0,125,2025-06-11 09:53:00
1749635640,31630.0,31635.0,31630.0,31630.0,21,2025-06-11 09:54:00
1749635700,31630.0,31635.0,31630.0,31635.0,28,2025-06-11 09:55:00
1749635760,31635.0,31635.0,31630.0,31630.0,35,2025-06-11 09:56:00
1749635820,31630.0,31635.0,31630.0,31635.0,30,2025-06-11 09:57:00
1749635880,31630.0,31630.0,31630.0,31630.0,3,2025-06-11 09:58:00
1749635940,31630.0,31630.0,31540.0,31560.0,162,2025-06-11 09:59:00
1749699900,31640.0,31790.0,31640.0,31785.0,20,2025-06-12 03:45:00
1749699960,31785.0,31785.0,31660.0,31660.0,16,2025-06-12 03:46:00
1749700020,31660.0,31725.0,31660.0,31695.0,9,2025-06-12 03:47:00
1749700080,31695.0,31765.0,31695.0,31750.0,6,2025-06-12 03:48:00
1749700140,31710.0,31715.0,31710.0,31715.0,2,2025-06-12 03:49:00
1749700200,31715.0,31850.0,31715.0,31750.0,64,2025-06-12 03:50:00
1749700260,31750.0,31835.0,31750.0,31770.0,10,2025-06-12 03:51:00
1749700320,31770.0,31835.0,31765.0,31770.0,9,2025-06-12 03:52:00
1749700380,31770.0,31775.0,31770.0,31775.0,2,2025-06-12 03:53:00
1749700440,31775.0,31800.0,31760.0,31795.0,23,2025-06-12 03:54:00
1749700500,31795.0,31800.0,31755.0,31790.0,85,2025-06-12 03:55:00
1749700560,31790.0,31790.0,31755.0,31760.0,18,2025-06-12 03:56:00
1749700620,31760.0,31760.0,31760.0,31760.0,3,2025-06-12 03:57:00
1749700680,31760.0,31785.0,31735.0,31735.0,122,2025-06-12 03:58:00
1749700740,31710.0,31710.0,31705.0,31705.0,5,2025-06-12 03:59:00
1749700800,31705.0,31710.0,31705.0,31710.0,6,2025-06-12 04:00:00
1749700860,31710.0,31710.0,31705.0,31705.0,7,2025-06-12 04:01:00
1749700920,31705.0,31705.0,31650.0,31650.0,42,2025-06-12 04:02:00
1749700980,31650.0,31650.0,31650.0,31650.0,2,2025-06-12 04:03:00
1749701040,31650.0,31680.0,31650.0,31650.0,7,2025-06-12 04:04:00
1749701100,31650.0,31695.0,31650.0,31695.0,8,2025-06-12 04:05:00
1749701160,31665.0,31710.0,31665.0,31710.0,10,2025-06-12 04:06:00
1749701220,31710.0,31710.0,31660.0,31660.0,3,2025-06-12 04:07:00
1749701280,31660.0,31695.0,31660.0,31695.0,3,2025-06-12 04:08:00
1749701340,31655.0,31720.0,31655.0,31685.0,14,2025-06-12 04:09:00
1749701400,31685.0,31725.0,31680.0,31690.0,8,2025-06-12 04:10:00
1749701460,31690.0,31695.0,31690.0,31690.0,3,2025-06-12 04:11:00
1749701520,31695.0,31750.0,31690.0,31690.0,14,2025-06-12 04:12:00
1749701580,31690.0,31700.0,31690.0,31700.0,2,2025-06-12 04:13:00
1749701640,31700.0,31740.0,31695.0,31695.0,11,2025-06-12 04:14:00
1749701700,31705.0,31705.0,31665.0,31680.0,27,2025-06-12 04:15:00
1749701760,31680.0,31680.0,31660.0,31660.0,5,2025-06-12 04:16:00
1749701820,31660.0,31660.0,31660.0,31660.0,5,2025-06-12 04:17:00
1749701880,31660.0,31660.0,31650.0,31650.0,5,2025-06-12 04:18:00
1749701940,31650.0,31650.0,31635.0,31635.0,75,2025-06-12 04:19:00
1749702000,31635.0,31660.0,31610.0,31660.0,23,2025-06-12 04:20:00
1749702060,31660.0,31660.0,31655.0,31655.0,8,2025-06-12 04:21:00
1749702120,31655.0,31655.0,31630.0,31630.0,32,2025-06-12 04:22:00
1749702180,31630.0,31640.0,31610.0,31610.0,8,2025-06-12 04:23:00
1749702240,31615.0,31650.0,31615.0,31650.0,4,2025-06-12 04:24:00
1749702300,31650.0,31655.0,31650.0,31650.0,5,2025-06-12 04:25:00
1749702360,31650.0,31650.0,31650.0,31650.0,1,2025-06-12 04:26:00
1749702420,31650.0,31650.0,31650.0,31650.0,1,2025-06-12 04:27:00
1749702480,31650.0,31695.0,31650.0,31695.0,9,2025-06-12 04:28:00
1749702540,31690.0,31690.0,31665.0,31665.0,4,2025-06-12 04:29:00
1749702600,31665.0,31695.0,31655.0,31695.0,11,2025-06-12 04:30:00
1749702660,31695.0,31695.0,31650.0,31650.0,3,2025-06-12 04:31:00
1749702720,31650.0,31650.0,31650.0,31650.0,2,2025-06-12 04:32:00
1749702780,31650.0,31650.0,31650.0,31650.0,0,2025-06-12 04:33:00
1749702840,31650.0,31650.0,31650.0,31650.0,1,2025-06-12 04:34:00
1749702900,31650.0,31650.0,31650.0,31650.0,1,2025-06-12 04:35:00
1749702960,31625.0,31650.0,31625.0,31650.0,7,2025-06-12 04:36:00
1749703020,31650.0,31675.0,31650.0,31675.0,2,2025-06-12 04:37:00
1749703080,31675.0,31695.0,31675.0,31695.0,7,2025-06-12 04:38:00
1749703140,31695.0,31695.0,31655.0,31655.0,2,2025-06-12 04:39:00
1749703200,31655.0,31690.0,31655.0,31660.0,3,2025-06-12 04:40:00
1749703260,31660.0,31660.0,31660.0,31660.0,1,2025-06-12 04:41:00
1749703320,31660.0,31660.0,31655.0,31655.0,1,2025-06-12 04:42:00
1749703380,31655.0,31655.0,31655.0,31655.0,0,2025-06-12 04:43:00
1749703440,31655.0,31670.0,31655.0,31670.0,2,2025-06-12 04:44:00
1749703500,31670.0,31720.0,31660.0,31680.0,12,2025-06-12 04:45:00
1749703560,31680.0,31680.0,31670.0,31670.0,1,2025-06-12 04:46:00
1749703620,31670.0,31675.0,31670.0,31675.0,1,2025-06-12 04:47:00
1749703680,31675.0,31705.0,31675.0,31705.0,1,2025-06-12 04:48:00
1749703740,31705.0,31720.0,31680.0,31720.0,2,2025-06-12 04:49:00
1749703800,31720.0,31720.0,31690.0,31690.0,2,2025-06-12 04:50:00
1749703860,31690.0,31690.0,31685.0,31685.0,1,2025-06-12 04:51:00
1749703920,31685.0,31685.0,31680.0,31680.0,1,2025-06-12 04:52:00
1749703980,31680.0,31680.0,31680.0,31680.0,0,2025-06-12 04:53:00
1749704040,31680.0,31680.0,31680.0,31680.0,1,2025-06-12 04:54:00
1749704100,31680.0,31680.0,31680.0,31680.0,4,2025-06-12 04:55:00
1749704160,31680.0,31700.0,31660.0,31660.0,15,2025-06-12 04:56:00
1749704220,31660.0,31665.0,31660.0,31665.0,1,2025-06-12 04:57:00
1749704280,31660.0,31660.0,31660.0,31660.0,3,2025-06-12 04:58:00
1749704340,31665.0,31665.0,31665.0,31665.0,1,2025-06-12 04:59:00
1749704400,31665.0,31685.0,31655.0,31685.0,2,2025-06-12 05:00:00
1749704460,31685.0,31685.0,31655.0,31655.0,1,2025-06-12 05:01:00
1749704520,31655.0,31655.0,31655.0,31655.0,1,2025-06-12 05:02:00
1749704580,31655.0,31655.0,31655.0,31655.0,15,2025-06-12 05:03:00
1749704640,31655.0,31655.0,31655.0,31655.0,1,2025-06-12 05:04:00
1749704700,31655.0,31700.0,31655.0,31700.0,4,2025-06-12 05:05:00
1749704760,31700.0,31700.0,31660.0,31660.0,1,2025-06-12 05:06:00
1749704820,31660.0,31660.0,31655.0,31655.0,1,2025-06-12 05:07:00
1749704880,31655.0,31690.0,31655.0,31690.0,1,2025-06-12 05:08:00
1749704940,31690.0,31690.0,31655.0,31655.0,2,2025-06-12 05:09:00
1749705000,31655.0,31655.0,31655.0,31655.0,1,2025-06-12 05:10:00
1749705060,31655.0,31685.0,31655.0,31685.0,6,2025-06-12 05:11:00
1749705120,31685.0,31685.0,31660.0,31660.0,1,2025-06-12 05:12:00
1749705180,31660.0,31690.0,31660.0,31690.0,2,2025-06-12 05:13:00
1749705240,31655.0,31655.0,31655.0,31655.0,1,2025-06-12 05:14:00
1749705300,31655.0,31690.0,31655.0,31690.0,4,2025-06-12 05:15:00
1749705360,31690.0,31690.0,31660.0,31660.0,2,2025-06-12 05:16:00
1749705420,31660.0,31665.0,31660.0,31665.0,1,2025-06-12 05:17:00
1749705480,31665.0,31705.0,31665.0,31705.0,4,2025-06-12 05:18:00
1749705540,31665.0,31700.0,31665.0,31665.0,3,2025-06-12 05:19:00
1749705600,31665.0,31665.0,31665.0,31665.0,4,2025-06-12 05:20:00
1749705660,31665.0,31665.0,31665.0,31665.0,1,2025-06-12 05:21:00
1749705720,31665.0,31665.0,31665.0,31665.0,1,2025-06-12 05:22:00
1749705780,31665.0,31700.0,31665.0,31700.0,3,2025-06-12 05:23:00
1749705840,31665.0,31665.0,31660.0,31660.0,2,2025-06-12 05:24:00
1749705900,31660.0,31665.0,31660.0,31665.0,1,2025-06-12 05:25:00
1749705960,31665.0,31665.0,31660.0,31665.0,3,2025-06-12 05:26:00
1749706020,31665.0,31665.0,31655.0,31655.0,1,2025-06-12 05:27:00
1749706080,31655.0,31655.0,31655.0,31655.0,1,2025-06-12 05:28:00
1749706140,31655.0,31655.0,31655.0,31655.0,1,2025-06-12 05:29:00
1749706200,31655.0,31660.0,31655.0,31660.0,1,2025-06-12 05:30:00
1749706260,31660.0,31685.0,31660.0,31685.0,2,2025-06-12 05:31:00
1749706320,31685.0,31685.0,31665.0,31665.0,1,2025-06-12 05:32:00
1749706380,31665.0,31665.0,31665.0,31665.0,1,2025-06-12 05:33:00
1749706440,31665.0,31690.0,31665.0,31690.0,2,2025-06-12 05:34:00
1749706500,31690.0,31690.0,31665.0,31665.0,1,2025-06-12 05:35:00
1749706560,31665.0,31695.0,31665.0,31695.0,6,2025-06-12 05:36:00
1749706620,31695.0,31695.0,31665.0,31695.0,6,2025-06-12 05:37:00
1749706680,31695.0,31695.0,31695.0,31695.0,3,2025-06-12 05:38:00
1749706740,31665.0,31665.0,31665.0,31665.0,1,2025-06-12 05:39:00
1749706800,31665.0,31665.0,31660.0,31660.0,1,2025-06-12 05:40:00
1749706860,31660.0,31660.0,31660.0,31660.0,1,2025-06-12 05:41:00
1749706920,31660.0,31660.0,31660.0,31660.0,1,2025-06-12 05:42:00
1749706980,31660.0,31660.0,31655.0,31655.0,10,2025-06-12 05:43:00
1749707040,31655.0,31655.0,31655.0,31655.0,1,2025-06-12 05:44:00
1749707100,31655.0,31680.0,31655.0,31680.0,3,2025-06-12 05:45:00
1749707160,31680.0,31680.0,31655.0,31655.0,1,2025-06-12 05:46:00
1749707220,31655.0,31660.0,31655.0,31660.0,1,2025-06-12 05:47:00
1749707280,31660.0,31660.0,31600.0,31645.0,95,2025-06-12 05:48:00
1749707340,31610.0,31645.0,31600.0,31645.0,24,2025-06-12 05:49:00
1749707400,31645.0,31675.0,31645.0,31675.0,5,2025-06-12 05:50:00
1749707460,31675.0,31675.0,31650.0,31650.0,1,2025-06-12 05:51:00
1749707520,31650.0,31650.0,31650.0,31650.0,1,2025-06-12 05:52:00
1749707580,31650.0,31650.0,31650.0,31650.0,0,2025-06-12 05:53:00
1749707640,31650.0,31650.0,31650.0,31650.0,1,2025-06-12 05:54:00
1749707700,31650.0,31650.0,31650.0,31650.0,2,2025-06-12 05:55:00
1749707760,31650.0,31650.0,31650.0,31650.0,1,2025-06-12 05:56:00
1749707820,31650.0,31665.0,31650.0,31650.0,2,2025-06-12 05:57:00
1749707880,31650.0,31650.0,31650.0,31650.0,0,2025-06-12 05:58:00
1749707940,31650.0,31650.0,31650.0,31650.0,2,2025-06-12 05:59:00
1749708000,31650.0,31650.0,31650.0,31650.0,4,2025-06-12 06:00:00
1749708060,31650.0,31650.0,31650.0,31650.0,1,2025-06-12 06:01:00
1749708120,31650.0,31665.0,31650.0,31650.0,2,2025-06-12 06:02:00
1749708180,31650.0,31665.0,31650.0,31665.0,1,2025-06-12 06:03:00
1749708240,31650.0,31670.0,31650.0,31670.0,2,2025-06-12 06:04:00
1749708300,31670.0,31670.0,31650.0,31650.0,2,2025-06-12 06:05:00
1749708360,31650.0,31650.0,31650.0,31650.0,2,2025-06-12 06:06:00
1749708420,31650.0,31650.0,31650.0,31650.0,1,2025-06-12 06:07:00
1749708480,31650.0,31675.0,31650.0,31675.0,1,2025-06-12 06:08:00
1749708540,31650.0,31665.0,31650.0,31665.0,2,2025-06-12 06:09:00
1749708600,31665.0,31665.0,31650.0,31650.0,3,2025-06-12 06:10:00
1749708660,31650.0,31650.0,31650.0,31650.0,1,2025-06-12 06:11:00
1749708720,31650.0,31650.0,31630.0,31650.0,11,2025-06-12 06:12:00
1749708780,31650.0,31650.0,31650.0,31650.0,1,2025-06-12 06:13:00
1749708840,31650.0,31650.0,31650.0,31650.0,1,2025-06-12 06:14:00
1749708900,31650.0,31650.0,31650.0,31650.0,2,2025-06-12 06:15:00
1749708960,31650.0,31650.0,31650.0,31650.0,1,2025-06-12 06:16:00
1749709020,31650.0,31650.0,31650.0,31650.0,1,2025-06-12 06:17:00
1749709080,31650.0,31650.0,31650.0,31650.0,0,2025-06-12 06:18:00
1749709140,31620.0,31660.0,31620.0,31660.0,10,2025-06-12 06:19:00
1749709200,31650.0,31650.0,31650.0,31650.0,5,2025-06-12 06:20:00
1749709260,31650.0,31650.0,31625.0,31650.0,6,2025-06-12 06:21:00
1749709320,31650.0,31650.0,31610.0,31610.0,12,2025-06-12 06:22:00
1749709380,31650.0,31650.0,31595.0,31650.0,23,2025-06-12 06:23:00
1749709440,31650.0,31650.0,31635.0,31650.0,10,2025-06-12 06:24:00
1749709500,31650.0,31650.0,31635.0,31650.0,6,2025-06-12 06:25:00
1749709560,31650.0,31650.0,31610.0,31650.0,5,2025-06-12 06:26:00
1749709620,31650.0,31650.0,31620.0,31650.0,10,2025-06-12 06:27:00
1749709680,31650.0,31655.0,31635.0,31655.0,11,2025-06-12 06:28:00
1749709740,31650.0,31675.0,31650.0,31650.0,5,2025-06-12 06:29:00
1749709800,31650.0,31655.0,31625.0,31650.0,6,2025-06-12 06:30:00
1749709860,31650.0,31655.0,31615.0,31645.0,8,2025-06-12 06:31:00
1749709920,31645.0,31650.0,31645.0,31650.0,3,2025-06-12 06:32:00
1749709980,31650.0,31650.0,31650.0,31650.0,3,2025-06-12 06:33:00
1749710040,31650.0,31650.0,31650.0,31650.0,1,2025-06-12 06:34:00
1749710100,31650.0,31650.0,31650.0,31650.0,2,2025-06-12 06:35:00
1749710160,31650.0,31650.0,31650.0,31650.0,2,2025-06-12 06:36:00
1749710220,31650.0,31650.0,31650.0,31650.0,1,2025-06-12 06:37:00
1749710280,31650.0,31650.0,31650.0,31650.0,2,2025-06-12 06:38:00
1749710340,31650.0,31650.0,31650.0,31650.0,1,2025-06-12 06:39:00
1749710400,31650.0,31675.0,31650.0,31650.0,4,2025-06-12 06:40:00
1749710460,31650.0,31650.0,31650.0,31650.0,4,2025-06-12 06:41:00
1749710520,31650.0,31675.0,31650.0,31650.0,4,2025-06-12 06:42:00
1749710580,31650.0,31650.0,31650.0,31650.0,1,2025-06-12 06:43:00
1749710640,31650.0,31650.0,31650.0,31650.0,1,2025-06-12 06:44:00
1749710700,31650.0,31675.0,31650.0,31650.0,4,2025-06-12 06:45:00
1749710760,31650.0,31650.0,31650.0,31650.0,5,2025-06-12 06:46:00
1749710820,31650.0,31650.0,31650.0,31650.0,0,2025-06-12 06:47:00
1749710880,31650.0,31650.0,31650.0,31650.0,1,2025-06-12 06:48:00
1749710940,31650.0,31675.0,31650.0,31675.0,3,2025-06-12 06:49:00
1749711000,31675.0,31675.0,31650.0,31650.0,1,2025-06-12 06:50:00
1749711060,31650.0,31650.0,31530.0,31530.0,919,2025-06-12 06:51:00
1749711120,31525.0,31525.0,31525.0,31525.0,19,2025-06-12 06:52:00
1749711180,31510.0,31510.0,31485.0,31485.0,22,2025-06-12 06:53:00
1749711240,31485.0,31490.0,31485.0,31490.0,1,2025-06-12 06:54:00
1749711300,31490.0,31490.0,31430.0,31430.0,29,2025-06-12 06:55:00
1749711360,31430.0,31465.0,31425.0,31425.0,11,2025-06-12 06:56:00
1749711420,31425.0,31425.0,31425.0,31425.0,0,2025-06-12 06:57:00
1749711480,31425.0,31425.0,31425.0,31425.0,0,2025-06-12 06:58:00
1749711540,31425.0,31425.0,31425.0,31425.0,0,2025-06-12 06:59:00
1749711600,31425.0,31475.0,31425.0,31475.0,19,2025-06-12 07:00:00
1749711660,31475.0,31475.0,31435.0,31435.0,1,2025-06-12 07:01:00
1749711720,31435.0,31470.0,31435.0,31470.0,3,2025-06-12 07:02:00
1749711780,31470.0,31470.0,31470.0,31470.0,1,2025-06-12 07:03:00
1749711840,31470.0,31470.0,31470.0,31470.0,0,2025-06-12 07:04:00
1749711900,31470.0,31475.0,31440.0,31470.0,3,2025-06-12 07:05:00
1749711960,31470.0,31470.0,31430.0,31430.0,1,2025-06-12 07:06:00
1749712020,31430.0,31430.0,31410.0,31410.0,20,2025-06-12 07:07:00
1749712080,31410.0,31410.0,31410.0,31410.0,0,2025-06-12 07:08:00
1749712140,31410.0,31410.0,31410.0,31410.0,0,2025-06-12 07:09:00
1749712200,31410.0,31420.0,31400.0,31420.0,5,2025-06-12 07:10:00
1749712260,31420.0,31420.0,31420.0,31420.0,0,2025-06-12 07:11:00
1749712320,31420.0,31455.0,31420.0,31425.0,2,2025-06-12 07:12:00
1749712380,31425.0,31450.0,31420.0,31420.0,22,2025-06-12 07:13:00
1749712440,31420.0,31420.0,31420.0,31420.0,17,2025-06-12 07:14:00
1749712500,31420.0,31440.0,31420.0,31440.0,1,2025-06-12 07:15:00
1749712560,31465.0,31470.0,31465.0,31470.0,2,2025-06-12 07:16:00
1749712620,31470.0,31470.0,31470.0,31470.0,0,2025-06-12 07:17:00
1749712680,31470.0,31530.0,31470.0,31530.0,48,2025-06-12 07:18:00
1749712740,31530.0,31530.0,31530.0,31530.0,0,2025-06-12 07:19:00
1749712800,31530.0,31535.0,31505.0,31535.0,3,2025-06-12 07:20:00
1749712860,31535.0,31535.0,31510.0,31510.0,1,2025-06-12 07:21:00
1749712920,31510.0,31510.0,31510.0,31510.0,0,2025-06-12 07:22:00
1749712980,31510.0,31510.0,31510.0,31510.0,0,2025-06-12 07:23:00
1749713040,31510.0,31510.0,31510.0,31510.0,1,2025-06-12 07:24:00
1749713100,31510.0,31525.0,31510.0,31525.0,1,2025-06-12 07:25:00
1749713160,31525.0,31525.0,31500.0,31500.0,118,2025-06-12 07:26:00
1749713220,31500.0,31585.0,31490.0,31585.0,21,2025-06-12 07:27:00
1749713280,31525.0,31565.0,31525.0,31565.0,11,2025-06-12 07:28:00
1749713340,31565.0,31565.0,31565.0,31565.0,0,2025-06-12 07:29:00
1749713400,31565.0,31565.0,31550.0,31565.0,8,2025-06-12 07:30:00
1749713460,31565.0,31565.0,31565.0,31565.0,0,2025-06-12 07:31:00
1749713520,31565.0,31565.0,31550.0,31550.0,6,2025-06-12 07:32:00
1749713580,31550.0,31555.0,31550.0,31555.0,6,2025-06-12 07:33:00
1749713640,31555.0,31555.0,31550.0,31550.0,2,2025-06-12 07:34:00
1749713700,31550.0,31585.0,31550.0,31585.0,4,2025-06-12 07:35:00
1749713760,31585.0,31600.0,31585.0,31600.0,12,2025-06-12 07:36:00
1749713820,31600.0,31600.0,31600.0,31600.0,0,2025-06-12 07:37:00
1749713880,31600.0,31600.0,31600.0,31600.0,7,2025-06-12 07:38:00
1749713940,31600.0,31625.0,31600.0,31625.0,1,2025-06-12 07:39:00
1749714000,31625.0,31625.0,31600.0,31625.0,11,2025-06-12 07:40:00
1749714060,31625.0,31630.0,31600.0,31630.0,14,2025-06-12 07:41:00
1749714120,31630.0,31630.0,31630.0,31630.0,0,2025-06-12 07:42:00
1749714180,31630.0,31630.0,31630.0,31630.0,0,2025-06-12 07:43:00
1749714240,31630.0,31630.0,31615.0,31615.0,2,2025-06-12 07:44:00
1749714300,31615.0,31615.0,31605.0,31605.0,1,2025-06-12 07:45:00
1749714360,31605.0,31605.0,31605.0,31605.0,1,2025-06-12 07:46:00
1749714420,31605.0,31605.0,31605.0,31605.0,0,2025-06-12 07:47:00
1749714480,31605.0,31605.0,31605.0,31605.0,0,2025-06-12 07:48:00
1749714540,31605.0,31605.0,31605.0,31605.0,0,2025-06-12 07:49:00
1749714600,31605.0,31625.0,31600.0,31600.0,4,2025-06-12 07:50:00
1749714660,31600.0,31600.0,31600.0,31600.0,0,2025-06-12 07:51:00
1749714720,31600.0,31600.0,31600.0,31600.0,0,2025-06-12 07:52:00
1749714780,31600.0,31600.0,31600.0,31600.0,0,2025-06-12 07:53:00
1749714840,31600.0,31600.0,31585.0,31585.0,154,2025-06-12 07:54:00
1749714900,31585.0,31585.0,31510.0,31510.0,56,2025-06-12 07:55:00
1749714960,31510.0,31510.0,31510.0,31510.0,0,2025-06-12 07:56:00
1749715020,31510.0,31560.0,31510.0,31560.0,3,2025-06-12 07:57:00
1749715080,31560.0,31560.0,31555.0,31555.0,4,2025-06-12 07:58:00
1749715140,31555.0,31560.0,31555.0,31560.0,17,2025-06-12 07:59:00
1749715200,31560.0,31560.0,31510.0,31510.0,16,2025-06-12 08:00:00
1749715260,31510.0,31555.0,31510.0,31555.0,7,2025-06-12 08:01:00
1749715320,31555.0,31585.0,31555.0,31560.0,8,2025-06-12 08:02:00
1749715380,31560.0,31595.0,31560.0,31590.0,40,2025-06-12 08:03:00
1749715440,31590.0,31590.0,31590.0,31590.0,1,2025-06-12 08:04:00
1749715500,31590.0,31600.0,31590.0,31600.0,2,2025-06-12 08:05:00
1749715560,31600.0,31620.0,31600.0,31600.0,2,2025-06-12 08:06:00
1749715620,31600.0,31600.0,31600.0,31600.0,0,2025-06-12 08:07:00
1749715680,31605.0,31630.0,31605.0,31630.0,4,2025-06-12 08:08:00
1749715740,31630.0,31640.0,31630.0,31640.0,5,2025-06-12 08:09:00
1749715800,31640.0,31640.0,31605.0,31605.0,3,2025-06-12 08:10:00
1749715860,31605.0,31620.0,31605.0,31620.0,6,2025-06-12 08:11:00
1749715920,31620.0,31620.0,31605.0,31605.0,3,2025-06-12 08:12:00
1749715980,31605.0,31610.0,31605.0,31610.0,4,2025-06-12 08:13:00
1749716040,31610.0,31610.0,31575.0,31575.0,7,2025-06-12 08:14:00
1749716100,31575.0,31575.0,31570.0,31570.0,1,2025-06-12 08:15:00
1749716160,31570.0,31570.0,31570.0,31570.0,0,2025-06-12 08:16:00
1749716220,31570.0,31570.0,31570.0,31570.0,1,2025-06-12 08:17:00
1749716280,31570.0,31570.0,31555.0,31555.0,6,2025-06-12 08:18:00
1749716340,31555.0,31575.0,31555.0,31575.0,2,2025-06-12 08:19:00
1749716400,31575.0,31585.0,31565.0,31585.0,13,2025-06-12 08:20:00
1749716460,31585.0,31585.0,31555.0,31555.0,49,2025-06-12 08:21:00
1749716520,31555.0,31555.0,31555.0,31555.0,0,2025-06-12 08:22:00
1749716580,31555.0,31555.0,31555.0,31555.0,0,2025-06-12 08:23:00
1749716640,31555.0,31640.0,31555.0,31640.0,18,2025-06-12 08:24:00
1749716700,31620.0,31645.0,31610.0,31610.0,23,2025-06-12 08:25:00
1749716760,31610.0,31610.0,31610.0,31610.0,2,2025-06-12 08:26:00
1749716820,31610.0,31610.0,31610.0,31610.0,0,2025-06-12 08:27:00
1749716880,31610.0,31610.0,31610.0,31610.0,0,2025-06-12 08:28:00
1749716940,31610.0,31610.0,31610.0,31610.0,0,2025-06-12 08:29:00
1749717000,31610.0,31615.0,31610.0,31615.0,11,2025-06-12 08:30:00
1749717060,31615.0,31615.0,31600.0,31600.0,1,2025-06-12 08:31:00
1749717120,31600.0,31600.0,31600.0,31600.0,2,2025-06-12 08:32:00
1749717180,31600.0,31600.0,31600.0,31600.0,2,2025-06-12 08:33:00
1749717240,31600.0,31600.0,31600.0,31600.0,0,2025-06-12 08:34:00
1749717300,31600.0,31605.0,31595.0,31605.0,101,2025-06-12 08:35:00
1749717360,31605.0,31615.0,31605.0,31615.0,3,2025-06-12 08:36:00
1749717420,31615.0,31620.0,31615.0,31620.0,9,2025-06-12 08:37:00
1749717480,31620.0,31620.0,31620.0,31620.0,1,2025-06-12 08:38:00
1749717540,31620.0,31635.0,31600.0,31600.0,7,2025-06-12 08:39:00
1749717600,31600.0,31600.0,31600.0,31600.0,11,2025-06-12 08:40:00
1749717660,31600.0,31600.0,31600.0,31600.0,0,2025-06-12 08:41:00
1749717720,31600.0,31600.0,31600.0,31600.0,7,2025-06-12 08:42:00
1749717780,31600.0,31600.0,31600.0,31600.0,6,2025-06-12 08:43:00
1749717840,31600.0,31600.0,31600.0,31600.0,57,2025-06-12 08:44:00
1749717900,31600.0,31600.0,31600.0,31600.0,27,2025-06-12 08:45:00
1749717960,31600.0,31600.0,31600.0,31600.0,9,2025-06-12 08:46:00
1749718020,31600.0,31635.0,31600.0,31600.0,9,2025-06-12 08:47:00
1749718080,31600.0,31600.0,31600.0,31600.0,7,2025-06-12 08:48:00
1749718140,31600.0,31600.0,31600.0,31600.0,5,2025-06-12 08:49:00
1749718200,31600.0,31640.0,31600.0,31605.0,11,2025-06-12 08:50:00
1749718260,31605.0,31640.0,31605.0,31610.0,10,2025-06-12 08:51:00
1749718320,31610.0,31640.0,31600.0,31600.0,6,2025-06-12 08:52:00
1749718380,31600.0,31600.0,31600.0,31600.0,6,2025-06-12 08:53:00
1749718440,31600.0,31600.0,31600.0,31600.0,6,2025-06-12 08:54:00
1749718500,31600.0,31620.0,31600.0,31600.0,7,2025-06-12 08:55:00
1749718560,31600.0,31600.0,31600.0,31600.0,6,2025-06-12 08:56:00
1749718620,31600.0,31600.0,31600.0,31600.0,25,2025-06-12 08:57:00
1749718680,31600.0,31605.0,31600.0,31605.0,10,2025-06-12 08:58:00
1749718740,31605.0,31605.0,31600.0,31605.0,7,2025-06-12 08:59:00
1749718800,31605.0,31615.0,31600.0,31605.0,8,2025-06-12 09:00:00
1749718860,31605.0,31605.0,31600.0,31600.0,11,2025-06-12 09:01:00
1749718920,31600.0,31600.0,31600.0,31600.0,10,2025-06-12 09:02:00
1749718980,31600.0,31605.0,31600.0,31600.0,7,2025-06-12 09:03:00
1749719040,31600.0,31600.0,31600.0,31600.0,10,2025-06-12 09:04:00
1749719100,31600.0,31600.0,31600.0,31600.0,7,2025-06-12 09:05:00
1749719160,31600.0,31610.0,31600.0,31600.0,7,2025-06-12 09:06:00
1749719220,31600.0,31600.0,31600.0,31600.0,6,2025-06-12 09:07:00
1749719280,31600.0,31600.0,31600.0,31600.0,5,2025-06-12 09:08:00
1749719340,31600.0,31615.0,31600.0,31610.0,3,2025-06-12 09:09:00
1749719400,31610.0,31615.0,31600.0,31600.0,2,2025-06-12 09:10:00
1749719460,31600.0,31600.0,31600.0,31600.0,1,2025-06-12 09:11:00
1749719520,31600.0,31600.0,31600.0,31600.0,2,2025-06-12 09:12:00
1749719580,31600.0,31600.0,31600.0,31600.0,2,2025-06-12 09:13:00
1749719640,31600.0,31615.0,31600.0,31615.0,1,2025-06-12 09:14:00
1749719700,31615.0,31615.0,31600.0,31600.0,1,2025-06-12 09:15:00
1749719760,31635.0,31635.0,31600.0,31600.0,2,2025-06-12 09:16:00
1749719820,31600.0,31600.0,31600.0,31600.0,140,2025-06-12 09:17:00
1749719880,31600.0,31600.0,31600.0,31600.0,283,2025-06-12 09:18:00
1749719940,31600.0,31605.0,31600.0,31600.0,453,2025-06-12 09:19:00
1749720000,31600.0,31625.0,31600.0,31600.0,399,2025-06-12 09:20:00
1749720060,31600.0,31600.0,31600.0,31600.0,266,2025-06-12 09:21:00
1749720120,31600.0,31600.0,31600.0,31600.0,203,2025-06-12 09:22:00
1749720180,31600.0,31600.0,31600.0,31600.0,208,2025-06-12 09:23:00
1749720240,31600.0,31600.0,31600.0,31600.0,223,2025-06-12 09:24:00
1749720300,31600.0,31600.0,31600.0,31600.0,243,2025-06-12 09:25:00
1749720360,31600.0,31600.0,31600.0,31600.0,189,2025-06-12 09:26:00
1749720420,31600.0,31600.0,31600.0,31600.0,248,2025-06-12 09:27:00
1749720480,31600.0,31620.0,31600.0,31600.0,270,2025-06-12 09:28:00
1749720540,31600.0,31615.0,31570.0,31570.0,206,2025-06-12 09:29:00
1749720600,31565.0,31600.0,31520.0,31520.0,83,2025-06-12 09:30:00
1749720660,31520.0,31600.0,31520.0,31600.0,45,2025-06-12 09:31:00
1749720720,31600.0,31620.0,31600.0,31600.0,133,2025-06-12 09:32:00
1749720780,31600.0,31630.0,31600.0,31630.0,16,2025-06-12 09:33:00
1749720840,31600.0,31645.0,31600.0,31645.0,13,2025-06-12 09:34:00
1749720900,31645.0,31645.0,31645.0,31645.0,4,2025-06-12 09:35:00
1749720960,31640.0,31640.0,31565.0,31600.0,523,2025-06-12 09:36:00
1749721020,31600.0,31640.0,31595.0,31595.0,54,2025-06-12 09:37:00
1749721080,31595.0,31595.0,31560.0,31560.0,2,2025-06-12 09:38:00
1749721140,31560.0,31600.0,31560.0,31600.0,26,2025-06-12 09:39:00
1749721200,31600.0,31600.0,31545.0,31545.0,83,2025-06-12 09:40:00
1749721260,31545.0,31600.0,31545.0,31595.0,48,2025-06-12 09:41:00
1749721320,31555.0,31600.0,31555.0,31585.0,97,2025-06-12 09:42:00
1749721380,31585.0,31595.0,31555.0,31555.0,10,2025-06-12 09:43:00
1749721440,31550.0,31565.0,31525.0,31525.0,16,2025-06-12 09:44:00
1749721500,31515.0,31610.0,31515.0,31600.0,82,2025-06-12 09:45:00
1749721560,31600.0,31620.0,31600.0,31620.0,10,2025-06-12 09:46:00
1749721620,31600.0,31600.0,31535.0,31535.0,27,2025-06-12 09:47:00
1749721680,31535.0,31600.0,31535.0,31600.0,112,2025-06-12 09:48:00
1749721740,31570.0,31600.0,31570.0,31585.0,11,2025-06-12 09:49:00
1749721800,31585.0,31585.0,31560.0,31565.0,88,2025-06-12 09:50:00
1749721860,31565.0,31600.0,31550.0,31595.0,48,2025-06-12 09:51:00
1749721920,31595.0,31595.0,31565.0,31565.0,7,2025-06-12 09:52:00
1749721980,31560.0,31625.0,31550.0,31625.0,174,2025-06-12 09:53:00
1749722040,31580.0,31600.0,31525.0,31550.0,45,2025-06-12 09:54:00
1749722100,31570.0,31570.0,31515.0,31520.0,151,2025-06-12 09:55:00
1749722160,31520.0,31540.0,31500.0,31500.0,7,2025-06-12 09:56:00
1749722220,31500.0,31580.0,31500.0,31580.0,134,2025-06-12 09:57:00
1749722280,31580.0,31580.0,31465.0,31575.0,88,2025-06-12 09:58:00
1749722340,31575.0,31575.0,31500.0,31500.0,12,2025-06-12 09:59:00
1749786300,31400.0,31495.0,31325.0,31390.0,42,2025-06-13 03:45:00
1749786360,31285.0,31515.0,31285.0,31440.0,112,2025-06-13 03:46:00
1749786420,31440.0,31445.0,31400.0,31400.0,57,2025-06-13 03:47:00
1749786480,31400.0,31410.0,31400.0,31410.0,1,2025-06-13 03:48:00
1749786540,31410.0,31500.0,31400.0,31500.0,14,2025-06-13 03:49:00
1749786600,31500.0,31500.0,31410.0,31410.0,6,2025-06-13 03:50:00
1749786660,31410.0,31470.0,31405.0,31405.0,45,2025-06-13 03:51:00
1749786720,31405.0,31460.0,31405.0,31425.0,8,2025-06-13 03:52:00
1749786780,31425.0,31485.0,31425.0,31485.0,130,2025-06-13 03:53:00
1749786840,31440.0,31515.0,31440.0,31515.0,12,2025-06-13 03:54:00
1749786900,31515.0,31575.0,31510.0,31575.0,13,2025-06-13 03:55:00
1749786960,31505.0,31530.0,31480.0,31480.0,20,2025-06-13 03:56:00
1749787020,31480.0,31480.0,31480.0,31480.0,3,2025-06-13 03:57:00
1749787080,31470.0,31475.0,31470.0,31470.0,10,2025-06-13 03:58:00
1749787140,31470.0,31495.0,31470.0,31495.0,1,2025-06-13 03:59:00
1749787200,31495.0,31495.0,31495.0,31495.0,0,2025-06-13 04:00:00
1749787260,31495.0,31500.0,31470.0,31500.0,12,2025-06-13 04:01:00
1749787320,31510.0,31510.0,31510.0,31510.0,9,2025-06-13 04:02:00
1749787380,31510.0,31510.0,31510.0,31510.0,0,2025-06-13 04:03:00
1749787440,31530.0,31530.0,31500.0,31525.0,9,2025-06-13 04:04:00
1749787500,31530.0,31530.0,31485.0,31485.0,26,2025-06-13 04:05:00
1749787560,31490.0,31490.0,31490.0,31490.0,5,2025-06-13 04:06:00
1749787620,31480.0,31480.0,31470.0,31470.0,8,2025-06-13 04:07:00
1749787680,31470.0,31495.0,31470.0,31495.0,1,2025-06-13 04:08:00
1749787740,31495.0,31495.0,31495.0,31495.0,0,2025-06-13 04:09:00
1749787800,31495.0,31495.0,31415.0,31415.0,51,2025-06-13 04:10:00
1749787860,31415.0,31510.0,31415.0,31510.0,22,2025-06-13 04:11:00
1749787920,31510.0,31510.0,31510.0,31510.0,0,2025-06-13 04:12:00
1749787980,31510.0,31510.0,31510.0,31510.0,0,2025-06-13 04:13:00
1749788040,31510.0,31510.0,31490.0,31490.0,1,2025-06-13 04:14:00
1749788100,31490.0,31490.0,31490.0,31490.0,30,2025-06-13 04:15:00
1749788160,31490.0,31490.0,31400.0,31400.0,132,2025-06-13 04:16:00
1749788220,31405.0,31430.0,31360.0,31400.0,493,2025-06-13 04:17:00
1749788280,31400.0,31415.0,31400.0,31400.0,269,2025-06-13 04:18:00
1749788340,31400.0,31400.0,31135.0,31175.0,131,2025-06-13 04:19:00
1749788400,31175.0,31235.0,31175.0,31235.0,9,2025-06-13 04:20:00
1749788460,31235.0,31290.0,31200.0,31200.0,9,2025-06-13 04:21:00
1749788520,31200.0,31200.0,31140.0,31160.0,89,2025-06-13 04:22:00
1749788580,31160.0,31270.0,31155.0,31270.0,172,2025-06-13 04:23:00
1749788640,31320.0,31320.0,31100.0,31245.0,1268,2025-06-13 04:24:00
1749788700,31245.0,31385.0,31245.0,31365.0,22,2025-06-13 04:25:00
1749788760,31365.0,31365.0,31245.0,31245.0,44,2025-06-13 04:26:00
1749788820,31245.0,31255.0,31225.0,31235.0,20,2025-06-13 04:27:00
1749788880,31235.0,31260.0,31230.0,31260.0,17,2025-06-13 04:28:00
1749788940,31260.0,31260.0,31235.0,31235.0,18,2025-06-13 04:29:00
1749789000,31235.0,31235.0,31225.0,31225.0,17,2025-06-13 04:30:00
1749789060,31225.0,31225.0,31220.0,31220.0,16,2025-06-13 04:31:00
1749789120,31220.0,31350.0,31220.0,31350.0,22,2025-06-13 04:32:00
1749789180,31350.0,31365.0,31350.0,31350.0,22,2025-06-13 04:33:00
1749789240,31380.0,31380.0,31380.0,31380.0,2,2025-06-13 04:34:00
1749789300,31380.0,31380.0,31380.0,31380.0,0,2025-06-13 04:35:00
1749789360,31380.0,31395.0,31380.0,31395.0,28,2025-06-13 04:36:00
1749789420,31395.0,31395.0,31375.0,31375.0,1,2025-06-13 04:37:00
1749789480,31375.0,31375.0,31310.0,31310.0,17,2025-06-13 04:38:00
1749789540,31310.0,31310.0,31310.0,31310.0,0,2025-06-13 04:39:00
1749789600,31310.0,31310.0,31310.0,31310.0,0,2025-06-13 04:40:00
1749789660,31310.0,31310.0,31310.0,31310.0,0,2025-06-13 04:41:00
1749789720,31310.0,31360.0,31310.0,31340.0,7,2025-06-13 04:42:00
1749789780,31365.0,31365.0,31335.0,31335.0,4,2025-06-13 04:43:00
1749789840,31335.0,31450.0,31335.0,31450.0,39,2025-06-13 04:44:00
1749789900,31450.0,31450.0,31420.0,31445.0,5,2025-06-13 04:45:00
1749789960,31445.0,31450.0,31445.0,31450.0,40,2025-06-13 04:46:00
1749790020,31450.0,31450.0,31450.0,31450.0,0,2025-06-13 04:47:00
1749790080,31450.0,31450.0,31450.0,31450.0,10,2025-06-13 04:48:00
1749790140,31450.0,31450.0,31450.0,31450.0,0,2025-06-13 04:49:00
1749790200,31450.0,31450.0,31450.0,31450.0,0,2025-06-13 04:50:00
1749790260,31450.0,31450.0,31440.0,31440.0,1,2025-06-13 04:51:00
1749790320,31410.0,31435.0,31410.0,31435.0,2,2025-06-13 04:52:00
1749790380,31410.0,31410.0,31410.0,31410.0,1,2025-06-13 04:53:00
1749790440,31410.0,31440.0,31410.0,31440.0,1,2025-06-13 04:54:00
1749790500,31440.0,31440.0,31420.0,31420.0,2,2025-06-13 04:55:00
1749790560,31420.0,31420.0,31420.0,31420.0,0,2025-06-13 04:56:00
1749790620,31420.0,31420.0,31420.0,31420.0,0,2025-06-13 04:57:00
1749790680,31420.0,31440.0,31420.0,31440.0,5,2025-06-13 04:58:00
1749790740,31440.0,31450.0,31440.0,31450.0,7,2025-06-13 04:59:00
1749790800,31450.0,31450.0,31420.0,31420.0,2,2025-06-13 05:00:00
1749790860,31420.0,31450.0,31420.0,31450.0,1,2025-06-13 05:01:00
1749790920,31450.0,31450.0,31410.0,31410.0,3,2025-06-13 05:02:00
1749790980,31410.0,31440.0,31410.0,31440.0,1,2025-06-13 05:03:00
1749791040,31440.0,31450.0,31440.0,31450.0,22,2025-06-13 05:04:00
1749791100,31450.0,31450.0,31450.0,31450.0,0,2025-06-13 05:05:00
1749791160,31450.0,31450.0,31450.0,31450.0,1,2025-06-13 05:06:00
1749791220,31450.0,31450.0,31450.0,31450.0,0,2025-06-13 05:07:00
1749791280,31450.0,31450.0,31450.0,31450.0,1,2025-06-13 05:08:00
1749791340,31450.0,31465.0,31450.0,31465.0,5,2025-06-13 05:09:00
1749791400,31465.0,31465.0,31425.0,31425.0,2,2025-06-13 05:10:00
1749791460,31425.0,31425.0,31425.0,31425.0,0,2025-06-13 05:11:00
1749791520,31425.0,31425.0,31375.0,31400.0,18,2025-06-13 05:12:00
1749791580,31400.0,31400.0,31400.0,31400.0,0,2025-06-13 05:13:00
1749791640,31400.0,31400.0,31370.0,31370.0,1,2025-06-13 05:14:00
1749791700,31370.0,31400.0,31370.0,31400.0,1,2025-06-13 05:15:00
1749791760,31365.0,31405.0,31365.0,31405.0,8,2025-06-13 05:16:00
1749791820,31405.0,31410.0,31405.0,31405.0,3,2025-06-13 05:17:00
1749791880,31405.0,31410.0,31405.0,31410.0,2,2025-06-13 05:18:00
1749791940,31410.0,31415.0,31395.0,31410.0,19,2025-06-13 05:19:00
1749792000,31410.0,31410.0,31410.0,31410.0,0,2025-06-13 05:20:00
1749792060,31410.0,31410.0,31410.0,31410.0,0,2025-06-13 05:21:00
1749792120,31410.0,31410.0,31380.0,31410.0,5,2025-06-13 05:22:00
1749792180,31410.0,31410.0,31410.0,31410.0,1,2025-06-13 05:23:00
1749792240,31410.0,31415.0,31410.0,31415.0,1,2025-06-13 05:24:00
1749792300,31415.0,31415.0,31410.0,31410.0,1,2025-06-13 05:25:00
1749792360,31410.0,31410.0,31410.0,31410.0,1,2025-06-13 05:26:00
1749792420,31380.0,31380.0,31380.0,31380.0,1,2025-06-13 05:27:00
1749792480,31380.0,31380.0,31365.0,31365.0,7,2025-06-13 05:28:00
1749792540,31365.0,31390.0,31365.0,31390.0,1,2025-06-13 05:29:00
1749792600,31390.0,31390.0,31390.0,31390.0,0,2025-06-13 05:30:00
1749792660,31390.0,31395.0,31365.0,31365.0,2,2025-06-13 05:31:00
1749792720,31365.0,31365.0,31365.0,31365.0,0,2025-06-13 05:32:00
1749792780,31365.0,31375.0,31365.0,31375.0,47,2025-06-13 05:33:00
1749792840,31375.0,31375.0,31375.0,31375.0,0,2025-06-13 05:34:00
1749792900,31375.0,31375.0,31375.0,31375.0,0,2025-06-13 05:35:00
1749792960,31375.0,31385.0,31375.0,31385.0,1,2025-06-13 05:36:00
1749793020,31385.0,31405.0,31385.0,31405.0,1,2025-06-13 05:37:00
1749793080,31405.0,31405.0,31405.0,31405.0,0,2025-06-13 05:38:00
1749793140,31405.0,31405.0,31405.0,31405.0,0,2025-06-13 05:39:00
1749793200,31405.0,31405.0,31400.0,31400.0,1,2025-06-13 05:40:00
1749793260,31370.0,31495.0,31355.0,31355.0,60,2025-06-13 05:41:00
1749793320,31355.0,31410.0,31355.0,31410.0,53,2025-06-13 05:42:00
1749793380,31410.0,31410.0,31410.0,31410.0,0,2025-06-13 05:43:00
1749793440,31410.0,31410.0,31410.0,31410.0,0,2025-06-13 05:44:00
1749793500,31410.0,31410.0,31410.0,31410.0,0,2025-06-13 05:45:00
1749793560,31415.0,31415.0,31385.0,31385.0,3,2025-06-13 05:46:00
1749793620,31385.0,31410.0,31385.0,31410.0,1,2025-06-13 05:47:00
1749793680,31365.0,31365.0,31365.0,31365.0,1,2025-06-13 05:48:00
1749793740,31365.0,31410.0,31365.0,31410.0,3,2025-06-13 05:49:00
1749793800,31410.0,31410.0,31410.0,31410.0,0,2025-06-13 05:50:00
1749793860,31410.0,31410.0,31410.0,31410.0,1,2025-06-13 05:51:00
1749793920,31410.0,31410.0,31410.0,31410.0,0,2025-06-13 05:52:00
1749793980,31410.0,31410.0,31410.0,31410.0,0,2025-06-13 05:53:00
1749794040,31410.0,31410.0,31400.0,31400.0,2,2025-06-13 05:54:00
1749794100,31400.0,31400.0,31400.0,31400.0,1,2025-06-13 05:55:00
1749794160,31400.0,31400.0,31395.0,31395.0,2,2025-06-13 05:56:00
1749794220,31395.0,31395.0,31395.0,31395.0,0,2025-06-13 05:57:00
1749794280,31395.0,31405.0,31395.0,31405.0,1,2025-06-13 05:58:00
1749794340,31405.0,31410.0,31370.0,31370.0,2,2025-06-13 05:59:00
1749794400,31370.0,31370.0,31370.0,31370.0,0,2025-06-13 06:00:00
1749794460,31370.0,31370.0,31370.0,31370.0,0,2025-06-13 06:01:00
1749794520,31370.0,31370.0,31370.0,31370.0,0,2025-06-13 06:02:00
1749794580,31370.0,31370.0,31360.0,31360.0,1,2025-06-13 06:03:00
1749794640,31360.0,31400.0,31360.0,31400.0,1,2025-06-13 06:04:00
1749794700,31400.0,31400.0,31400.0,31400.0,0,2025-06-13 06:05:00
1749794760,31400.0,31400.0,31355.0,31355.0,13,2025-06-13 06:06:00
1749794820,31390.0,31395.0,31390.0,31395.0,7,2025-06-13 06:07:00
1749794880,31395.0,31395.0,31395.0,31395.0,0,2025-06-13 06:08:00
1749794940,31395.0,31395.0,31355.0,31355.0,3,2025-06-13 06:09:00
1749795000,31355.0,31355.0,31350.0,31350.0,2,2025-06-13 06:10:00
1749795060,31350.0,31380.0,31350.0,31380.0,6,2025-06-13 06:11:00
1749795120,31380.0,31380.0,31335.0,31335.0,56,2025-06-13 06:12:00
1749795180,31335.0,31335.0,31335.0,31335.0,0,2025-06-13 06:13:00
1749795240,31335.0,31335.0,31335.0,31335.0,0,2025-06-13 06:14:00
1749795300,31335.0,31335.0,31310.0,31330.0,4,2025-06-13 06:15:00
1749795360,31330.0,31410.0,31330.0,31410.0,31,2025-06-13 06:16:00
1749795420,31410.0,31410.0,31400.0,31400.0,2,2025-06-13 06:17:00
1749795480,31370.0,31370.0,31370.0,31370.0,4,2025-06-13 06:18:00
1749795540,31370.0,31370.0,31370.0,31370.0,0,2025-06-13 06:19:00
1749795600,31370.0,31385.0,31370.0,31385.0,5,2025-06-13 06:20:00
1749795660,31385.0,31390.0,31350.0,31350.0,4,2025-06-13 06:21:00
1749795720,31350.0,31350.0,31350.0,31350.0,0,2025-06-13 06:22:00
1749795780,31350.0,31350.0,31350.0,31350.0,0,2025-06-13 06:23:00
1749795840,31360.0,31360.0,31360.0,31360.0,1,2025-06-13 06:24:00
1749795900,31360.0,31360.0,31330.0,31360.0,2,2025-06-13 06:25:00
1749795960,31360.0,31360.0,31360.0,31360.0,0,2025-06-13 06:26:00
1749796020,31360.0,31360.0,31320.0,31320.0,1,2025-06-13 06:27:00
1749796080,31320.0,31320.0,31315.0,31315.0,1,2025-06-13 06:28:00
1749796140,31315.0,31350.0,31315.0,31315.0,33,2025-06-13 06:29:00
1749796200,31315.0,31315.0,31315.0,31315.0,0,2025-06-13 06:30:00
1749796260,31315.0,31315.0,31315.0,31315.0,0,2025-06-13 06:31:00
1749796320,31315.0,31315.0,31315.0,31315.0,0,2025-06-13 06:32:00
1749796380,31315.0,31315.0,31315.0,31315.0,0,2025-06-13 06:33:00
1749796440,31315.0,31380.0,31315.0,31345.0,23,2025-06-13 06:34:00
1749796500,31345.0,31345.0,31345.0,31345.0,5,2025-06-13 06:35:00
1749796560,31345.0,31345.0,31345.0,31345.0,0,2025-06-13 06:36:00
1749796620,31340.0,31340.0,31340.0,31340.0,2,2025-06-13 06:37:00
1749796680,31340.0,31340.0,31310.0,31310.0,1,2025-06-13 06:38:00
1749796740,31310.0,31310.0,31310.0,31310.0,0,2025-06-13 06:39:00
1749796800,31310.0,31310.0,31310.0,31310.0,0,2025-06-13 06:40:00
1749796860,31310.0,31340.0,31305.0,31340.0,11,2025-06-13 06:41:00
1749796920,31340.0,31340.0,31335.0,31335.0,2,2025-06-13 06:42:00
1749796980,31335.0,31335.0,31335.0,31335.0,0,2025-06-13 06:43:00
1749797040,31335.0,31340.0,31335.0,31340.0,1,2025-06-13 06:44:00
1749797100,31340.0,31340.0,31340.0,31340.0,0,2025-06-13 06:45:00
1749797160,31340.0,31340.0,31340.0,31340.0,0,2025-06-13 06:46:00
1749797220,31340.0,31340.0,31340.0,31340.0,0,2025-06-13 06:47:00
1749797280,31340.0,31340.0,31340.0,31340.0,0,2025-06-13 06:48:00
1749797340,31340.0,31340.0,31340.0,31340.0,0,2025-06-13 06:49:00
1749797400,31340.0,31345.0,31320.0,31320.0,2,2025-06-13 06:50:00
1749797460,31320.0,31320.0,31300.0,31300.0,4,2025-06-13 06:51:00
1749797520,31340.0,31340.0,31340.0,31340.0,2,2025-06-13 06:52:00
1749797580,31340.0,31345.0,31340.0,31345.0,1,2025-06-13 06:53:00
1749797640,31345.0,31345.0,31345.0,31345.0,0,2025-06-13 06:54:00
1749797700,31345.0,31345.0,31340.0,31340.0,1,2025-06-13 06:55:00
1749797760,31340.0,31340.0,31305.0,31305.0,1,2025-06-13 06:56:00
1749797820,31305.0,31305.0,31305.0,31305.0,0,2025-06-13 06:57:00
1749797880,31305.0,31305.0,31305.0,31305.0,0,2025-06-13 06:58:00
1749797940,31305.0,31305.0,31305.0,31305.0,0,2025-06-13 06:59:00
1749798000,31305.0,31305.0,31305.0,31305.0,0,2025-06-13 07:00:00
1749798060,31305.0,31305.0,31305.0,31305.0,0,2025-06-13 07:01:00
1749798120,31305.0,31350.0,31305.0,31350.0,3,2025-06-13 07:02:00
1749798180,31350.0,31350.0,31320.0,31320.0,3,2025-06-13 07:03:00
1749798240,31320.0,31360.0,31320.0,31360.0,2,2025-06-13 07:04:00
1749798300,31360.0,31360.0,31360.0,31360.0,0,2025-06-13 07:05:00
1749798360,31360.0,31360.0,31360.0,31360.0,1,2025-06-13 07:06:00
1749798420,31360.0,31360.0,31360.0,31360.0,0,2025-06-13 07:07:00
1749798480,31360.0,31360.0,31360.0,31360.0,0,2025-06-13 07:08:00
1749798540,31360.0,31360.0,31360.0,31360.0,1,2025-06-13 07:09:00
1749798600,31325.0,31325.0,31325.0,31325.0,1,2025-06-13 07:10:00
1749798660,31325.0,31360.0,31325.0,31360.0,1,2025-06-13 07:11:00
1749798720,31360.0,31360.0,31320.0,31320.0,2,2025-06-13 07:12:00
1749798780,31320.0,31320.0,31320.0,31320.0,0,2025-06-13 07:13:00
1749798840,31320.0,31320.0,31320.0,31320.0,0,2025-06-13 07:14:00
1749798900,31320.0,31325.0,31320.0,31325.0,1,2025-06-13 07:15:00
1749798960,31325.0,31325.0,31320.0,31320.0,1,2025-06-13 07:16:00
1749799020,31320.0,31320.0,31320.0,31320.0,0,2025-06-13 07:17:00
1749799080,31320.0,31320.0,31320.0,31320.0,5,2025-06-13 07:18:00
1749799140,31320.0,31320.0,31320.0,31320.0,0,2025-06-13 07:19:00
1749799200,31320.0,31360.0,31320.0,31360.0,1,2025-06-13 07:20:00
1749799260,31360.0,31360.0,31360.0,31360.0,0,2025-06-13 07:21:00
1749799320,31360.0,31360.0,31330.0,31330.0,3,2025-06-13 07:22:00
1749799380,31330.0,31330.0,31310.0,31310.0,2,2025-06-13 07:23:00
1749799440,31310.0,31310.0,31305.0,31310.0,3,2025-06-13 07:24:00
1749799500,31310.0,31310.0,31310.0,31310.0,0,2025-06-13 07:25:00
1749799560,31310.0,31310.0,31310.0,31310.0,0,2025-06-13 07:26:00
1749799620,31310.0,31310.0,31310.0,31310.0,0,2025-06-13 07:27:00
1749799680,31310.0,31350.0,31310.0,31350.0,1,2025-06-13 07:28:00
1749799740,31350.0,31375.0,31335.0,31335.0,28,2025-06-13 07:29:00
1749799800,31335.0,31335.0,31335.0,31335.0,8,2025-06-13 07:30:00
1749799860,31335.0,31335.0,31335.0,31335.0,0,2025-06-13 07:31:00
1749799920,31310.0,31310.0,31305.0,31305.0,4,2025-06-13 07:32:00
1749799980,31305.0,31335.0,31305.0,31335.0,1,2025-06-13 07:33:00
1749800040,31335.0,31335.0,31335.0,31335.0,0,2025-06-13 07:34:00
1749800100,31335.0,31335.0,31335.0,31335.0,0,2025-06-13 07:35:00
1749800160,31335.0,31335.0,31305.0,31305.0,2,2025-06-13 07:36:00
1749800220,31305.0,31305.0,31305.0,31305.0,5,2025-06-13 07:37:00
1749800280,31305.0,31335.0,31305.0,31310.0,3,2025-06-13 07:38:00
1749800340,31310.0,31310.0,31305.0,31305.0,1,2025-06-13 07:39:00
1749800400,31305.0,31330.0,31305.0,31305.0,2,2025-06-13 07:40:00
1749800460,31305.0,31305.0,31305.0,31305.0,0,2025-06-13 07:41:00
1749800520,31305.0,31305.0,31305.0,31305.0,1,2025-06-13 07:42:00
1749800580,31305.0,31305.0,31305.0,31305.0,4,2025-06-13 07:43:00
1749800640,31305.0,31305.0,31305.0,31305.0,0,2025-06-13 07:44:00
1749800700,31305.0,31305.0,31305.0,31305.0,0,2025-06-13 07:45:00
1749800760,31305.0,31305.0,31305.0,31305.0,1,2025-06-13 07:46:00
1749800820,31305.0,31305.0,31300.0,31305.0,9,2025-06-13 07:47:00
1749800880,31305.0,31305.0,31305.0,31305.0,0,2025-06-13 07:48:00
1749800940,31305.0,31305.0,31305.0,31305.0,1,2025-06-13 07:49:00
1749801000,31305.0,31330.0,31300.0,31300.0,5,2025-06-13 07:50:00
1749801060,31300.0,31300.0,31300.0,31300.0,0,2025-06-13 07:51:00
1749801120,31300.0,31300.0,31300.0,31300.0,0,2025-06-13 07:52:00
1749801180,31300.0,31300.0,31300.0,31300.0,0,2025-06-13 07:53:00
1749801240,31300.0,31300.0,31300.0,31300.0,0,2025-06-13 07:54:00
1749801300,31300.0,31325.0,31300.0,31325.0,27,2025-06-13 07:55:00
1749801360,31325.0,31335.0,31305.0,31305.0,20,2025-06-13 07:56:00
1749801420,31305.0,31310.0,31300.0,31300.0,8,2025-06-13 07:57:00
1749801480,31300.0,31300.0,31300.0,31300.0,5,2025-06-13 07:58:00
1749801540,31300.0,31345.0,31300.0,31345.0,7,2025-06-13 07:59:00
1749801600,31345.0,31345.0,31345.0,31345.0,0,2025-06-13 08:00:00
1749801660,31345.0,31345.0,31345.0,31345.0,0,2025-06-13 08:01:00
1749801720,31345.0,31345.0,31340.0,31345.0,5,2025-06-13 08:02:00
1749801780,31345.0,31345.0,31300.0,31300.0,4,2025-06-13 08:03:00
1749801840,31300.0,31300.0,31300.0,31300.0,0,2025-06-13 08:04:00
1749801900,31300.0,31300.0,31300.0,31300.0,0,2025-06-13 08:05:00
1749801960,31300.0,31340.0,31300.0,31340.0,1,2025-06-13 08:06:00
1749802020,31340.0,31345.0,31340.0,31345.0,2,2025-06-13 08:07:00
1749802080,31345.0,31345.0,31310.0,31310.0,1,2025-06-13 08:08:00
1749802140,31310.0,31340.0,31310.0,31340.0,1,2025-06-13 08:09:00
1749802200,31340.0,31340.0,31310.0,31310.0,2,2025-06-13 08:10:00
1749802260,31310.0,31350.0,31310.0,31350.0,12,2025-06-13 08:11:00
1749802320,31350.0,31350.0,31350.0,31350.0,0,2025-06-13 08:12:00
1749802380,31350.0,31350.0,31350.0,31350.0,0,2025-06-13 08:13:00
1749802440,31350.0,31350.0,31300.0,31300.0,6,2025-06-13 08:14:00
1749802500,31300.0,31310.0,31300.0,31310.0,1,2025-06-13 08:15:00
1749802560,31310.0,31310.0,31300.0,31300.0,3,2025-06-13 08:16:00
1749802620,31300.0,31340.0,31300.0,31300.0,6,2025-06-13 08:17:00
1749802680,31300.0,31345.0,31300.0,31300.0,15,2025-06-13 08:18:00
1749802740,31300.0,31300.0,31300.0,31300.0,1,2025-06-13 08:19:00
1749802800,31300.0,31305.0,31300.0,31305.0,3,2025-06-13 08:20:00
1749802860,31305.0,31335.0,31300.0,31335.0,3,2025-06-13 08:21:00
1749802920,31300.0,31300.0,31300.0,31300.0,1,2025-06-13 08:22:00
1749802980,31300.0,31300.0,31300.0,31300.0,0,2025-06-13 08:23:00
1749803040,31300.0,31300.0,31300.0,31300.0,0,2025-06-13 08:24:00
1749803100,31300.0,31335.0,31300.0,31335.0,2,2025-06-13 08:25:00
1749803160,31335.0,31335.0,31310.0,31310.0,1,2025-06-13 08:26:00
1749803220,31310.0,31310.0,31310.0,31310.0,0,2025-06-13 08:27:00
1749803280,31310.0,31310.0,31310.0,31310.0,0,2025-06-13 08:28:00
1749803340,31310.0,31315.0,31310.0,31315.0,41,2025-06-13 08:29:00
1749803400,31315.0,31315.0,31305.0,31305.0,1,2025-06-13 08:30:00
1749803460,31305.0,31305.0,31305.0,31305.0,0,2025-06-13 08:31:00
1749803520,31305.0,31305.0,31305.0,31305.0,0,2025-06-13 08:32:00
1749803580,31305.0,31305.0,31305.0,31305.0,0,2025-06-13 08:33:00
1749803640,31305.0,31305.0,31300.0,31300.0,23,2025-06-13 08:34:00
1749803700,31300.0,31300.0,31300.0,31300.0,1,2025-06-13 08:35:00
1749803760,31300.0,31300.0,31300.0,31300.0,0,2025-06-13 08:36:00
1749803820,31300.0,31300.0,31300.0,31300.0,1,2025-06-13 08:37:00
1749803880,31300.0,31300.0,31300.0,31300.0,10,2025-06-13 08:38:00
1749803940,31300.0,31300.0,31300.0,31300.0,1,2025-06-13 08:39:00
1749804000,31300.0,31300.0,31300.0,31300.0,19,2025-06-13 08:40:00
1749804060,31300.0,31300.0,31300.0,31300.0,7,2025-06-13 08:41:00
1749804120,31300.0,31300.0,31300.0,31300.0,1,2025-06-13 08:42:00
1749804180,31300.0,31335.0,31300.0,31335.0,10,2025-06-13 08:43:00
1749804240,31335.0,31335.0,31335.0,31335.0,35,2025-06-13 08:44:00
1749804300,31335.0,31395.0,31335.0,31395.0,20,2025-06-13 08:45:00
1749804360,31395.0,31400.0,31395.0,31400.0,17,2025-06-13 08:46:00
1749804420,31400.0,31400.0,31380.0,31380.0,1,2025-06-13 08:47:00
1749804480,31390.0,31390.0,31390.0,31390.0,1,2025-06-13 08:48:00
1749804540,31390.0,31390.0,31390.0,31390.0,1,2025-06-13 08:49:00
1749804600,31390.0,31390.0,31360.0,31360.0,1,2025-06-13 08:50:00
1749804660,31360.0,31360.0,31360.0,31360.0,0,2025-06-13 08:51:00
1749804720,31360.0,31360.0,31360.0,31360.0,0,2025-06-13 08:52:00
1749804780,31360.0,31390.0,31360.0,31390.0,1,2025-06-13 08:53:00
1749804840,31390.0,31390.0,31360.0,31360.0,2,2025-06-13 08:54:00
1749804900,31360.0,31360.0,31360.0,31360.0,0,2025-06-13 08:55:00
1749804960,31360.0,31425.0,31360.0,31420.0,28,2025-06-13 08:56:00
1749805020,31420.0,31480.0,31420.0,31465.0,9,2025-06-13 08:57:00
1749805080,31440.0,31490.0,31440.0,31465.0,10,2025-06-13 08:58:00
1749805140,31465.0,31465.0,31395.0,31400.0,19,2025-06-13 08:59:00
1749805200,31400.0,31400.0,31380.0,31385.0,3,2025-06-13 09:00:00
1749805260,31385.0,31415.0,31380.0,31380.0,7,2025-06-13 09:01:00
1749805320,31380.0,31380.0,31355.0,31355.0,1,2025-06-13 09:02:00
1749805380,31355.0,31380.0,31355.0,31380.0,1,2025-06-13 09:03:00
1749805440,31380.0,31380.0,31355.0,31355.0,6,2025-06-13 09:04:00
1749805500,31355.0,31385.0,31350.0,31355.0,3,2025-06-13 09:05:00
1749805560,31375.0,31375.0,31355.0,31355.0,3,2025-06-13 09:06:00
1749805620,31355.0,31360.0,31340.0,31350.0,22,2025-06-13 09:07:00
1749805680,31350.0,31350.0,31335.0,31335.0,1,2025-06-13 09:08:00
1749805740,31335.0,31350.0,31335.0,31350.0,1,2025-06-13 09:09:00
1749805800,31350.0,31350.0,31335.0,31335.0,2,2025-06-13 09:10:00
1749805860,31335.0,31365.0,31335.0,31345.0,21,2025-06-13 09:11:00
1749805920,31345.0,31385.0,31335.0,31350.0,4,2025-06-13 09:12:00
1749805980,31350.0,31350.0,31335.0,31335.0,2,2025-06-13 09:13:00
1749806040,31335.0,31370.0,31335.0,31335.0,5,2025-06-13 09:14:00
1749806100,31335.0,31335.0,31335.0,31335.0,1,2025-06-13 09:15:00
1749806160,31335.0,31340.0,31330.0,31340.0,2,2025-06-13 09:16:00
1749806220,31340.0,31340.0,31325.0,31325.0,2,2025-06-13 09:17:00
1749806280,31345.0,31345.0,31330.0,31330.0,4,2025-06-13 09:18:00
1749806340,31355.0,31355.0,31355.0,31355.0,4,2025-06-13 09:19:00
1749806400,31355.0,31355.0,31310.0,31345.0,2,2025-06-13 09:20:00
1749806460,31355.0,31375.0,31355.0,31355.0,13,2025-06-13 09:21:00
1749806520,31380.0,31420.0,31350.0,31420.0,19,2025-06-13 09:22:00
1749806580,31420.0,31420.0,31420.0,31420.0,5,2025-06-13 09:23:00
1749806640,31450.0,31450.0,31410.0,31430.0,22,2025-06-13 09:24:00
1749806700,31430.0,31450.0,31415.0,31415.0,4,2025-06-13 09:25:00
1749806760,31415.0,31415.0,31415.0,31415.0,0,2025-06-13 09:26:00
1749806820,31445.0,31445.0,31400.0,31400.0,26,2025-06-13 09:27:00
1749806880,31400.0,31400.0,31400.0,31400.0,6,2025-06-13 09:28:00
1749806940,31400.0,31400.0,31400.0,31400.0,1,2025-06-13 09:29:00
1749807000,31440.0,31440.0,31415.0,31415.0,133,2025-06-13 09:30:00
1749807060,31415.0,31460.0,31415.0,31445.0,8,2025-06-13 09:31:00
1749807120,31445.0,31475.0,31440.0,31440.0,7,2025-06-13 09:32:00
1749807180,31440.0,31440.0,31440.0,31440.0,1,2025-06-13 09:33:00
1749807240,31440.0,31440.0,31430.0,31430.0,5,2025-06-13 09:34:00
1749807300,31430.0,31430.0,31430.0,31430.0,1,2025-06-13 09:35:00
1749807360,31430.0,31465.0,31430.0,31435.0,10,2025-06-13 09:36:00
1749807420,31470.0,31470.0,31470.0,31470.0,3,2025-06-13 09:37:00
1749807480,31470.0,31470.0,31440.0,31440.0,1,2025-06-13 09:38:00
1749807540,31440.0,31440.0,31440.0,31440.0,1,2025-06-13 09:39:00
1749807600,31440.0,31440.0,31435.0,31435.0,1,2025-06-13 09:40:00
1749807660,31435.0,31470.0,31435.0,31470.0,1,2025-06-13 09:41:00
1749807720,31450.0,31450.0,31425.0,31425.0,7,2025-06-13 09:42:00
1749807780,31465.0,31465.0,31435.0,31455.0,9,2025-06-13 09:43:00
1749807840,31455.0,31460.0,31430.0,31430.0,2,2025-06-13 09:44:00
1749807900,31430.0,31470.0,31420.0,31435.0,15,2025-06-13 09:45:00
1749807960,31450.0,31465.0,31425.0,31425.0,5,2025-06-13 09:46:00
1749808020,31470.0,31470.0,31425.0,31470.0,5,2025-06-13 09:47:00
1749808080,31470.0,31470.0,31430.0,31430.0,3,2025-06-13 09:48:00
1749808140,31430.0,31465.0,31430.0,31465.0,4,2025-06-13 09:49:00
1749808200,31430.0,31510.0,31415.0,31510.0,404,2025-06-13 09:50:00
1749808260,31500.0,31505.0,31500.0,31505.0,14,2025-06-13 09:51:00
1749808320,31505.0,31520.0,31505.0,31510.0,28,2025-06-13 09:52:00
1749808380,31510.0,31575.0,31510.0,31575.0,96,2025-06-13 09:53:00
1749808440,31565.0,31565.0,31535.0,31535.0,9,2025-06-13 09:54:00
1749808500,31575.0,31625.0,31575.0,31575.0,136,2025-06-13 09:55:00
1749808560,31575.0,31590.0,31520.0,31520.0,9,2025-06-13 09:56:00
1749808620,31520.0,31565.0,31520.0,31565.0,10,2025-06-13 09:57:00
1749808680,31565.0,31605.0,31505.0,31505.0,24,2025-06-13 09:58:00
1749808740,31505.0,31505.0,31405.0,31405.0,30,2025-06-13 09:59:00
1750045500,31510.0,31595.0,31415.0,31440.0,85,2025-06-16 03:45:00
1750045560,31595.0,31595.0,31445.0,31445.0,30,2025-06-16 03:46:00
1750045620,31445.0,31515.0,31435.0,31505.0,50,2025-06-16 03:47:00
1750045680,31520.0,31520.0,31495.0,31515.0,16,2025-06-16 03:48:00
1750045740,31515.0,31545.0,31515.0,31515.0,2,2025-06-16 03:49:00
1750045800,31515.0,31515.0,31515.0,31515.0,10,2025-06-16 03:50:00
1750045860,31515.0,31525.0,31480.0,31525.0,7,2025-06-16 03:51:00
1750045920,31525.0,31585.0,31525.0,31585.0,4,2025-06-16 03:52:00
1750045980,31585.0,31585.0,31535.0,31585.0,15,2025-06-16 03:53:00
1750046040,31585.0,31585.0,31585.0,31585.0,0,2025-06-16 03:54:00
1750046100,31585.0,31585.0,31575.0,31575.0,2,2025-06-16 03:55:00
1750046160,31575.0,31575.0,31535.0,31540.0,4,2025-06-16 03:56:00
1750046220,31540.0,31540.0,31540.0,31540.0,0,2025-06-16 03:57:00
1750046280,31540.0,31540.0,31540.0,31540.0,0,2025-06-16 03:58:00
1750046340,31540.0,31540.0,31540.0,31540.0,0,2025-06-16 03:59:00
1750046400,31540.0,31540.0,31500.0,31500.0,7,2025-06-16 04:00:00
1750046460,31500.0,31525.0,31495.0,31525.0,8,2025-06-16 04:01:00
1750046520,31525.0,31540.0,31525.0,31540.0,4,2025-06-16 04:02:00
1750046580,31540.0,31540.0,31540.0,31540.0,0,2025-06-16 04:03:00
1750046640,31540.0,31540.0,31500.0,31500.0,2,2025-06-16 04:04:00
1750046700,31500.0,31500.0,31495.0,31495.0,1,2025-06-16 04:05:00
1750046760,31495.0,31530.0,31495.0,31530.0,1,2025-06-16 04:06:00
1750046820,31530.0,31530.0,31510.0,31510.0,1,2025-06-16 04:07:00
1750046880,31510.0,31510.0,31510.0,31510.0,0,2025-06-16 04:08:00
1750046940,31510.0,31510.0,31510.0,31510.0,0,2025-06-16 04:09:00
1750047000,31510.0,31545.0,31480.0,31545.0,16,2025-06-16 04:10:00
1750047060,31545.0,31545.0,31520.0,31520.0,1,2025-06-16 04:11:00
1750047120,31520.0,31550.0,31520.0,31550.0,5,2025-06-16 04:12:00
1750047180,31550.0,31560.0,31530.0,31560.0,2,2025-06-16 04:13:00
1750047240,31560.0,31560.0,31560.0,31560.0,0,2025-06-16 04:14:00
1750047300,31560.0,31560.0,31530.0,31560.0,6,2025-06-16 04:15:00
1750047360,31560.0,31560.0,31560.0,31560.0,3,2025-06-16 04:16:00
1750047420,31560.0,31560.0,31515.0,31515.0,20,2025-06-16 04:17:00
1750047480,31515.0,31520.0,31500.0,31500.0,61,2025-06-16 04:18:00
1750047540,31500.0,31505.0,31500.0,31505.0,2,2025-06-16 04:19:00
1750047600,31505.0,31560.0,31505.0,31510.0,10,2025-06-16 04:20:00
1750047660,31510.0,31610.0,31510.0,31610.0,57,2025-06-16 04:21:00
1750047720,31610.0,31705.0,31610.0,31650.0,140,2025-06-16 04:22:00
1750047780,31650.0,31715.0,31650.0,31710.0,12,2025-06-16 04:23:00
1750047840,31710.0,31710.0,31655.0,31690.0,3,2025-06-16 04:24:00
1750047900,31690.0,31690.0,31650.0,31650.0,5,2025-06-16 04:25:00
1750047960,31650.0,31690.0,31650.0,31690.0,10,2025-06-16 04:26:00
1750048020,31690.0,31690.0,31655.0,31655.0,2,2025-06-16 04:27:00
1750048080,31640.0,31640.0,31600.0,31615.0,31,2025-06-16 04:28:00
1750048140,31615.0,31615.0,31615.0,31615.0,2,2025-06-16 04:29:00
1750048200,31615.0,31650.0,31615.0,31650.0,2,2025-06-16 04:30:00
1750048260,31650.0,31650.0,31650.0,31650.0,2,2025-06-16 04:31:00
1750048320,31650.0,31650.0,31565.0,31585.0,28,2025-06-16 04:32:00
1750048380,31585.0,31585.0,31545.0,31545.0,11,2025-06-16 04:33:00
1750048440,31545.0,31615.0,31545.0,31615.0,9,2025-06-16 04:34:00
1750048500,31615.0,31615.0,31550.0,31590.0,25,2025-06-16 04:35:00
1750048560,31590.0,31590.0,31550.0,31550.0,12,2025-06-16 04:36:00
1750048620,31550.0,31550.0,31550.0,31550.0,0,2025-06-16 04:37:00
1750048680,31550.0,31575.0,31550.0,31575.0,2,2025-06-16 04:38:00
1750048740,31595.0,31620.0,31595.0,31620.0,3,2025-06-16 04:39:00
1750048800,31620.0,31645.0,31590.0,31645.0,25,2025-06-16 04:40:00
1750048860,31645.0,31645.0,31600.0,31600.0,13,2025-06-16 04:41:00
1750048920,31600.0,31600.0,31565.0,31565.0,2,2025-06-16 04:42:00
1750048980,31565.0,31595.0,31555.0,31595.0,10,2025-06-16 04:43:00
1750049040,31595.0,31600.0,31595.0,31600.0,2,2025-06-16 04:44:00
1750049100,31600.0,31635.0,31595.0,31635.0,12,2025-06-16 04:45:00
1750049160,31635.0,31635.0,31605.0,31605.0,9,2025-06-16 04:46:00
1750049220,31585.0,31585.0,31570.0,31570.0,11,2025-06-16 04:47:00
1750049280,31570.0,31570.0,31570.0,31570.0,2,2025-06-16 04:48:00
1750049340,31570.0,31645.0,31570.0,31630.0,17,2025-06-16 04:49:00
1750049400,31630.0,31630.0,31630.0,31630.0,0,2025-06-16 04:50:00
1750049460,31630.0,31630.0,31630.0,31630.0,0,2025-06-16 04:51:00
1750049520,31630.0,31630.0,31630.0,31630.0,0,2025-06-16 04:52:00
1750049580,31630.0,31630.0,31630.0,31630.0,3,2025-06-16 04:53:00
1750049640,31630.0,31630.0,31630.0,31630.0,0,2025-06-16 04:54:00
1750049700,31630.0,31660.0,31630.0,31660.0,35,2025-06-16 04:55:00
1750049760,31660.0,31660.0,31660.0,31660.0,0,2025-06-16 04:56:00
1750049820,31660.0,31700.0,31625.0,31625.0,93,2025-06-16 04:57:00
1750049880,31625.0,31680.0,31625.0,31680.0,1,2025-06-16 04:58:00
1750049940,31680.0,31700.0,31680.0,31700.0,26,2025-06-16 04:59:00
1750050000,31700.0,31700.0,31700.0,31700.0,0,2025-06-16 05:00:00
1750050060,31700.0,31700.0,31665.0,31665.0,3,2025-06-16 05:01:00
1750050120,31665.0,31695.0,31660.0,31690.0,4,2025-06-16 05:02:00
1750050180,31690.0,31690.0,31690.0,31690.0,0,2025-06-16 05:03:00
1750050240,31690.0,31690.0,31690.0,31690.0,0,2025-06-16 05:04:00
1750050300,31690.0,31690.0,31655.0,31690.0,4,2025-06-16 05:05:00
1750050360,31690.0,31690.0,31690.0,31690.0,8,2025-06-16 05:06:00
1750050420,31690.0,31690.0,31655.0,31655.0,1,2025-06-16 05:07:00
1750050480,31655.0,31655.0,31655.0,31655.0,14,2025-06-16 05:08:00
1750050540,31655.0,31655.0,31655.0,31655.0,0,2025-06-16 05:09:00
1750050600,31655.0,31655.0,31655.0,31655.0,5,2025-06-16 05:10:00
1750050660,31655.0,31655.0,31655.0,31655.0,2,2025-06-16 05:11:00
1750050720,31655.0,31655.0,31655.0,31655.0,0,2025-06-16 05:12:00
1750050780,31655.0,31655.0,31655.0,31655.0,0,2025-06-16 05:13:00
1750050840,31655.0,31655.0,31655.0,31655.0,2,2025-06-16 05:14:00
1750050900,31655.0,31655.0,31625.0,31625.0,1,2025-06-16 05:15:00
1750050960,31625.0,31665.0,31625.0,31665.0,7,2025-06-16 05:16:00
1750051020,31665.0,31665.0,31665.0,31665.0,0,2025-06-16 05:17:00
1750051080,31665.0,31665.0,31665.0,31665.0,0,2025-06-16 05:18:00
1750051140,31665.0,31665.0,31665.0,31665.0,0,2025-06-16 05:19:00
1750051200,31665.0,31665.0,31625.0,31625.0,2,2025-06-16 05:20:00
1750051260,31625.0,31695.0,31625.0,31675.0,67,2025-06-16 05:21:00
1750051320,31690.0,31795.0,31690.0,31795.0,201,2025-06-16 05:22:00
1750051380,31795.0,31795.0,31785.0,31785.0,3,2025-06-16 05:23:00
1750051440,31785.0,31785.0,31740.0,31780.0,12,2025-06-16 05:24:00
1750051500,31780.0,31795.0,31745.0,31795.0,31,2025-06-16 05:25:00
1750051560,31800.0,31850.0,31800.0,31845.0,145,2025-06-16 05:26:00
1750051620,31845.0,31845.0,31795.0,31795.0,9,2025-06-16 05:27:00
1750051680,31795.0,31820.0,31795.0,31820.0,21,2025-06-16 05:28:00
1750051740,31780.0,31800.0,31765.0,31800.0,8,2025-06-16 05:29:00
1750051800,31800.0,31815.0,31785.0,31785.0,22,2025-06-16 05:30:00
1750051860,31785.0,31785.0,31785.0,31785.0,0,2025-06-16 05:31:00
1750051920,31785.0,31785.0,31765.0,31765.0,14,2025-06-16 05:32:00
1750051980,31765.0,31850.0,31765.0,31850.0,60,2025-06-16 05:33:00
1750052040,31850.0,31860.0,31815.0,31815.0,36,2025-06-16 05:34:00
1750052100,31815.0,31815.0,31780.0,31780.0,8,2025-06-16 05:35:00
1750052160,31780.0,31815.0,31780.0,31815.0,3,2025-06-16 05:36:00
1750052220,31815.0,31875.0,31815.0,31875.0,35,2025-06-16 05:37:00
1750052280,31825.0,31825.0,31790.0,31790.0,10,2025-06-16 05:38:00
1750052340,31795.0,31800.0,31795.0,31800.0,9,2025-06-16 05:39:00
1750052400,31800.0,31800.0,31800.0,31800.0,0,2025-06-16 05:40:00
1750052460,31800.0,31800.0,31800.0,31800.0,5,2025-06-16 05:41:00
1750052520,31800.0,31800.0,31800.0,31800.0,0,2025-06-16 05:42:00
1750052580,31800.0,31800.0,31800.0,31800.0,1,2025-06-16 05:43:00
1750052640,31800.0,31800.0,31770.0,31770.0,5,2025-06-16 05:44:00
1750052700,31770.0,31790.0,31750.0,31790.0,22,2025-06-16 05:45:00
1750052760,31790.0,31795.0,31790.0,31795.0,2,2025-06-16 05:46:00
1750052820,31795.0,31795.0,31700.0,31700.0,329,2025-06-16 05:47:00
1750052880,31690.0,31705.0,31690.0,31705.0,10,2025-06-16 05:48:00
1750052940,31705.0,31705.0,31705.0,31705.0,21,2025-06-16 05:49:00
1750053000,31670.0,31695.0,31670.0,31695.0,2,2025-06-16 05:50:00
1750053060,31695.0,31705.0,31695.0,31705.0,5,2025-06-16 05:51:00
1750053120,31705.0,31705.0,31665.0,31675.0,7,2025-06-16 05:52:00
1750053180,31675.0,31705.0,31670.0,31670.0,6,2025-06-16 05:53:00
1750053240,31670.0,31670.0,31665.0,31665.0,2,2025-06-16 05:54:00
1750053300,31665.0,31665.0,31665.0,31665.0,0,2025-06-16 05:55:00
1750053360,31665.0,31665.0,31665.0,31665.0,0,2025-06-16 05:56:00
1750053420,31665.0,31710.0,31665.0,31710.0,4,2025-06-16 05:57:00
1750053480,31710.0,31710.0,31700.0,31700.0,4,2025-06-16 05:58:00
1750053540,31700.0,31700.0,31700.0,31700.0,0,2025-06-16 05:59:00
1750053600,31700.0,31705.0,31675.0,31675.0,2,2025-06-16 06:00:00
1750053660,31675.0,31675.0,31675.0,31675.0,0,2025-06-16 06:01:00
1750053720,31675.0,31700.0,31675.0,31700.0,10,2025-06-16 06:02:00
1750053780,31720.0,31720.0,31700.0,31700.0,6,2025-06-16 06:03:00
1750053840,31700.0,31700.0,31700.0,31700.0,0,2025-06-16 06:04:00
1750053900,31715.0,31720.0,31715.0,31720.0,12,2025-06-16 06:05:00
1750053960,31720.0,31720.0,31720.0,31720.0,1,2025-06-16 06:06:00
1750054020,31720.0,31730.0,31720.0,31730.0,2,2025-06-16 06:07:00
1750054080,31730.0,31730.0,31685.0,31685.0,5,2025-06-16 06:08:00
1750054140,31685.0,31685.0,31685.0,31685.0,0,2025-06-16 06:09:00
1750054200,31685.0,31685.0,31685.0,31685.0,0,2025-06-16 06:10:00
1750054260,31685.0,31685.0,31685.0,31685.0,0,2025-06-16 06:11:00
1750054320,31685.0,31685.0,31685.0,31685.0,0,2025-06-16 06:12:00
1750054380,31685.0,31725.0,31685.0,31725.0,1,2025-06-16 06:13:00
1750054440,31725.0,31725.0,31725.0,31725.0,0,2025-06-16 06:14:00
1750054500,31725.0,31725.0,31725.0,31725.0,0,2025-06-16 06:15:00
1750054560,31725.0,31725.0,31725.0,31725.0,0,2025-06-16 06:16:00
1750054620,31725.0,31725.0,31725.0,31725.0,0,2025-06-16 06:17:00
1750054680,31725.0,31725.0,31685.0,31710.0,11,2025-06-16 06:18:00
1750054740,31710.0,31710.0,31710.0,31710.0,0,2025-06-16 06:19:00
1750054800,31710.0,31710.0,31710.0,31710.0,0,2025-06-16 06:20:00
1750054860,31710.0,31710.0,31710.0,31710.0,0,2025-06-16 06:21:00
1750054920,31710.0,31720.0,31710.0,31720.0,18,2025-06-16 06:22:00
1750054980,31720.0,31720.0,31720.0,31720.0,0,2025-06-16 06:23:00
1750055040,31720.0,31720.0,31720.0,31720.0,1,2025-06-16 06:24:00
1750055100,31720.0,31720.0,31720.0,31720.0,1,2025-06-16 06:25:00
1750055160,31720.0,31720.0,31685.0,31685.0,5,2025-06-16 06:26:00
1750055220,31685.0,31685.0,31685.0,31685.0,0,2025-06-16 06:27:00
1750055280,31685.0,31685.0,31685.0,31685.0,0,2025-06-16 06:28:00
1750055340,31685.0,31685.0,31685.0,31685.0,0,2025-06-16 06:29:00
1750055400,31685.0,31685.0,31665.0,31665.0,4,2025-06-16 06:30:00
1750055460,31665.0,31670.0,31665.0,31670.0,2,2025-06-16 06:31:00
1750055520,31670.0,31670.0,31670.0,31670.0,3,2025-06-16 06:32:00
1750055580,31670.0,31705.0,31670.0,31705.0,2,2025-06-16 06:33:00
1750055640,31705.0,31705.0,31670.0,31670.0,2,2025-06-16 06:34:00
1750055700,31670.0,31670.0,31670.0,31670.0,0,2025-06-16 06:35:00
1750055760,31670.0,31670.0,31670.0,31670.0,0,2025-06-16 06:36:00
1750055820,31670.0,31670.0,31670.0,31670.0,0,2025-06-16 06:37:00
1750055880,31670.0,31680.0,31670.0,31680.0,15,2025-06-16 06:38:00
1750055940,31680.0,31715.0,31680.0,31715.0,7,2025-06-16 06:39:00
1750056000,31715.0,31715.0,31675.0,31675.0,2,2025-06-16 06:40:00
1750056060,31675.0,31675.0,31675.0,31675.0,0,2025-06-16 06:41:00
1750056120,31675.0,31675.0,31675.0,31675.0,0,2025-06-16 06:42:00
1750056180,31675.0,31675.0,31675.0,31675.0,0,2025-06-16 06:43:00
1750056240,31675.0,31675.0,31675.0,31675.0,0,2025-06-16 06:44:00
1750056300,31675.0,31675.0,31675.0,31675.0,0,2025-06-16 06:45:00
1750056360,31675.0,31675.0,31675.0,31675.0,0,2025-06-16 06:46:00
1750056420,31675.0,31675.0,31675.0,31675.0,0,2025-06-16 06:47:00
1750056480,31675.0,31675.0,31675.0,31675.0,0,2025-06-16 06:48:00
1750056540,31675.0,31675.0,31675.0,31675.0,0,2025-06-16 06:49:00
1750056600,31675.0,31675.0,31675.0,31675.0,0,2025-06-16 06:50:00
1750056660,31675.0,31675.0,31675.0,31675.0,18,2025-06-16 06:51:00
1750056720,31675.0,31710.0,31675.0,31710.0,1,2025-06-16 06:52:00
1750056780,31710.0,31710.0,31710.0,31710.0,0,2025-06-16 06:53:00
1750056840,31710.0,31710.0,31710.0,31710.0,0,2025-06-16 06:54:00
1750056900,31710.0,31715.0,31710.0,31715.0,2,2025-06-16 06:55:00
1750056960,31715.0,31715.0,31715.0,31715.0,0,2025-06-16 06:56:00
1750057020,31715.0,31715.0,31715.0,31715.0,0,2025-06-16 06:57:00
1750057080,31715.0,31715.0,31675.0,31675.0,22,2025-06-16 06:58:00
1750057140,31675.0,31675.0,31675.0,31675.0,0,2025-06-16 06:59:00
1750057200,31675.0,31675.0,31675.0,31675.0,2,2025-06-16 07:00:00
1750057260,31675.0,31675.0,31675.0,31675.0,1,2025-06-16 07:01:00
1750057320,31675.0,31675.0,31675.0,31675.0,2,2025-06-16 07:02:00
1750057380,31675.0,31675.0,31675.0,31675.0,0,2025-06-16 07:03:00
1750057440,31675.0,31675.0,31675.0,31675.0,0,2025-06-16 07:04:00
1750057500,31675.0,31675.0,31675.0,31675.0,1,2025-06-16 07:05:00
1750057560,31675.0,31675.0,31675.0,31675.0,0,2025-06-16 07:06:00
1750057620,31675.0,31715.0,31675.0,31715.0,1,2025-06-16 07:07:00
1750057680,31715.0,31715.0,31715.0,31715.0,0,2025-06-16 07:08:00
1750057740,31715.0,31715.0,31715.0,31715.0,1,2025-06-16 07:09:00
1750057800,31715.0,31715.0,31705.0,31705.0,1,2025-06-16 07:10:00
1750057860,31680.0,31680.0,31680.0,31680.0,3,2025-06-16 07:11:00
1750057920,31680.0,31710.0,31680.0,31710.0,4,2025-06-16 07:12:00
1750057980,31710.0,31710.0,31710.0,31710.0,0,2025-06-16 07:13:00
1750058040,31710.0,31710.0,31675.0,31675.0,8,2025-06-16 07:14:00
1750058100,31675.0,31675.0,31675.0,31675.0,0,2025-06-16 07:15:00
1750058160,31675.0,31695.0,31675.0,31695.0,5,2025-06-16 07:16:00
1750058220,31695.0,31695.0,31695.0,31695.0,0,2025-06-16 07:17:00
1750058280,31695.0,31700.0,31695.0,31700.0,1,2025-06-16 07:18:00
1750058340,31700.0,31700.0,31700.0,31700.0,0,2025-06-16 07:19:00
1750058400,31700.0,31700.0,31700.0,31700.0,0,2025-06-16 07:20:00
1750058460,31700.0,31710.0,31700.0,31710.0,1,2025-06-16 07:21:00
1750058520,31710.0,31715.0,31710.0,31715.0,1,2025-06-16 07:22:00
1750058580,31715.0,31715.0,31675.0,31675.0,1,2025-06-16 07:23:00
1750058640,31675.0,31675.0,31675.0,31675.0,0,2025-06-16 07:24:00
1750058700,31675.0,31675.0,31675.0,31675.0,0,2025-06-16 07:25:00
1750058760,31675.0,31715.0,31675.0,31715.0,10,2025-06-16 07:26:00
1750058820,31715.0,31715.0,31715.0,31715.0,0,2025-06-16 07:27:00
1750058880,31715.0,31715.0,31685.0,31685.0,1,2025-06-16 07:28:00
1750058940,31685.0,31700.0,31685.0,31700.0,7,2025-06-16 07:29:00
1750059000,31715.0,31715.0,31715.0,31715.0,3,2025-06-16 07:30:00
1750059060,31715.0,31715.0,31715.0,31715.0,0,2025-06-16 07:31:00
1750059120,31715.0,31715.0,31715.0,31715.0,0,2025-06-16 07:32:00
1750059180,31715.0,31715.0,31715.0,31715.0,0,2025-06-16 07:33:00
1750059240,31715.0,31715.0,31675.0,31675.0,4,2025-06-16 07:34:00
1750059300,31675.0,31675.0,31675.0,31675.0,0,2025-06-16 07:35:00
1750059360,31675.0,31675.0,31675.0,31675.0,0,2025-06-16 07:36:00
1750059420,31675.0,31710.0,31675.0,31680.0,21,2025-06-16 07:37:00
1750059480,31680.0,31680.0,31680.0,31680.0,0,2025-06-16 07:38:00
1750059540,31680.0,31680.0,31680.0,31680.0,1,2025-06-16 07:39:00
1750059600,31680.0,31680.0,31680.0,31680.0,0,2025-06-16 07:40:00
1750059660,31680.0,31685.0,31680.0,31685.0,1,2025-06-16 07:41:00
1750059720,31710.0,31725.0,31710.0,31725.0,31,2025-06-16 07:42:00
1750059780,31725.0,31725.0,31725.0,31725.0,0,2025-06-16 07:43:00
1750059840,31725.0,31725.0,31725.0,31725.0,0,2025-06-16 07:44:00
1750059900,31725.0,31725.0,31725.0,31725.0,0,2025-06-16 07:45:00
1750059960,31725.0,31725.0,31725.0,31725.0,0,2025-06-16 07:46:00
1750060020,31725.0,31725.0,31695.0,31695.0,2,2025-06-16 07:47:00
1750060080,31695.0,31695.0,31695.0,31695.0,1,2025-06-16 07:48:00
1750060140,31695.0,31695.0,31695.0,31695.0,0,2025-06-16 07:49:00
1750060200,31695.0,31695.0,31695.0,31695.0,0,2025-06-16 07:50:00
1750060260,31695.0,31695.0,31695.0,31695.0,1,2025-06-16 07:51:00
1750060320,31695.0,31695.0,31695.0,31695.0,0,2025-06-16 07:52:00
1750060380,31695.0,31695.0,31695.0,31695.0,10,2025-06-16 07:53:00
1750060440,31695.0,31695.0,31680.0,31680.0,1,2025-06-16 07:54:00
1750060500,31680.0,31680.0,31680.0,31680.0,1,2025-06-16 07:55:00
1750060560,31680.0,31680.0,31680.0,31680.0,0,2025-06-16 07:56:00
1750060620,31680.0,31680.0,31680.0,31680.0,0,2025-06-16 07:57:00
1750060680,31680.0,31680.0,31680.0,31680.0,0,2025-06-16 07:58:00
1750060740,31680.0,31680.0,31660.0,31660.0,5,2025-06-16 07:59:00
1750060800,31660.0,31660.0,31660.0,31660.0,0,2025-06-16 08:00:00
1750060860,31660.0,31670.0,31515.0,31570.0,168,2025-06-16 08:01:00
1750060920,31570.0,31570.0,31570.0,31570.0,0,2025-06-16 08:02:00
1750060980,31570.0,31580.0,31570.0,31580.0,5,2025-06-16 08:03:00
1750061040,31580.0,31620.0,31580.0,31620.0,2,2025-06-16 08:04:00
1750061100,31620.0,31620.0,31620.0,31620.0,0,2025-06-16 08:05:00
1750061160,31620.0,31620.0,31620.0,31620.0,0,2025-06-16 08:06:00
1750061220,31620.0,31620.0,31615.0,31615.0,1,2025-06-16 08:07:00
1750061280,31615.0,31615.0,31615.0,31615.0,0,2025-06-16 08:08:00
1750061340,31615.0,31620.0,31615.0,31620.0,4,2025-06-16 08:09:00
1750061400,31620.0,31620.0,31620.0,31620.0,0,2025-06-16 08:10:00
1750061460,31620.0,31620.0,31620.0,31620.0,0,2025-06-16 08:11:00
1750061520,31620.0,31690.0,31620.0,31690.0,65,2025-06-16 08:12:00
1750061580,31690.0,31690.0,31690.0,31690.0,0,2025-06-16 08:13:00
1750061640,31690.0,31690.0,31610.0,31610.0,2,2025-06-16 08:14:00
1750061700,31610.0,31640.0,31610.0,31615.0,4,2025-06-16 08:15:00
1750061760,31615.0,31615.0,31610.0,31610.0,2,2025-06-16 08:16:00
1750061820,31610.0,31610.0,31610.0,31610.0,5,2025-06-16 08:17:00
1750061880,31610.0,31610.0,31605.0,31605.0,1,2025-06-16 08:18:00
1750061940,31605.0,31645.0,31605.0,31645.0,2,2025-06-16 08:19:00
1750062000,31645.0,31645.0,31645.0,31645.0,0,2025-06-16 08:20:00
1750062060,31645.0,31645.0,31645.0,31645.0,1,2025-06-16 08:21:00
1750062120,31645.0,31645.0,31645.0,31645.0,0,2025-06-16 08:22:00
1750062180,31645.0,31645.0,31610.0,31610.0,2,2025-06-16 08:23:00
1750062240,31610.0,31610.0,31610.0,31610.0,0,2025-06-16 08:24:00
1750062300,31610.0,31645.0,31610.0,31645.0,1,2025-06-16 08:25:00
1750062360,31650.0,31650.0,31605.0,31605.0,15,2025-06-16 08:26:00
1750062420,31605.0,31640.0,31605.0,31640.0,7,2025-06-16 08:27:00
1750062480,31640.0,31640.0,31640.0,31640.0,0,2025-06-16 08:28:00
1750062540,31640.0,31680.0,31640.0,31680.0,5,2025-06-16 08:29:00
1750062600,31680.0,31680.0,31655.0,31655.0,42,2025-06-16 08:30:00
1750062660,31655.0,31655.0,31655.0,31655.0,0,2025-06-16 08:31:00
1750062720,31655.0,31655.0,31655.0,31655.0,0,2025-06-16 08:32:00
1750062780,31655.0,31655.0,31640.0,31640.0,1,2025-06-16 08:33:00
1750062840,31640.0,31640.0,31635.0,31635.0,10,2025-06-16 08:34:00
1750062900,31635.0,31635.0,31635.0,31635.0,0,2025-06-16 08:35:00
1750062960,31635.0,31635.0,31635.0,31635.0,0,2025-06-16 08:36:00
1750063020,31635.0,31660.0,31635.0,31660.0,3,2025-06-16 08:37:00
1750063080,31670.0,31670.0,31660.0,31660.0,7,2025-06-16 08:38:00
1750063140,31660.0,31660.0,31630.0,31655.0,3,2025-06-16 08:39:00
1750063200,31655.0,31655.0,31655.0,31655.0,0,2025-06-16 08:40:00
1750063260,31655.0,31680.0,31655.0,31680.0,1,2025-06-16 08:41:00
1750063320,31680.0,31680.0,31670.0,31670.0,1,2025-06-16 08:42:00
1750063380,31670.0,31670.0,31655.0,31655.0,1,2025-06-16 08:43:00
1750063440,31655.0,31670.0,31625.0,31625.0,21,2025-06-16 08:44:00
1750063500,31625.0,31640.0,31625.0,31640.0,1,2025-06-16 08:45:00
1750063560,31660.0,31660.0,31645.0,31645.0,3,2025-06-16 08:46:00
1750063620,31645.0,31645.0,31645.0,31645.0,2,2025-06-16 08:47:00
1750063680,31645.0,31645.0,31610.0,31615.0,6,2025-06-16 08:48:00
1750063740,31610.0,31615.0,31610.0,31615.0,3,2025-06-16 08:49:00
1750063800,31640.0,31640.0,31600.0,31600.0,7,2025-06-16 08:50:00
1750063860,31635.0,31645.0,31600.0,31600.0,8,2025-06-16 08:51:00
1750063920,31600.0,31635.0,31600.0,31610.0,5,2025-06-16 08:52:00
1750063980,31610.0,31615.0,31600.0,31615.0,4,2025-06-16 08:53:00
1750064040,31615.0,31635.0,31605.0,31605.0,6,2025-06-16 08:54:00
1750064100,31620.0,31645.0,31605.0,31610.0,12,2025-06-16 08:55:00
1750064160,31610.0,31625.0,31610.0,31625.0,3,2025-06-16 08:56:00
1750064220,31625.0,31625.0,31625.0,31625.0,3,2025-06-16 08:57:00
1750064280,31625.0,31625.0,31625.0,31625.0,3,2025-06-16 08:58:00
1750064340,31625.0,31670.0,31610.0,31610.0,10,2025-06-16 08:59:00
1750064400,31610.0,31655.0,31610.0,31655.0,3,2025-06-16 09:00:00
1750064460,31660.0,31660.0,31660.0,31660.0,5,2025-06-16 09:01:00
1750064520,31660.0,31660.0,31660.0,31660.0,0,2025-06-16 09:02:00
1750064580,31660.0,31660.0,31660.0,31660.0,0,2025-06-16 09:03:00
1750064640,31660.0,31660.0,31655.0,31655.0,1,2025-06-16 09:04:00
1750064700,31655.0,31655.0,31655.0,31655.0,0,2025-06-16 09:05:00
1750064760,31655.0,31655.0,31650.0,31650.0,5,2025-06-16 09:06:00
1750064820,31650.0,31650.0,31650.0,31650.0,0,2025-06-16 09:07:00
1750064880,31650.0,31655.0,31650.0,31655.0,10,2025-06-16 09:08:00
1750064940,31655.0,31660.0,31655.0,31660.0,36,2025-06-16 09:09:00
1750065000,31660.0,31660.0,31660.0,31660.0,0,2025-06-16 09:10:00
1750065060,31660.0,31685.0,31660.0,31685.0,2,2025-06-16 09:11:00
1750065120,31685.0,31685.0,31685.0,31685.0,0,2025-06-16 09:12:00
1750065180,31685.0,31685.0,31685.0,31685.0,0,2025-06-16 09:13:00
1750065240,31685.0,31685.0,31685.0,31685.0,1,2025-06-16 09:14:00
1750065300,31685.0,31685.0,31685.0,31685.0,0,2025-06-16 09:15:00
1750065360,31685.0,31690.0,31685.0,31690.0,4,2025-06-16 09:16:00
1750065420,31690.0,31690.0,31685.0,31685.0,1,2025-06-16 09:17:00
1750065480,31685.0,31685.0,31670.0,31670.0,1,2025-06-16 09:18:00
1750065540,31670.0,31690.0,31670.0,31690.0,2,2025-06-16 09:19:00
1750065600,31690.0,31690.0,31690.0,31690.0,0,2025-06-16 09:20:00
1750065660,31690.0,31690.0,31690.0,31690.0,3,2025-06-16 09:21:00
1750065720,31690.0,31690.0,31690.0,31690.0,0,2025-06-16 09:22:00
1750065780,31690.0,31690.0,31690.0,31690.0,5,2025-06-16 09:23:00
1750065840,31690.0,31690.0,31655.0,31655.0,5,2025-06-16 09:24:00
1750065900,31655.0,31655.0,31645.0,31645.0,13,2025-06-16 09:25:00
1750065960,31675.0,31675.0,31620.0,31675.0,7,2025-06-16 09:26:00
1750066020,31675.0,31675.0,31610.0,31610.0,16,2025-06-16 09:27:00
1750066080,31610.0,31660.0,31610.0,31630.0,5,2025-06-16 09:28:00
1750066140,31655.0,31655.0,31655.0,31655.0,2,2025-06-16 09:29:00
1750066200,31675.0,31675.0,31675.0,31675.0,5,2025-06-16 09:30:00
1750066260,31675.0,31675.0,31635.0,31635.0,5,2025-06-16 09:31:00
1750066320,31635.0,31670.0,31625.0,31670.0,22,2025-06-16 09:32:00
1750066380,31670.0,31670.0,31670.0,31670.0,19,2025-06-16 09:33:00
1750066440,31645.0,31645.0,31645.0,31645.0,8,2025-06-16 09:34:00
1750066500,31645.0,31645.0,31645.0,31645.0,0,2025-06-16 09:35:00
1750066560,31645.0,31680.0,31645.0,31680.0,1,2025-06-16 09:36:00
1750066620,31680.0,31680.0,31660.0,31660.0,5,2025-06-16 09:37:00
1750066680,31660.0,31680.0,31660.0,31680.0,10,2025-06-16 09:38:00
1750066740,31680.0,31680.0,31645.0,31680.0,7,2025-06-16 09:39:00
1750066800,31680.0,31680.0,31680.0,31680.0,1,2025-06-16 09:40:00
1750066860,31680.0,31690.0,31655.0,31655.0,7,2025-06-16 09:41:00
1750066920,31655.0,31690.0,31655.0,31690.0,3,2025-06-16 09:42:00
1750066980,31690.0,31690.0,31690.0,31690.0,1,2025-06-16 09:43:00
1750067040,31690.0,31690.0,31655.0,31685.0,2,2025-06-16 09:44:00
1750067100,31685.0,31685.0,31645.0,31685.0,27,2025-06-16 09:45:00
1750067160,31685.0,31685.0,31650.0,31650.0,4,2025-06-16 09:46:00
1750067220,31685.0,31690.0,31650.0,31650.0,12,2025-06-16 09:47:00
1750067280,31650.0,31690.0,31650.0,31690.0,6,2025-06-16 09:48:00
1750067340,31690.0,31690.0,31660.0,31690.0,56,2025-06-16 09:49:00
1750067400,31690.0,31690.0,31655.0,31685.0,17,2025-06-16 09:50:00
1750067460,31685.0,31685.0,31655.0,31655.0,4,2025-06-16 09:51:00
1750067520,31690.0,31690.0,31645.0,31645.0,40,2025-06-16 09:52:00
1750067580,31645.0,31690.0,31645.0,31690.0,54,2025-06-16 09:53:00
1750067640,31690.0,31690.0,31650.0,31690.0,15,2025-06-16 09:54:00
1750067700,31650.0,31690.0,31650.0,31650.0,10,2025-06-16 09:55:00
1750067760,31665.0,31690.0,31665.0,31685.0,7,2025-06-16 09:56:00
1750067820,31685.0,31690.0,31660.0,31690.0,11,2025-06-16 09:57:00
1750067880,31690.0,31690.0,31600.0,31600.0,22,2025-06-16 09:58:00
1750067940,31600.0,31685.0,31600.0,31685.0,10,2025-06-16 09:59:00
1750131900,31675.0,31790.0,31605.0,31625.0,33,2025-06-17 03:45:00
1750131960,31600.0,31620.0,31600.0,31620.0,6,2025-06-17 03:46:00
1750132020,31610.0,31610.0,31600.0,31600.0,5,2025-06-17 03:47:00
1750132080,31600.0,31600.0,31525.0,31545.0,43,2025-06-17 03:48:00
1750132140,31595.0,31595.0,31585.0,31585.0,8,2025-06-17 03:49:00
1750132200,31585.0,31595.0,31585.0,31595.0,5,2025-06-17 03:50:00
1750132260,31595.0,31595.0,31575.0,31575.0,6,2025-06-17 03:51:00
1750132320,31575.0,31575.0,31575.0,31575.0,1,2025-06-17 03:52:00
1750132380,31575.0,31605.0,31575.0,31605.0,27,2025-06-17 03:53:00
1750132440,31605.0,31605.0,31605.0,31605.0,1,2025-06-17 03:54:00
1750132500,31605.0,31660.0,31605.0,31660.0,5,2025-06-17 03:55:00
1750132560,31660.0,31660.0,31645.0,31650.0,3,2025-06-17 03:56:00
1750132620,31650.0,31650.0,31650.0,31650.0,0,2025-06-17 03:57:00
1750132680,31650.0,31650.0,31650.0,31650.0,0,2025-06-17 03:58:00
1750132740,31650.0,31695.0,31640.0,31640.0,5,2025-06-17 03:59:00
1750132800,31640.0,31645.0,31620.0,31620.0,7,2025-06-17 04:00:00
1750132860,31620.0,31655.0,31620.0,31655.0,1,2025-06-17 04:01:00
1750132920,31655.0,31655.0,31615.0,31615.0,2,2025-06-17 04:02:00
1750132980,31615.0,31625.0,31615.0,31625.0,5,2025-06-17 04:03:00
1750133040,31625.0,31625.0,31625.0,31625.0,0,2025-06-17 04:04:00
1750133100,31630.0,31635.0,31615.0,31615.0,12,2025-06-17 04:05:00
1750133160,31615.0,31650.0,31615.0,31650.0,3,2025-06-17 04:06:00
1750133220,31650.0,31650.0,31610.0,31645.0,8,2025-06-17 04:07:00
1750133280,31645.0,31645.0,31645.0,31645.0,0,2025-06-17 04:08:00
1750133340,31645.0,31645.0,31605.0,31605.0,2,2025-06-17 04:09:00
1750133400,31630.0,31635.0,31630.0,31635.0,4,2025-06-17 04:10:00
1750133460,31635.0,31635.0,31635.0,31635.0,1,2025-06-17 04:11:00
1750133520,31635.0,31635.0,31635.0,31635.0,0,2025-06-17 04:12:00
1750133580,31635.0,31635.0,31635.0,31635.0,1,2025-06-17 04:13:00
1750133640,31635.0,31635.0,31635.0,31635.0,0,2025-06-17 04:14:00
1750133700,31600.0,31600.0,31600.0,31600.0,4,2025-06-17 04:15:00
1750133760,31600.0,31600.0,31600.0,31600.0,0,2025-06-17 04:16:00
1750133820,31600.0,31615.0,31600.0,31615.0,1,2025-06-17 04:17:00
1750133880,31615.0,31620.0,31615.0,31620.0,1,2025-06-17 04:18:00
1750133940,31620.0,31620.0,31620.0,31620.0,0,2025-06-17 04:19:00
1750134000,31590.0,31590.0,31590.0,31590.0,1,2025-06-17 04:20:00
1750134060,31590.0,31590.0,31590.0,31590.0,0,2025-06-17 04:21:00
1750134120,31590.0,31590.0,31590.0,31590.0,0,2025-06-17 04:22:00
1750134180,31590.0,31590.0,31590.0,31590.0,0,2025-06-17 04:23:00
1750134240,31590.0,31590.0,31585.0,31585.0,1,2025-06-17 04:24:00
1750134300,31585.0,31585.0,31575.0,31575.0,29,2025-06-17 04:25:00
1750134360,31575.0,31575.0,31550.0,31550.0,1,2025-06-17 04:26:00
1750134420,31550.0,31585.0,31550.0,31585.0,5,2025-06-17 04:27:00
1750134480,31585.0,31585.0,31585.0,31585.0,0,2025-06-17 04:28:00
1750134540,31585.0,31585.0,31585.0,31585.0,2,2025-06-17 04:29:00
1750134600,31585.0,31585.0,31585.0,31585.0,0,2025-06-17 04:30:00
1750134660,31585.0,31585.0,31585.0,31585.0,0,2025-06-17 04:31:00
1750134720,31585.0,31585.0,31580.0,31580.0,1,2025-06-17 04:32:00
1750134780,31580.0,31580.0,31580.0,31580.0,0,2025-06-17 04:33:00
1750134840,31580.0,31580.0,31570.0,31570.0,1,2025-06-17 04:34:00
1750134900,31570.0,31570.0,31525.0,31525.0,26,2025-06-17 04:35:00
1750134960,31565.0,31565.0,31555.0,31555.0,2,2025-06-17 04:36:00
1750135020,31555.0,31560.0,31555.0,31560.0,2,2025-06-17 04:37:00
1750135080,31520.0,31575.0,31505.0,31575.0,21,2025-06-17 04:38:00
1750135140,31575.0,31575.0,31575.0,31575.0,0,2025-06-17 04:39:00
1750135200,31575.0,31575.0,31560.0,31560.0,2,2025-06-17 04:40:00
1750135260,31560.0,31560.0,31560.0,31560.0,0,2025-06-17 04:41:00
1750135320,31560.0,31565.0,31560.0,31565.0,1,2025-06-17 04:42:00
1750135380,31565.0,31570.0,31565.0,31570.0,1,2025-06-17 04:43:00
1750135440,31570.0,31570.0,31570.0,31570.0,0,2025-06-17 04:44:00
1750135500,31570.0,31570.0,31560.0,31560.0,1,2025-06-17 04:45:00
1750135560,31560.0,31570.0,31540.0,31540.0,4,2025-06-17 04:46:00
1750135620,31540.0,31540.0,31525.0,31525.0,2,2025-06-17 04:47:00
1750135680,31545.0,31550.0,31360.0,31375.0,72,2025-06-17 04:48:00
1750135740,31375.0,31425.0,31330.0,31405.0,61,2025-06-17 04:49:00
1750135800,31405.0,31405.0,31340.0,31400.0,48,2025-06-17 04:50:00
1750135860,31400.0,31415.0,31350.0,31415.0,17,2025-06-17 04:51:00
1750135920,31405.0,31405.0,31325.0,31350.0,25,2025-06-17 04:52:00
1750135980,31350.0,31505.0,31350.0,31505.0,41,2025-06-17 04:53:00
1750136040,31505.0,31540.0,31505.0,31540.0,2,2025-06-17 04:54:00
1750136100,31500.0,31545.0,31500.0,31530.0,19,2025-06-17 04:55:00
1750136160,31530.0,31540.0,31520.0,31540.0,38,2025-06-17 04:56:00
1750136220,31540.0,31560.0,31540.0,31560.0,2,2025-06-17 04:57:00
1750136280,31560.0,31560.0,31560.0,31560.0,15,2025-06-17 04:58:00
1750136340,31560.0,31560.0,31550.0,31550.0,9,2025-06-17 04:59:00
1750136400,31550.0,31550.0,31550.0,31550.0,0,2025-06-17 05:00:00
1750136460,31550.0,31580.0,31535.0,31535.0,4,2025-06-17 05:01:00
1750136520,31535.0,31580.0,31535.0,31580.0,6,2025-06-17 05:02:00
1750136580,31580.0,31580.0,31580.0,31580.0,0,2025-06-17 05:03:00
1750136640,31580.0,31580.0,31540.0,31540.0,2,2025-06-17 05:04:00
1750136700,31565.0,31565.0,31565.0,31565.0,1,2025-06-17 05:05:00
1750136760,31565.0,31565.0,31565.0,31565.0,0,2025-06-17 05:06:00
1750136820,31565.0,31565.0,31565.0,31565.0,3,2025-06-17 05:07:00
1750136880,31550.0,31550.0,31550.0,31550.0,1,2025-06-17 05:08:00
1750136940,31550.0,31550.0,31550.0,31550.0,0,2025-06-17 05:09:00
1750137000,31550.0,31550.0,31550.0,31550.0,0,2025-06-17 05:10:00
1750137060,31550.0,31550.0,31550.0,31550.0,5,2025-06-17 05:11:00
1750137120,31550.0,31550.0,31550.0,31550.0,0,2025-06-17 05:12:00
1750137180,31550.0,31590.0,31550.0,31550.0,29,2025-06-17 05:13:00
1750137240,31550.0,31590.0,31550.0,31590.0,2,2025-06-17 05:14:00
1750137300,31590.0,31590.0,31590.0,31590.0,0,2025-06-17 05:15:00
1750137360,31590.0,31590.0,31560.0,31560.0,3,2025-06-17 05:16:00
1750137420,31560.0,31560.0,31560.0,31560.0,0,2025-06-17 05:17:00
1750137480,31560.0,31560.0,31560.0,31560.0,2,2025-06-17 05:18:00
1750137540,31560.0,31565.0,31560.0,31565.0,1,2025-06-17 05:19:00
1750137600,31565.0,31565.0,31565.0,31565.0,0,2025-06-17 05:20:00
1750137660,31565.0,31565.0,31565.0,31565.0,0,2025-06-17 05:21:00
1750137720,31505.0,31505.0,31480.0,31500.0,45,2025-06-17 05:22:00
1750137780,31500.0,31540.0,31500.0,31540.0,6,2025-06-17 05:23:00
1750137840,31540.0,31540.0,31540.0,31540.0,0,2025-06-17 05:24:00
1750137900,31540.0,31570.0,31540.0,31560.0,3,2025-06-17 05:25:00
1750137960,31560.0,31560.0,31560.0,31560.0,0,2025-06-17 05:26:00
1750138020,31560.0,31560.0,31560.0,31560.0,0,2025-06-17 05:27:00
1750138080,31560.0,31585.0,31545.0,31545.0,6,2025-06-17 05:28:00
1750138140,31545.0,31545.0,31545.0,31545.0,0,2025-06-17 05:29:00
1750138200,31545.0,31545.0,31545.0,31545.0,0,2025-06-17 05:30:00
1750138260,31545.0,31580.0,31545.0,31580.0,1,2025-06-17 05:31:00
1750138320,31580.0,31580.0,31580.0,31580.0,0,2025-06-17 05:32:00
1750138380,31580.0,31580.0,31580.0,31580.0,0,2025-06-17 05:33:00
1750138440,31560.0,31590.0,31560.0,31590.0,3,2025-06-17 05:34:00
1750138500,31590.0,31590.0,31590.0,31590.0,0,2025-06-17 05:35:00
1750138560,31590.0,31590.0,31590.0,31590.0,0,2025-06-17 05:36:00
1750138620,31590.0,31590.0,31560.0,31570.0,3,2025-06-17 05:37:00
1750138680,31570.0,31570.0,31570.0,31570.0,0,2025-06-17 05:38:00
1750138740,31570.0,31570.0,31560.0,31560.0,13,2025-06-17 05:39:00
1750138800,31560.0,31560.0,31560.0,31560.0,0,2025-06-17 05:40:00
1750138860,31560.0,31560.0,31560.0,31560.0,0,2025-06-17 05:41:00
1750138920,31560.0,31560.0,31560.0,31560.0,0,2025-06-17 05:42:00
1750138980,31560.0,31560.0,31560.0,31560.0,0,2025-06-17 05:43:00
1750139040,31560.0,31560.0,31540.0,31540.0,1,2025-06-17 05:44:00
1750139100,31540.0,31555.0,31540.0,31555.0,1,2025-06-17 05:45:00
1750139160,31555.0,31555.0,31555.0,31555.0,0,2025-06-17 05:46:00
1750139220,31555.0,31555.0,31555.0,31555.0,0,2025-06-17 05:47:00
1750139280,31555.0,31555.0,31555.0,31555.0,0,2025-06-17 05:48:00
1750139340,31555.0,31555.0,31555.0,31555.0,0,2025-06-17 05:49:00
1750139400,31555.0,31560.0,31555.0,31560.0,11,2025-06-17 05:50:00
1750139460,31560.0,31560.0,31560.0,31560.0,1,2025-06-17 05:51:00
1750139520,31560.0,31560.0,31560.0,31560.0,3,2025-06-17 05:52:00
1750139580,31560.0,31560.0,31560.0,31560.0,0,2025-06-17 05:53:00
1750139640,31560.0,31570.0,31560.0,31570.0,7,2025-06-17 05:54:00
1750139700,31570.0,31575.0,31570.0,31575.0,1,2025-06-17 05:55:00
1750139760,31575.0,31575.0,31560.0,31560.0,2,2025-06-17 05:56:00
1750139820,31560.0,31560.0,31560.0,31560.0,2,2025-06-17 05:57:00
1750139880,31560.0,31560.0,31560.0,31560.0,0,2025-06-17 05:58:00
1750139940,31560.0,31560.0,31560.0,31560.0,6,2025-06-17 05:59:00
1750140000,31560.0,31560.0,31560.0,31560.0,0,2025-06-17 06:00:00
1750140060,31560.0,31560.0,31560.0,31560.0,1,2025-06-17 06:01:00
1750140120,31560.0,31560.0,31560.0,31560.0,0,2025-06-17 06:02:00
1750140180,31560.0,31560.0,31560.0,31560.0,0,2025-06-17 06:03:00
1750140240,31560.0,31560.0,31560.0,31560.0,0,2025-06-17 06:04:00
1750140300,31560.0,31560.0,31560.0,31560.0,0,2025-06-17 06:05:00
1750140360,31560.0,31560.0,31560.0,31560.0,0,2025-06-17 06:06:00
1750140420,31560.0,31570.0,31560.0,31570.0,10,2025-06-17 06:07:00
1750140480,31570.0,31570.0,31570.0,31570.0,0,2025-06-17 06:08:00
1750140540,31570.0,31595.0,31570.0,31595.0,18,2025-06-17 06:09:00
1750140600,31595.0,31595.0,31550.0,31550.0,4,2025-06-17 06:10:00
1750140660,31550.0,31550.0,31545.0,31545.0,2,2025-06-17 06:11:00
1750140720,31545.0,31545.0,31545.0,31545.0,0,2025-06-17 06:12:00
1750140780,31545.0,31545.0,31545.0,31545.0,0,2025-06-17 06:13:00
1750140840,31545.0,31575.0,31545.0,31575.0,1,2025-06-17 06:14:00
1750140900,31575.0,31575.0,31530.0,31530.0,6,2025-06-17 06:15:00
1750140960,31530.0,31565.0,31515.0,31565.0,2,2025-06-17 06:16:00
1750141020,31565.0,31565.0,31565.0,31565.0,0,2025-06-17 06:17:00
1750141080,31565.0,31565.0,31565.0,31565.0,0,2025-06-17 06:18:00
1750141140,31565.0,31565.0,31565.0,31565.0,0,2025-06-17 06:19:00
1750141200,31565.0,31565.0,31565.0,31565.0,0,2025-06-17 06:20:00
1750141260,31565.0,31565.0,31565.0,31565.0,0,2025-06-17 06:21:00
1750141320,31565.0,31565.0,31565.0,31565.0,0,2025-06-17 06:22:00
1750141380,31565.0,31565.0,31565.0,31565.0,0,2025-06-17 06:23:00
1750141440,31565.0,31565.0,31565.0,31565.0,0,2025-06-17 06:24:00
1750141500,31565.0,31565.0,31565.0,31565.0,0,2025-06-17 06:25:00
1750141560,31565.0,31565.0,31565.0,31565.0,0,2025-06-17 06:26:00
1750141620,31565.0,31565.0,31565.0,31565.0,0,2025-06-17 06:27:00
1750141680,31565.0,31565.0,31515.0,31515.0,3,2025-06-17 06:28:00
1750141740,31515.0,31515.0,31515.0,31515.0,0,2025-06-17 06:29:00
1750141800,31515.0,31515.0,31515.0,31515.0,0,2025-06-17 06:30:00
1750141860,31515.0,31515.0,31515.0,31515.0,0,2025-06-17 06:31:00
1750141920,31515.0,31515.0,31515.0,31515.0,0,2025-06-17 06:32:00
1750141980,31515.0,31515.0,31505.0,31505.0,11,2025-06-17 06:33:00
1750142040,31505.0,31580.0,31505.0,31580.0,10038,2025-06-17 06:34:00
1750142100,31580.0,31580.0,31535.0,31535.0,4,2025-06-17 06:35:00
1750142160,31535.0,31535.0,31525.0,31525.0,4,2025-06-17 06:36:00
1750142220,31525.0,31525.0,31525.0,31525.0,0,2025-06-17 06:37:00
1750142280,31565.0,31565.0,31565.0,31565.0,1,2025-06-17 06:38:00
1750142340,31565.0,31565.0,31565.0,31565.0,0,2025-06-17 06:39:00
1750142400,31565.0,31565.0,31565.0,31565.0,0,2025-06-17 06:40:00
1750142460,31565.0,31565.0,31565.0,31565.0,0,2025-06-17 06:41:00
1750142520,31570.0,31570.0,31570.0,31570.0,1,2025-06-17 06:42:00
1750142580,31570.0,31570.0,31570.0,31570.0,0,2025-06-17 06:43:00
1750142640,31570.0,31570.0,31535.0,31535.0,1,2025-06-17 06:44:00
1750142700,31535.0,31535.0,31530.0,31530.0,1,2025-06-17 06:45:00
1750142760,31530.0,31530.0,31505.0,31505.0,19,2025-06-17 06:46:00
1750142820,31505.0,31505.0,31505.0,31505.0,0,2025-06-17 06:47:00
1750142880,31505.0,31505.0,31505.0,31505.0,0,2025-06-17 06:48:00
1750142940,31505.0,31505.0,31505.0,31505.0,0,2025-06-17 06:49:00
1750143000,31505.0,31690.0,31505.0,31690.0,162,2025-06-17 06:50:00
1750143060,31690.0,31690.0,31690.0,31690.0,0,2025-06-17 06:51:00
1750143120,31640.0,31640.0,31640.0,31640.0,10,2025-06-17 06:52:00
1750143180,31640.0,31640.0,31640.0,31640.0,0,2025-06-17 06:53:00
1750143240,31640.0,31660.0,31595.0,31615.0,12,2025-06-17 06:54:00
1750143300,31590.0,31620.0,31590.0,31620.0,19,2025-06-17 06:55:00
1750143360,31620.0,31620.0,31620.0,31620.0,0,2025-06-17 06:56:00
1750143420,31620.0,31620.0,31620.0,31620.0,0,2025-06-17 06:57:00
1750143480,31620.0,31620.0,31620.0,31620.0,0,2025-06-17 06:58:00
1750143540,31620.0,31620.0,31620.0,31620.0,0,2025-06-17 06:59:00
1750143600,31620.0,31635.0,31620.0,31635.0,1,2025-06-17 07:00:00
1750143660,31635.0,31635.0,31635.0,31635.0,0,2025-06-17 07:01:00
1750143720,31635.0,31635.0,31635.0,31635.0,0,2025-06-17 07:02:00
1750143780,31635.0,31635.0,31635.0,31635.0,0,2025-06-17 07:03:00
1750143840,31635.0,31635.0,31630.0,31630.0,1,2025-06-17 07:04:00
1750143900,31630.0,31630.0,31630.0,31630.0,0,2025-06-17 07:05:00
1750143960,31630.0,31630.0,31630.0,31630.0,0,2025-06-17 07:06:00
1750144020,31630.0,31630.0,31630.0,31630.0,1,2025-06-17 07:07:00
1750144080,31630.0,31630.0,31630.0,31630.0,0,2025-06-17 07:08:00
1750144140,31630.0,31630.0,31630.0,31630.0,0,2025-06-17 07:09:00
1750144200,31630.0,31630.0,31630.0,31630.0,0,2025-06-17 07:10:00
1750144260,31630.0,31630.0,31630.0,31630.0,0,2025-06-17 07:11:00
1750144320,31630.0,31630.0,31630.0,31630.0,0,2025-06-17 07:12:00
1750144380,31630.0,31630.0,31630.0,31630.0,0,2025-06-17 07:13:00
1750144440,31630.0,31630.0,31590.0,31590.0,5,2025-06-17 07:14:00
1750144500,31590.0,31590.0,31590.0,31590.0,0,2025-06-17 07:15:00
1750144560,31590.0,31590.0,31590.0,31590.0,15,2025-06-17 07:16:00
1750144620,31590.0,31590.0,31590.0,31590.0,0,2025-06-17 07:17:00
1750144680,31590.0,31590.0,31590.0,31590.0,1,2025-06-17 07:18:00
1750144740,31590.0,31590.0,31590.0,31590.0,0,2025-06-17 07:19:00
1750144800,31590.0,31590.0,31590.0,31590.0,0,2025-06-17 07:20:00
1750144860,31590.0,31615.0,31590.0,31615.0,2,2025-06-17 07:21:00
1750144920,31615.0,31615.0,31615.0,31615.0,0,2025-06-17 07:22:00
1750144980,31615.0,31615.0,31575.0,31575.0,5,2025-06-17 07:23:00
1750145040,31575.0,31595.0,31575.0,31595.0,1,2025-06-17 07:24:00
1750145100,31595.0,31595.0,31595.0,31595.0,0,2025-06-17 07:25:00
1750145160,31595.0,31595.0,31575.0,31575.0,2,2025-06-17 07:26:00
1750145220,31575.0,31625.0,31575.0,31625.0,2,2025-06-17 07:27:00
1750145280,31625.0,31625.0,31595.0,31595.0,3,2025-06-17 07:28:00
1750145340,31595.0,31620.0,31595.0,31620.0,1,2025-06-17 07:29:00
1750145400,31620.0,31620.0,31620.0,31620.0,0,2025-06-17 07:30:00
1750145460,31620.0,31620.0,31620.0,31620.0,0,2025-06-17 07:31:00
1750145520,31620.0,31620.0,31620.0,31620.0,0,2025-06-17 07:32:00
1750145580,31620.0,31620.0,31620.0,31620.0,0,2025-06-17 07:33:00
1750145640,31620.0,31620.0,31620.0,31620.0,1,2025-06-17 07:34:00
1750145700,31620.0,31620.0,31595.0,31595.0,1,2025-06-17 07:35:00
1750145760,31595.0,31595.0,31595.0,31595.0,1,2025-06-17 07:36:00
1750145820,31595.0,31595.0,31595.0,31595.0,0,2025-06-17 07:37:00
1750145880,31595.0,31615.0,31595.0,31615.0,1,2025-06-17 07:38:00
1750145940,31615.0,31615.0,31550.0,31550.0,40,2025-06-17 07:39:00
1750146000,31550.0,31565.0,31550.0,31565.0,8,2025-06-17 07:40:00
1750146060,31565.0,31600.0,31565.0,31600.0,1,2025-06-17 07:41:00
1750146120,31600.0,31600.0,31560.0,31560.0,14,2025-06-17 07:42:00
1750146180,31560.0,31600.0,31560.0,31600.0,2,2025-06-17 07:43:00
1750146240,31600.0,31600.0,31600.0,31600.0,0,2025-06-17 07:44:00
1750146300,31600.0,31600.0,31570.0,31570.0,1,2025-06-17 07:45:00
1750146360,31570.0,31570.0,31560.0,31565.0,6,2025-06-17 07:46:00
1750146420,31565.0,31570.0,31565.0,31570.0,3,2025-06-17 07:47:00
1750146480,31570.0,31570.0,31570.0,31570.0,0,2025-06-17 07:48:00
1750146540,31570.0,31570.0,31570.0,31570.0,0,2025-06-17 07:49:00
1750146600,31555.0,31565.0,31550.0,31550.0,23,2025-06-17 07:50:00
1750146660,31580.0,31595.0,31580.0,31595.0,5,2025-06-17 07:51:00
1750146720,31595.0,31595.0,31595.0,31595.0,0,2025-06-17 07:52:00
1750146780,31595.0,31595.0,31595.0,31595.0,3,2025-06-17 07:53:00
1750146840,31625.0,31625.0,31625.0,31625.0,1,2025-06-17 07:54:00
1750146900,31625.0,31625.0,31605.0,31625.0,6,2025-06-17 07:55:00
1750146960,31625.0,31625.0,31625.0,31625.0,0,2025-06-17 07:56:00
1750147020,31625.0,31635.0,31605.0,31605.0,22,2025-06-17 07:57:00
1750147080,31605.0,31605.0,31605.0,31605.0,0,2025-06-17 07:58:00
1750147140,31605.0,31605.0,31605.0,31605.0,0,2025-06-17 07:59:00
1750147200,31605.0,31605.0,31605.0,31605.0,0,2025-06-17 08:00:00
1750147260,31605.0,31605.0,31605.0,31605.0,0,2025-06-17 08:01:00
1750147320,31605.0,31605.0,31605.0,31605.0,0,2025-06-17 08:02:00
1750147380,31605.0,31605.0,31605.0,31605.0,3,2025-06-17 08:03:00
1750147440,31605.0,31605.0,31590.0,31590.0,5,2025-06-17 08:04:00
1750147500,31590.0,31625.0,31590.0,31625.0,1,2025-06-17 08:05:00
1750147560,31625.0,31625.0,31585.0,31585.0,14,2025-06-17 08:06:00
1750147620,31585.0,31585.0,31570.0,31570.0,1,2025-06-17 08:07:00
1750147680,31570.0,31570.0,31570.0,31570.0,0,2025-06-17 08:08:00
1750147740,31570.0,31590.0,31570.0,31590.0,5,2025-06-17 08:09:00
1750147800,31590.0,31620.0,31590.0,31595.0,220,2025-06-17 08:10:00
1750147860,31595.0,31595.0,31595.0,31595.0,0,2025-06-17 08:11:00
1750147920,31595.0,31595.0,31595.0,31595.0,0,2025-06-17 08:12:00
1750147980,31595.0,31595.0,31595.0,31595.0,0,2025-06-17 08:13:00
1750148040,31595.0,31595.0,31595.0,31595.0,0,2025-06-17 08:14:00
1750148100,31595.0,31595.0,31595.0,31595.0,0,2025-06-17 08:15:00
1750148160,31595.0,31595.0,31580.0,31580.0,8,2025-06-17 08:16:00
1750148220,31580.0,31580.0,31580.0,31580.0,0,2025-06-17 08:17:00
1750148280,31580.0,31580.0,31580.0,31580.0,0,2025-06-17 08:18:00
1750148340,31580.0,31595.0,31580.0,31595.0,9,2025-06-17 08:19:00
1750148400,31595.0,31595.0,31565.0,31565.0,7,2025-06-17 08:20:00
1750148460,31565.0,31565.0,31565.0,31565.0,0,2025-06-17 08:21:00
1750148520,31565.0,31565.0,31565.0,31565.0,0,2025-06-17 08:22:00
1750148580,31565.0,31590.0,31565.0,31585.0,4,2025-06-17 08:23:00
1750148640,31585.0,31585.0,31585.0,31585.0,0,2025-06-17 08:24:00
1750148700,31585.0,31585.0,31585.0,31585.0,0,2025-06-17 08:25:00
1750148760,31585.0,31620.0,31585.0,31620.0,1,2025-06-17 08:26:00
1750148820,31620.0,31620.0,31570.0,31570.0,5,2025-06-17 08:27:00
1750148880,31570.0,31570.0,31565.0,31565.0,5,2025-06-17 08:28:00
1750148940,31565.0,31600.0,31565.0,31600.0,4,2025-06-17 08:29:00
1750149000,31600.0,31600.0,31600.0,31600.0,0,2025-06-17 08:30:00
1750149060,31600.0,31600.0,31600.0,31600.0,0,2025-06-17 08:31:00
1750149120,31600.0,31615.0,31600.0,31615.0,7,2025-06-17 08:32:00
1750149180,31615.0,31615.0,31615.0,31615.0,0,2025-06-17 08:33:00
1750149240,31615.0,31615.0,31585.0,31585.0,1,2025-06-17 08:34:00
1750149300,31585.0,31585.0,31585.0,31585.0,0,2025-06-17 08:35:00
1750149360,31585.0,31585.0,31585.0,31585.0,0,2025-06-17 08:36:00
1750149420,31585.0,31585.0,31585.0,31585.0,0,2025-06-17 08:37:00
1750149480,31585.0,31585.0,31585.0,31585.0,0,2025-06-17 08:38:00
1750149540,31585.0,31585.0,31585.0,31585.0,0,2025-06-17 08:39:00
1750149600,31585.0,31585.0,31585.0,31585.0,1,2025-06-17 08:40:00
1750149660,31585.0,31585.0,31585.0,31585.0,0,2025-06-17 08:41:00
1750149720,31585.0,31610.0,31585.0,31610.0,1,2025-06-17 08:42:00
1750149780,31610.0,31610.0,31610.0,31610.0,0,2025-06-17 08:43:00
1750149840,31610.0,31610.0,31610.0,31610.0,1,2025-06-17 08:44:00
1750149900,31610.0,31610.0,31610.0,31610.0,0,2025-06-17 08:45:00
1750149960,31610.0,31610.0,31585.0,31585.0,1,2025-06-17 08:46:00
1750150020,31585.0,31585.0,31585.0,31585.0,0,2025-06-17 08:47:00
1750150080,31585.0,31585.0,31580.0,31580.0,1,2025-06-17 08:48:00
1750150140,31575.0,31575.0,31575.0,31575.0,2,2025-06-17 08:49:00
1750150200,31575.0,31575.0,31570.0,31570.0,1,2025-06-17 08:50:00
1750150260,31570.0,31570.0,31570.0,31570.0,1,2025-06-17 08:51:00
1750150320,31570.0,31570.0,31565.0,31565.0,1,2025-06-17 08:52:00
1750150380,31585.0,31585.0,31565.0,31565.0,21,2025-06-17 08:53:00
1750150440,31565.0,31590.0,31560.0,31590.0,18,2025-06-17 08:54:00
1750150500,31595.0,31595.0,31570.0,31575.0,18,2025-06-17 08:55:00
1750150560,31575.0,31600.0,31560.0,31600.0,3,2025-06-17 08:56:00
1750150620,31600.0,31600.0,31585.0,31595.0,2,2025-06-17 08:57:00
1750150680,31595.0,31595.0,31580.0,31580.0,1,2025-06-17 08:58:00
1750150740,31580.0,31615.0,31580.0,31615.0,25,2025-06-17 08:59:00
1750150800,31615.0,31615.0,31575.0,31615.0,5,2025-06-17 09:00:00
1750150860,31615.0,31620.0,31580.0,31620.0,3,2025-06-17 09:01:00
1750150920,31620.0,31620.0,31585.0,31615.0,3,2025-06-17 09:02:00
1750150980,31615.0,31615.0,31575.0,31585.0,142,2025-06-17 09:03:00
1750151040,31585.0,31585.0,31545.0,31545.0,7,2025-06-17 09:04:00
1750151100,31545.0,31545.0,31545.0,31545.0,0,2025-06-17 09:05:00
1750151160,31545.0,31545.0,31545.0,31545.0,0,2025-06-17 09:06:00
1750151220,31545.0,31545.0,31545.0,31545.0,0,2025-06-17 09:07:00
1750151280,31545.0,31615.0,31545.0,31615.0,7,2025-06-17 09:08:00
1750151340,31615.0,31615.0,31615.0,31615.0,0,2025-06-17 09:09:00
1750151400,31550.0,31550.0,31550.0,31550.0,19,2025-06-17 09:10:00
1750151460,31550.0,31550.0,31550.0,31550.0,2,2025-06-17 09:11:00
1750151520,31550.0,31550.0,31550.0,31550.0,0,2025-06-17 09:12:00
1750151580,31550.0,31550.0,31550.0,31550.0,0,2025-06-17 09:13:00
1750151640,31550.0,31550.0,31550.0,31550.0,5,2025-06-17 09:14:00
1750151700,31550.0,31615.0,31550.0,31605.0,51,2025-06-17 09:15:00
1750151760,31635.0,31690.0,31635.0,31690.0,106,2025-06-17 09:16:00
1750151820,31695.0,31705.0,31665.0,31705.0,28,2025-06-17 09:17:00
1750151880,31705.0,31730.0,31705.0,31725.0,25,2025-06-17 09:18:00
1750151940,31725.0,31730.0,31675.0,31695.0,32,2025-06-17 09:19:00
1750152000,31695.0,31715.0,31665.0,31715.0,22,2025-06-17 09:20:00
1750152060,31715.0,31715.0,31655.0,31670.0,29,2025-06-17 09:21:00
1750152120,31670.0,31690.0,31625.0,31690.0,11,2025-06-17 09:22:00
1750152180,31655.0,31685.0,31655.0,31675.0,40,2025-06-17 09:23:00
1750152240,31690.0,31690.0,31650.0,31650.0,22,2025-06-17 09:24:00
1750152300,31675.0,31675.0,31645.0,31655.0,17,2025-06-17 09:25:00
1750152360,31665.0,31690.0,31665.0,31685.0,13,2025-06-17 09:26:00
1750152420,31695.0,31710.0,31695.0,31710.0,11,2025-06-17 09:27:00
1750152480,31670.0,31700.0,31655.0,31655.0,19,2025-06-17 09:28:00
1750152540,31675.0,31680.0,31650.0,31650.0,22,2025-06-17 09:29:00
1750152600,31650.0,31665.0,31630.0,31665.0,15,2025-06-17 09:30:00
1750152660,31675.0,31675.0,31640.0,31665.0,15,2025-06-17 09:31:00
1750152720,31660.0,31845.0,31660.0,31840.0,349,2025-06-17 09:32:00
1750152780,31840.0,31845.0,31805.0,31810.0,40,2025-06-17 09:33:00
1750152840,31820.0,31840.0,31810.0,31840.0,16,2025-06-17 09:34:00
1750152900,31840.0,31840.0,31800.0,31800.0,109,2025-06-17 09:35:00
1750152960,31835.0,31840.0,31795.0,31795.0,96,2025-06-17 09:36:00
1750153020,31825.0,31830.0,31805.0,31830.0,14,2025-06-17 09:37:00
1750153080,31830.0,31840.0,31830.0,31840.0,21,2025-06-17 09:38:00
1750153140,31840.0,31840.0,31815.0,31815.0,18,2025-06-17 09:39:00
1750153200,31840.0,31845.0,31840.0,31845.0,15,2025-06-17 09:40:00
1750153260,31840.0,31840.0,31805.0,31840.0,35,2025-06-17 09:41:00
1750153320,31810.0,31845.0,31810.0,31845.0,17,2025-06-17 09:42:00
1750153380,31845.0,31845.0,31800.0,31820.0,937,2025-06-17 09:43:00
1750153440,31835.0,31845.0,31815.0,31845.0,22,2025-06-17 09:44:00
1750153500,31845.0,31845.0,31800.0,31800.0,29,2025-06-17 09:45:00
1750153560,31835.0,31845.0,31835.0,31845.0,13,2025-06-17 09:46:00
1750153620,31815.0,31840.0,31805.0,31840.0,46,2025-06-17 09:47:00
1750153680,31840.0,31840.0,31810.0,31840.0,19,2025-06-17 09:48:00
1750153740,31840.0,31840.0,31800.0,31830.0,95,2025-06-17 09:49:00
1750153800,31835.0,31845.0,31820.0,31830.0,54,2025-06-17 09:50:00
1750153860,31845.0,31845.0,31805.0,31805.0,13,2025-06-17 09:51:00
1750153920,31840.0,31845.0,31825.0,31825.0,22,2025-06-17 09:52:00
1750153980,31810.0,31845.0,31800.0,31800.0,41,2025-06-17 09:53:00
1750154040,31820.0,31835.0,31800.0,31835.0,58,2025-06-17 09:54:00
1750154100,31845.0,31845.0,31815.0,31825.0,18,2025-06-17 09:55:00
1750154160,31815.0,31845.0,31800.0,31815.0,19,2025-06-17 09:56:00
1750154220,31815.0,31820.0,31800.0,31800.0,53,2025-06-17 09:57:00
1750154280,31800.0,31845.0,31800.0,31800.0,59,2025-06-17 09:58:00
1750154340,31800.0,31825.0,31800.0,31825.0,72,2025-06-17 09:59:00
1750218300,31800.0,31850.0,31675.0,31675.0,37,2025-06-18 03:45:00
1750218360,31610.0,31720.0,31610.0,31720.0,26,2025-06-18 03:46:00
1750218420,31720.0,31720.0,31685.0,31710.0,28,2025-06-18 03:47:00
1750218480,31710.0,31710.0,31595.0,31595.0,34,2025-06-18 03:48:00
1750218540,31595.0,31660.0,31595.0,31625.0,11,2025-06-18 03:49:00
1750218600,31585.0,31585.0,31580.0,31585.0,5,2025-06-18 03:50:00
1750218660,31585.0,31630.0,31585.0,31630.0,13,2025-06-18 03:51:00
1750218720,31610.0,31630.0,31610.0,31615.0,5,2025-06-18 03:52:00
1750218780,31585.0,31650.0,31585.0,31650.0,15,2025-06-18 03:53:00
1750218840,31650.0,31660.0,31650.0,31660.0,2,2025-06-18 03:54:00
1750218900,31665.0,31665.0,31660.0,31660.0,5,2025-06-18 03:55:00
1750218960,31705.0,31705.0,31705.0,31705.0,2,2025-06-18 03:56:00
1750219020,31705.0,31705.0,31705.0,31705.0,2,2025-06-18 03:57:00
1750219080,31705.0,31720.0,31705.0,31720.0,1,2025-06-18 03:58:00
1750219140,31710.0,31770.0,31690.0,31690.0,25,2025-06-18 03:59:00
1750219200,31690.0,31740.0,31690.0,31740.0,1,2025-06-18 04:00:00
1750219260,31740.0,31740.0,31665.0,31665.0,17,2025-06-18 04:01:00
1750219320,31665.0,31695.0,31665.0,31695.0,11,2025-06-18 04:02:00
1750219380,31695.0,31695.0,31695.0,31695.0,0,2025-06-18 04:03:00
1750219440,31695.0,31695.0,31695.0,31695.0,2,2025-06-18 04:04:00
1750219500,31695.0,31695.0,31695.0,31695.0,0,2025-06-18 04:05:00
1750219560,31695.0,31695.0,31695.0,31695.0,0,2025-06-18 04:06:00
1750219620,31700.0,31700.0,31700.0,31700.0,5,2025-06-18 04:07:00
1750219680,31700.0,31740.0,31700.0,31740.0,1,2025-06-18 04:08:00
1750219740,31740.0,31740.0,31740.0,31740.0,0,2025-06-18 04:09:00
1750219800,31740.0,31740.0,31740.0,31740.0,0,2025-06-18 04:10:00
1750219860,31740.0,31740.0,31740.0,31740.0,0,2025-06-18 04:11:00
1750219920,31740.0,31740.0,31740.0,31740.0,0,2025-06-18 04:12:00
1750219980,31740.0,31740.0,31740.0,31740.0,0,2025-06-18 04:13:00
1750220040,31740.0,31740.0,31705.0,31705.0,1,2025-06-18 04:14:00
1750220100,31705.0,31740.0,31705.0,31740.0,3,2025-06-18 04:15:00
1750220160,31740.0,31740.0,31740.0,31740.0,0,2025-06-18 04:16:00
1750220220,31740.0,31740.0,31740.0,31740.0,0,2025-06-18 04:17:00
1750220280,31740.0,31740.0,31740.0,31740.0,0,2025-06-18 04:18:00
1750220340,31740.0,31740.0,31740.0,31740.0,0,2025-06-18 04:19:00
1750220400,31740.0,31740.0,31740.0,31740.0,0,2025-06-18 04:20:00
1750220460,31740.0,31835.0,31705.0,31835.0,48,2025-06-18 04:21:00
1750220520,31835.0,31850.0,31825.0,31850.0,230,2025-06-18 04:22:00
1750220580,31850.0,31990.0,31850.0,31990.0,215,2025-06-18 04:23:00
1750220640,31990.0,32000.0,31950.0,31950.0,132,2025-06-18 04:24:00
1750220700,31950.0,32000.0,31950.0,31970.0,34,2025-06-18 04:25:00
1750220760,31980.0,31980.0,31790.0,31790.0,81,2025-06-18 04:26:00
1750220820,31790.0,31795.0,31790.0,31790.0,2,2025-06-18 04:27:00
1750220880,31790.0,31805.0,31790.0,31800.0,18,2025-06-18 04:28:00
1750220940,31800.0,31810.0,31800.0,31810.0,3,2025-06-18 04:29:00
1750221000,31775.0,31775.0,31775.0,31775.0,5,2025-06-18 04:30:00
1750221060,31775.0,31800.0,31775.0,31800.0,2,2025-06-18 04:31:00
1750221120,31800.0,31800.0,31770.0,31770.0,1,2025-06-18 04:32:00
1750221180,31815.0,31820.0,31750.0,31820.0,52,2025-06-18 04:33:00
1750221240,31820.0,31820.0,31790.0,31790.0,3,2025-06-18 04:34:00
1750221300,31790.0,31830.0,31790.0,31810.0,61,2025-06-18 04:35:00
1750221360,31810.0,31810.0,31810.0,31810.0,0,2025-06-18 04:36:00
1750221420,31810.0,31810.0,31790.0,31790.0,17,2025-06-18 04:37:00
1750221480,31790.0,31835.0,31790.0,31795.0,12,2025-06-18 04:38:00
1750221540,31795.0,31820.0,31790.0,31790.0,11,2025-06-18 04:39:00
1750221600,31790.0,31810.0,31790.0,31810.0,10,2025-06-18 04:40:00
1750221660,31810.0,31820.0,31750.0,31750.0,8,2025-06-18 04:41:00
1750221720,31750.0,31750.0,31615.0,31615.0,62,2025-06-18 04:42:00
1750221780,31615.0,31660.0,31615.0,31660.0,6,2025-06-18 04:43:00
1750221840,31660.0,31660.0,31655.0,31655.0,1,2025-06-18 04:44:00
1750221900,31655.0,31655.0,31625.0,31625.0,7,2025-06-18 04:45:00
1750221960,31625.0,31660.0,31625.0,31660.0,1,2025-06-18 04:46:00
1750222020,31660.0,31660.0,31660.0,31660.0,1,2025-06-18 04:47:00
1750222080,31660.0,31660.0,31660.0,31660.0,2,2025-06-18 04:48:00
1750222140,31660.0,31660.0,31660.0,31660.0,28,2025-06-18 04:49:00
1750222200,31660.0,31660.0,31660.0,31660.0,0,2025-06-18 04:50:00
1750222260,31660.0,31660.0,31660.0,31660.0,0,2025-06-18 04:51:00
1750222320,31660.0,31660.0,31660.0,31660.0,0,2025-06-18 04:52:00
1750222380,31660.0,31665.0,31660.0,31665.0,1,2025-06-18 04:53:00
1750222440,31670.0,31675.0,31670.0,31675.0,3,2025-06-18 04:54:00
1750222500,31675.0,31675.0,31630.0,31670.0,17,2025-06-18 04:55:00
1750222560,31670.0,31670.0,31670.0,31670.0,0,2025-06-18 04:56:00
1750222620,31670.0,31670.0,31565.0,31625.0,90,2025-06-18 04:57:00
1750222680,31645.0,31645.0,31615.0,31615.0,3,2025-06-18 04:58:00
1750222740,31615.0,31640.0,31615.0,31640.0,1,2025-06-18 04:59:00
1750222800,31640.0,31640.0,31640.0,31640.0,0,2025-06-18 05:00:00
1750222860,31640.0,31640.0,31640.0,31640.0,0,2025-06-18 05:01:00
1750222920,31640.0,31655.0,31640.0,31655.0,1,2025-06-18 05:02:00
1750222980,31655.0,31655.0,31630.0,31630.0,2,2025-06-18 05:03:00
1750223040,31630.0,31630.0,31630.0,31630.0,1,2025-06-18 05:04:00
1750223100,31630.0,31630.0,31625.0,31625.0,2,2025-06-18 05:05:00
1750223160,31625.0,31625.0,31625.0,31625.0,1,2025-06-18 05:06:00
1750223220,31625.0,31635.0,31625.0,31635.0,1,2025-06-18 05:07:00
1750223280,31635.0,31635.0,31635.0,31635.0,0,2025-06-18 05:08:00
1750223340,31635.0,31635.0,31635.0,31635.0,0,2025-06-18 05:09:00
1750223400,31635.0,31635.0,31635.0,31635.0,0,2025-06-18 05:10:00
1750223460,31635.0,31635.0,31635.0,31635.0,0,2025-06-18 05:11:00
1750223520,31635.0,31645.0,31635.0,31645.0,1,2025-06-18 05:12:00
1750223580,31645.0,31645.0,31645.0,31645.0,0,2025-06-18 05:13:00
1750223640,31645.0,31645.0,31610.0,31610.0,5,2025-06-18 05:14:00
1750223700,31610.0,31610.0,31610.0,31610.0,0,2025-06-18 05:15:00
1750223760,31610.0,31610.0,31610.0,31610.0,0,2025-06-18 05:16:00
1750223820,31610.0,31635.0,31610.0,31635.0,1,2025-06-18 05:17:00
1750223880,31635.0,31635.0,31600.0,31600.0,6,2025-06-18 05:18:00
1750223940,31600.0,31600.0,31600.0,31600.0,0,2025-06-18 05:19:00
1750224000,31600.0,31630.0,31580.0,31630.0,16,2025-06-18 05:20:00
1750224060,31630.0,31650.0,31630.0,31650.0,2,2025-06-18 05:21:00
1750224120,31650.0,31650.0,31610.0,31610.0,3,2025-06-18 05:22:00
1750224180,31610.0,31610.0,31610.0,31610.0,0,2025-06-18 05:23:00
1750224240,31610.0,31610.0,31610.0,31610.0,0,2025-06-18 05:24:00
1750224300,31580.0,31580.0,31580.0,31580.0,10,2025-06-18 05:25:00
1750224360,31580.0,31580.0,31580.0,31580.0,0,2025-06-18 05:26:00
1750224420,31580.0,31630.0,31580.0,31630.0,1,2025-06-18 05:27:00
1750224480,31630.0,31630.0,31630.0,31630.0,0,2025-06-18 05:28:00
1750224540,31630.0,31630.0,31630.0,31630.0,0,2025-06-18 05:29:00
1750224600,31630.0,31630.0,31630.0,31630.0,0,2025-06-18 05:30:00
1750224660,31630.0,31630.0,31630.0,31630.0,0,2025-06-18 05:31:00
1750224720,31630.0,31630.0,31630.0,31630.0,1,2025-06-18 05:32:00
1750224780,31630.0,31630.0,31590.0,31590.0,1,2025-06-18 05:33:00
1750224840,31590.0,31590.0,31590.0,31590.0,0,2025-06-18 05:34:00
1750224900,31590.0,31645.0,31590.0,31640.0,12,2025-06-18 05:35:00
1750224960,31640.0,31650.0,31640.0,31650.0,10,2025-06-18 05:36:00
1750225020,31650.0,31660.0,31650.0,31660.0,1,2025-06-18 05:37:00
1750225080,31660.0,31660.0,31625.0,31625.0,1,2025-06-18 05:38:00
1750225140,31625.0,31625.0,31625.0,31625.0,7,2025-06-18 05:39:00
1750225200,31625.0,31625.0,31625.0,31625.0,0,2025-06-18 05:40:00
1750225260,31625.0,31705.0,31625.0,31705.0,18,2025-06-18 05:41:00
1750225320,31655.0,31695.0,31655.0,31695.0,2,2025-06-18 05:42:00
1750225380,31695.0,31695.0,31695.0,31695.0,0,2025-06-18 05:43:00
1750225440,31695.0,31695.0,31655.0,31655.0,4,2025-06-18 05:44:00
1750225500,31655.0,31655.0,31655.0,31655.0,0,2025-06-18 05:45:00
1750225560,31655.0,31655.0,31655.0,31655.0,0,2025-06-18 05:46:00
1750225620,31655.0,31695.0,31655.0,31695.0,1,2025-06-18 05:47:00
1750225680,31695.0,31700.0,31665.0,31665.0,3,2025-06-18 05:48:00
1750225740,31665.0,31665.0,31645.0,31645.0,4,2025-06-18 05:49:00
1750225800,31645.0,31645.0,31645.0,31645.0,0,2025-06-18 05:50:00
1750225860,31645.0,31695.0,31645.0,31695.0,1,2025-06-18 05:51:00
1750225920,31690.0,31690.0,31690.0,31690.0,1,2025-06-18 05:52:00
1750225980,31690.0,31700.0,31645.0,31700.0,20,2025-06-18 05:53:00
1750226040,31700.0,31700.0,31655.0,31655.0,52,2025-06-18 05:54:00
1750226100,31655.0,31655.0,31655.0,31655.0,26,2025-06-18 05:55:00
1750226160,31655.0,31695.0,31655.0,31695.0,2,2025-06-18 05:56:00
1750226220,31695.0,31695.0,31655.0,31655.0,5,2025-06-18 05:57:00
1750226280,31655.0,31655.0,31655.0,31655.0,0,2025-06-18 05:58:00
1750226340,31655.0,31655.0,31655.0,31655.0,0,2025-06-18 05:59:00
1750226400,31655.0,31655.0,31655.0,31655.0,0,2025-06-18 06:00:00
1750226460,31655.0,31655.0,31625.0,31625.0,175,2025-06-18 06:01:00
1750226520,31625.0,31625.0,31625.0,31625.0,0,2025-06-18 06:02:00
1750226580,31625.0,31625.0,31625.0,31625.0,0,2025-06-18 06:03:00
1750226640,31625.0,31640.0,31625.0,31640.0,1,2025-06-18 06:04:00
1750226700,31635.0,31635.0,31635.0,31635.0,2,2025-06-18 06:05:00
1750226760,31635.0,31670.0,31635.0,31670.0,1,2025-06-18 06:06:00
1750226820,31670.0,31670.0,31670.0,31670.0,0,2025-06-18 06:07:00
1750226880,31670.0,31670.0,31670.0,31670.0,0,2025-06-18 06:08:00
1750226940,31640.0,31650.0,31640.0,31650.0,4,2025-06-18 06:09:00
1750227000,31650.0,31650.0,31615.0,31615.0,1,2025-06-18 06:10:00
1750227060,31615.0,31690.0,31615.0,31675.0,14,2025-06-18 06:11:00
1750227120,31675.0,31675.0,31675.0,31675.0,0,2025-06-18 06:12:00
1750227180,31675.0,31675.0,31675.0,31675.0,0,2025-06-18 06:13:00
1750227240,31675.0,31675.0,31675.0,31675.0,0,2025-06-18 06:14:00
1750227300,31675.0,31675.0,31620.0,31620.0,5,2025-06-18 06:15:00
1750227360,31620.0,31660.0,31620.0,31660.0,1,2025-06-18 06:16:00
1750227420,31660.0,31660.0,31660.0,31660.0,4,2025-06-18 06:17:00
1750227480,31660.0,31660.0,31660.0,31660.0,1,2025-06-18 06:18:00
1750227540,31660.0,31660.0,31660.0,31660.0,0,2025-06-18 06:19:00
1750227600,31660.0,31660.0,31660.0,31660.0,1,2025-06-18 06:20:00
1750227660,31660.0,31680.0,31660.0,31680.0,1,2025-06-18 06:21:00
1750227720,31680.0,31680.0,31680.0,31680.0,0,2025-06-18 06:22:00
1750227780,31680.0,31680.0,31660.0,31660.0,1,2025-06-18 06:23:00
1750227840,31660.0,31660.0,31660.0,31660.0,0,2025-06-18 06:24:00
1750227900,31660.0,31660.0,31620.0,31620.0,3,2025-06-18 06:25:00
1750227960,31620.0,31665.0,31610.0,31665.0,12,2025-06-18 06:26:00
1750228020,31665.0,31665.0,31665.0,31665.0,0,2025-06-18 06:27:00
1750228080,31665.0,31665.0,31665.0,31665.0,0,2025-06-18 06:28:00
1750228140,31665.0,31665.0,31665.0,31665.0,0,2025-06-18 06:29:00
1750228200,31665.0,31665.0,31625.0,31625.0,2,2025-06-18 06:30:00
1750228260,31625.0,31660.0,31625.0,31660.0,4,2025-06-18 06:31:00
1750228320,31660.0,31660.0,31660.0,31660.0,0,2025-06-18 06:32:00
1750228380,31660.0,31660.0,31660.0,31660.0,0,2025-06-18 06:33:00
1750228440,31660.0,31660.0,31660.0,31660.0,0,2025-06-18 06:34:00
1750228500,31660.0,31660.0,31660.0,31660.0,0,2025-06-18 06:35:00
1750228560,31660.0,31660.0,31645.0,31650.0,7,2025-06-18 06:36:00
1750228620,31650.0,31665.0,31650.0,31665.0,3,2025-06-18 06:37:00
1750228680,31665.0,31665.0,31665.0,31665.0,5,2025-06-18 06:38:00
1750228740,31665.0,31665.0,31665.0,31665.0,0,2025-06-18 06:39:00
1750228800,31695.0,31695.0,31635.0,31660.0,34,2025-06-18 06:40:00
1750228860,31660.0,31675.0,31655.0,31655.0,23,2025-06-18 06:41:00
1750228920,31655.0,31655.0,31610.0,31610.0,2,2025-06-18 06:42:00
1750228980,31610.0,31610.0,31610.0,31610.0,0,2025-06-18 06:43:00
1750229040,31610.0,31610.0,31610.0,31610.0,0,2025-06-18 06:44:00
1750229100,31610.0,31610.0,31610.0,31610.0,0,2025-06-18 06:45:00
1750229160,31610.0,31645.0,31610.0,31625.0,3,2025-06-18 06:46:00
1750229220,31625.0,31625.0,31625.0,31625.0,0,2025-06-18 06:47:00
1750229280,31625.0,31625.0,31625.0,31625.0,0,2025-06-18 06:48:00
1750229340,31625.0,31625.0,31625.0,31625.0,0,2025-06-18 06:49:00
1750229400,31625.0,31655.0,31625.0,31655.0,1,2025-06-18 06:50:00
1750229460,31655.0,31655.0,31655.0,31655.0,1,2025-06-18 06:51:00
1750229520,31655.0,31655.0,31655.0,31655.0,0,2025-06-18 06:52:00
1750229580,31655.0,31655.0,31655.0,31655.0,6,2025-06-18 06:53:00
1750229640,31655.0,31655.0,31655.0,31655.0,0,2025-06-18 06:54:00
1750229700,31655.0,31655.0,31655.0,31655.0,0,2025-06-18 06:55:00
1750229760,31680.0,31680.0,31680.0,31680.0,1,2025-06-18 06:56:00
1750229820,31680.0,31680.0,31680.0,31680.0,0,2025-06-18 06:57:00
1750229880,31680.0,31680.0,31630.0,31635.0,2,2025-06-18 06:58:00
1750229940,31635.0,31635.0,31635.0,31635.0,0,2025-06-18 06:59:00
1750230000,31635.0,31665.0,31630.0,31665.0,4,2025-06-18 07:00:00
1750230060,31665.0,31665.0,31650.0,31650.0,1,2025-06-18 07:01:00
1750230120,31650.0,31650.0,31630.0,31630.0,4,2025-06-18 07:02:00
1750230180,31630.0,31630.0,31630.0,31630.0,1,2025-06-18 07:03:00
1750230240,31650.0,31650.0,31650.0,31650.0,2,2025-06-18 07:04:00
1750230300,31650.0,31650.0,31610.0,31640.0,10,2025-06-18 07:05:00
1750230360,31660.0,31750.0,31660.0,31750.0,47,2025-06-18 07:06:00
1750230420,31750.0,31755.0,31750.0,31755.0,2,2025-06-18 07:07:00
1750230480,31755.0,31780.0,31755.0,31780.0,6,2025-06-18 07:08:00
1750230540,31780.0,31780.0,31735.0,31735.0,1,2025-06-18 07:09:00
1750230600,31735.0,31770.0,31735.0,31770.0,1,2025-06-18 07:10:00
1750230660,31770.0,31770.0,31770.0,31770.0,0,2025-06-18 07:11:00
1750230720,31770.0,31770.0,31770.0,31770.0,0,2025-06-18 07:12:00
1750230780,31770.0,31770.0,31735.0,31735.0,12,2025-06-18 07:13:00
1750230840,31735.0,31800.0,31735.0,31800.0,112,2025-06-18 07:14:00
1750230900,31770.0,31790.0,31740.0,31740.0,38,2025-06-18 07:15:00
1750230960,31740.0,31740.0,31700.0,31710.0,28,2025-06-18 07:16:00
1750231020,31710.0,31710.0,31710.0,31710.0,0,2025-06-18 07:17:00
1750231080,31710.0,31735.0,31695.0,31735.0,32,2025-06-18 07:18:00
1750231140,31735.0,31735.0,31735.0,31735.0,0,2025-06-18 07:19:00
1750231200,31735.0,31735.0,31715.0,31715.0,1,2025-06-18 07:20:00
1750231260,31715.0,31715.0,31715.0,31715.0,0,2025-06-18 07:21:00
1750231320,31715.0,31715.0,31715.0,31715.0,0,2025-06-18 07:22:00
1750231380,31715.0,31715.0,31715.0,31715.0,0,2025-06-18 07:23:00
1750231440,31715.0,31715.0,31685.0,31685.0,1,2025-06-18 07:24:00
1750231500,31685.0,31700.0,31685.0,31700.0,1,2025-06-18 07:25:00
1750231560,31700.0,31700.0,31700.0,31700.0,1,2025-06-18 07:26:00
1750231620,31700.0,31700.0,31675.0,31675.0,1,2025-06-18 07:27:00
1750231680,31675.0,31675.0,31675.0,31675.0,0,2025-06-18 07:28:00
1750231740,31675.0,31675.0,31675.0,31675.0,0,2025-06-18 07:29:00
1750231800,31675.0,31675.0,31675.0,31675.0,2,2025-06-18 07:30:00
1750231860,31675.0,31675.0,31675.0,31675.0,0,2025-06-18 07:31:00
1750231920,31675.0,31675.0,31655.0,31655.0,8,2025-06-18 07:32:00
1750231980,31655.0,31655.0,31655.0,31655.0,0,2025-06-18 07:33:00
1750232040,31655.0,31725.0,31655.0,31725.0,10,2025-06-18 07:34:00
1750232100,31725.0,31725.0,31690.0,31690.0,2,2025-06-18 07:35:00
1750232160,31690.0,31690.0,31690.0,31690.0,0,2025-06-18 07:36:00
1750232220,31720.0,31720.0,31720.0,31720.0,3,2025-06-18 07:37:00
1750232280,31690.0,31710.0,31690.0,31710.0,4,2025-06-18 07:38:00
1750232340,31710.0,31710.0,31710.0,31710.0,0,2025-06-18 07:39:00
1750232400,31710.0,31710.0,31710.0,31710.0,0,2025-06-18 07:40:00
1750232460,31710.0,31710.0,31710.0,31710.0,0,2025-06-18 07:41:00
1750232520,31710.0,31710.0,31710.0,31710.0,0,2025-06-18 07:42:00
1750232580,31710.0,31710.0,31710.0,31710.0,1,2025-06-18 07:43:00
1750232640,31710.0,31710.0,31665.0,31670.0,5,2025-06-18 07:44:00
1750232700,31670.0,31670.0,31665.0,31665.0,1,2025-06-18 07:45:00
1750232760,31665.0,31665.0,31665.0,31665.0,0,2025-06-18 07:46:00
1750232820,31665.0,31665.0,31665.0,31665.0,0,2025-06-18 07:47:00
1750232880,31665.0,31665.0,31665.0,31665.0,0,2025-06-18 07:48:00
1750232940,31665.0,31665.0,31665.0,31665.0,0,2025-06-18 07:49:00
1750233000,31665.0,31665.0,31665.0,31665.0,0,2025-06-18 07:50:00
1750233060,31665.0,31665.0,31665.0,31665.0,0,2025-06-18 07:51:00
1750233120,31665.0,31665.0,31665.0,31665.0,0,2025-06-18 07:52:00
1750233180,31665.0,31665.0,31665.0,31665.0,0,2025-06-18 07:53:00
1750233240,31665.0,31665.0,31665.0,31665.0,0,2025-06-18 07:54:00
1750233300,31665.0,31740.0,31665.0,31740.0,20,2025-06-18 07:55:00
1750233360,31740.0,31740.0,31695.0,31695.0,6,2025-06-18 07:56:00
1750233420,31695.0,31695.0,31695.0,31695.0,0,2025-06-18 07:57:00
1750233480,31695.0,31695.0,31695.0,31695.0,0,2025-06-18 07:58:00
1750233540,31695.0,31695.0,31695.0,31695.0,0,2025-06-18 07:59:00
1750233600,31695.0,31695.0,31695.0,31695.0,0,2025-06-18 08:00:00
1750233660,31695.0,31695.0,31695.0,31695.0,0,2025-06-18 08:01:00
1750233720,31695.0,31695.0,31690.0,31690.0,2,2025-06-18 08:02:00
1750233780,31690.0,31690.0,31690.0,31690.0,0,2025-06-18 08:03:00
1750233840,31690.0,31690.0,31680.0,31680.0,1,2025-06-18 08:04:00
1750233900,31680.0,31680.0,31680.0,31680.0,0,2025-06-18 08:05:00
1750233960,31680.0,31725.0,31680.0,31725.0,5,2025-06-18 08:06:00
1750234020,31725.0,31725.0,31725.0,31725.0,0,2025-06-18 08:07:00
1750234080,31725.0,31725.0,31725.0,31725.0,0,2025-06-18 08:08:00
1750234140,31725.0,31725.0,31695.0,31695.0,2,2025-06-18 08:09:00
1750234200,31695.0,31695.0,31695.0,31695.0,0,2025-06-18 08:10:00
1750234260,31680.0,31680.0,31680.0,31680.0,3,2025-06-18 08:11:00
1750234320,31680.0,31680.0,31680.0,31680.0,0,2025-06-18 08:12:00
1750234380,31680.0,31685.0,31680.0,31680.0,1,2025-06-18 08:13:00
1750234440,31680.0,31680.0,31680.0,31680.0,2,2025-06-18 08:14:00
1750234500,31680.0,31680.0,31680.0,31680.0,0,2025-06-18 08:15:00
1750234560,31680.0,31720.0,31680.0,31720.0,2,2025-06-18 08:16:00
1750234620,31720.0,31720.0,31720.0,31720.0,0,2025-06-18 08:17:00
1750234680,31720.0,31720.0,31680.0,31680.0,2,2025-06-18 08:18:00
1750234740,31680.0,31680.0,31680.0,31680.0,0,2025-06-18 08:19:00
1750234800,31680.0,31680.0,31655.0,31655.0,7,2025-06-18 08:20:00
1750234860,31655.0,31655.0,31655.0,31655.0,0,2025-06-18 08:21:00
1750234920,31655.0,31655.0,31655.0,31655.0,1,2025-06-18 08:22:00
1750234980,31655.0,31705.0,31655.0,31705.0,43,2025-06-18 08:23:00
1750235040,31705.0,31710.0,31705.0,31710.0,1,2025-06-18 08:24:00
1750235100,31710.0,31710.0,31710.0,31710.0,0,2025-06-18 08:25:00
1750235160,31710.0,31710.0,31710.0,31710.0,0,2025-06-18 08:26:00
1750235220,31710.0,31710.0,31705.0,31705.0,1,2025-06-18 08:27:00
1750235280,31705.0,31705.0,31705.0,31705.0,0,2025-06-18 08:28:00
1750235340,31705.0,31705.0,31705.0,31705.0,0,2025-06-18 08:29:00
1750235400,31705.0,31705.0,31705.0,31705.0,0,2025-06-18 08:30:00
1750235460,31705.0,31705.0,31650.0,31650.0,19,2025-06-18 08:31:00
1750235520,31650.0,31650.0,31650.0,31650.0,0,2025-06-18 08:32:00
1750235580,31650.0,31650.0,31615.0,31615.0,22,2025-06-18 08:33:00
1750235640,31615.0,31645.0,31615.0,31645.0,1,2025-06-18 08:34:00
1750235700,31645.0,31665.0,31645.0,31650.0,93,2025-06-18 08:35:00
1750235760,31650.0,31650.0,31650.0,31650.0,0,2025-06-18 08:36:00
1750235820,31650.0,31650.0,31650.0,31650.0,0,2025-06-18 08:37:00
1750235880,31650.0,31650.0,31650.0,31650.0,0,2025-06-18 08:38:00
1750235940,31650.0,31650.0,31650.0,31650.0,0,2025-06-18 08:39:00
1750236000,31650.0,31650.0,31650.0,31650.0,0,2025-06-18 08:40:00
1750236060,31650.0,31650.0,31650.0,31650.0,0,2025-06-18 08:41:00
1750236120,31650.0,31650.0,31650.0,31650.0,0,2025-06-18 08:42:00
1750236180,31650.0,31650.0,31650.0,31650.0,0,2025-06-18 08:43:00
1750236240,31650.0,31660.0,31650.0,31660.0,1,2025-06-18 08:44:00
1750236300,31660.0,31660.0,31660.0,31660.0,0,2025-06-18 08:45:00
1750236360,31660.0,31660.0,31660.0,31660.0,0,2025-06-18 08:46:00
1750236420,31660.0,31660.0,31660.0,31660.0,0,2025-06-18 08:47:00
1750236480,31660.0,31660.0,31660.0,31660.0,0,2025-06-18 08:48:00
1750236540,31660.0,31660.0,31660.0,31660.0,0,2025-06-18 08:49:00
1750236600,31660.0,31660.0,31660.0,31660.0,0,2025-06-18 08:50:00
1750236660,31660.0,31660.0,31650.0,31650.0,1,2025-06-18 08:51:00
1750236720,31650.0,31650.0,31650.0,31650.0,0,2025-06-18 08:52:00
1750236780,31650.0,31650.0,31650.0,31650.0,0,2025-06-18 08:53:00
1750236840,31650.0,31650.0,31630.0,31630.0,2,2025-06-18 08:54:00
1750236900,31625.0,31650.0,31610.0,31610.0,14,2025-06-18 08:55:00
1750236960,31610.0,31610.0,31605.0,31605.0,4,2025-06-18 08:56:00
1750237020,31605.0,31605.0,31515.0,31560.0,65,2025-06-18 08:57:00
1750237080,31595.0,31595.0,31595.0,31595.0,10,2025-06-18 08:58:00
1750237140,31595.0,31595.0,31595.0,31595.0,0,2025-06-18 08:59:00
1750237200,31580.0,31595.0,31555.0,31595.0,7,2025-06-18 09:00:00
1750237260,31595.0,31595.0,31595.0,31595.0,15,2025-06-18 09:01:00
1750237320,31595.0,31595.0,31595.0,31595.0,0,2025-06-18 09:02:00
1750237380,31595.0,31595.0,31595.0,31595.0,0,2025-06-18 09:03:00
1750237440,31595.0,31595.0,31595.0,31595.0,0,2025-06-18 09:04:00
1750237500,31595.0,31640.0,31595.0,31640.0,18,2025-06-18 09:05:00
1750237560,31640.0,31640.0,31640.0,31640.0,0,2025-06-18 09:06:00
1750237620,31640.0,31640.0,31605.0,31605.0,1,2025-06-18 09:07:00
1750237680,31605.0,31605.0,31605.0,31605.0,0,2025-06-18 09:08:00
1750237740,31605.0,31605.0,31605.0,31605.0,0,2025-06-18 09:09:00
1750237800,31605.0,31605.0,31605.0,31605.0,0,2025-06-18 09:10:00
1750237860,31605.0,31605.0,31605.0,31605.0,0,2025-06-18 09:11:00
1750237920,31605.0,31605.0,31605.0,31605.0,0,2025-06-18 09:12:00
1750237980,31605.0,31605.0,31605.0,31605.0,0,2025-06-18 09:13:00
1750238040,31605.0,31630.0,31605.0,31610.0,3,2025-06-18 09:14:00
1750238100,31610.0,31610.0,31605.0,31605.0,2,2025-06-18 09:15:00
1750238160,31605.0,31605.0,31605.0,31605.0,0,2025-06-18 09:16:00
1750238220,31605.0,31605.0,31555.0,31555.0,43,2025-06-18 09:17:00
1750238280,31555.0,31570.0,31555.0,31570.0,7,2025-06-18 09:18:00
1750238340,31570.0,31595.0,31570.0,31595.0,3,2025-06-18 09:19:00
1750238400,31595.0,31595.0,31595.0,31595.0,0,2025-06-18 09:20:00
1750238460,31610.0,31625.0,31600.0,31625.0,4,2025-06-18 09:21:00
1750238520,31620.0,31630.0,31620.0,31630.0,2,2025-06-18 09:22:00
1750238580,31625.0,31630.0,31500.0,31555.0,195,2025-06-18 09:23:00
1750238640,31555.0,31555.0,31555.0,31555.0,8,2025-06-18 09:24:00
1750238700,31555.0,31555.0,31555.0,31555.0,1,2025-06-18 09:25:00
1750238760,31555.0,31585.0,31555.0,31585.0,3,2025-06-18 09:26:00
1750238820,31585.0,31585.0,31585.0,31585.0,0,2025-06-18 09:27:00
1750238880,31585.0,31590.0,31560.0,31590.0,2,2025-06-18 09:28:00
1750238940,31590.0,31590.0,31585.0,31585.0,3,2025-06-18 09:29:00
1750239000,31600.0,31620.0,31585.0,31620.0,8,2025-06-18 09:30:00
1750239060,31620.0,31620.0,31560.0,31580.0,11,2025-06-18 09:31:00
1750239120,31580.0,31605.0,31580.0,31605.0,1,2025-06-18 09:32:00
1750239180,31615.0,31615.0,31615.0,31615.0,4,2025-06-18 09:33:00
1750239240,31615.0,31615.0,31575.0,31615.0,3,2025-06-18 09:34:00
1750239300,31620.0,31620.0,31575.0,31615.0,6,2025-06-18 09:35:00
1750239360,31615.0,31620.0,31615.0,31620.0,1,2025-06-18 09:36:00
1750239420,31550.0,31585.0,31550.0,31565.0,126,2025-06-18 09:37:00
1750239480,31565.0,31585.0,31550.0,31575.0,6,2025-06-18 09:38:00
1750239540,31575.0,31590.0,31550.0,31550.0,14,2025-06-18 09:39:00
1750239600,31585.0,31590.0,31555.0,31555.0,6,2025-06-18 09:40:00
1750239660,31555.0,31595.0,31500.0,31560.0,57,2025-06-18 09:41:00
1750239720,31560.0,31585.0,31560.0,31585.0,35,2025-06-18 09:42:00
1750239780,31585.0,31590.0,31585.0,31590.0,1,2025-06-18 09:43:00
1750239840,31590.0,31590.0,31540.0,31565.0,20,2025-06-18 09:44:00
1750239900,31565.0,31580.0,31550.0,31570.0,15,2025-06-18 09:45:00
1750239960,31575.0,31575.0,31550.0,31575.0,6,2025-06-18 09:46:00
1750240020,31555.0,31575.0,31550.0,31575.0,8,2025-06-18 09:47:00
1750240080,31575.0,31575.0,31550.0,31550.0,4,2025-06-18 09:48:00
1750240140,31550.0,31585.0,31550.0,31565.0,78,2025-06-18 09:49:00
1750240200,31555.0,31600.0,31550.0,31595.0,37,2025-06-18 09:50:00
1750240260,31565.0,31565.0,31565.0,31565.0,23,2025-06-18 09:51:00
1750240320,31595.0,31595.0,31595.0,31595.0,5,2025-06-18 09:52:00
1750240380,31595.0,31595.0,31590.0,31595.0,2,2025-06-18 09:53:00
1750240440,31595.0,31595.0,31550.0,31595.0,70,2025-06-18 09:54:00
1750240500,31595.0,31595.0,31595.0,31595.0,2,2025-06-18 09:55:00
1750240560,31595.0,31595.0,31565.0,31565.0,15,2025-06-18 09:56:00
1750240620,31565.0,31575.0,31555.0,31555.0,43,2025-06-18 09:57:00
1750240680,31555.0,31595.0,31550.0,31550.0,20,2025-06-18 09:58:00
1750240740,31550.0,31650.0,31550.0,31555.0,62,2025-06-18 09:59:00
1750304700,31895.0,32085.0,31630.0,31740.0,349,2025-06-19 03:45:00
1750304760,31780.0,31850.0,31780.0,31800.0,140,2025-06-19 03:46:00
1750304820,31765.0,31800.0,31700.0,31770.0,87,2025-06-19 03:47:00
1750304880,31735.0,31800.0,31720.0,31800.0,63,2025-06-19 03:48:00
1750304940,31800.0,31800.0,31735.0,31735.0,117,2025-06-19 03:49:00
1750305000,31740.0,31795.0,31740.0,31795.0,27,2025-06-19 03:50:00
1750305060,31795.0,31795.0,31795.0,31795.0,12,2025-06-19 03:51:00
1750305120,31795.0,31795.0,31735.0,31735.0,16,2025-06-19 03:52:00
1750305180,31735.0,31795.0,31735.0,31770.0,70,2025-06-19 03:53:00
1750305240,31770.0,31800.0,31770.0,31800.0,8,2025-06-19 03:54:00
1750305300,31800.0,31820.0,31795.0,31805.0,41,2025-06-19 03:55:00
1750305360,31805.0,31815.0,31800.0,31800.0,18,2025-06-19 03:56:00
1750305420,31800.0,31810.0,31750.0,31750.0,94,2025-06-19 03:57:00
1750305480,31795.0,31795.0,31740.0,31760.0,50,2025-06-19 03:58:00
1750305540,31760.0,31780.0,31725.0,31775.0,38,2025-06-19 03:59:00
1750305600,31775.0,31775.0,31740.0,31740.0,11,2025-06-19 04:00:00
1750305660,31740.0,31765.0,31740.0,31765.0,1,2025-06-19 04:01:00
1750305720,31765.0,31790.0,31715.0,31790.0,35,2025-06-19 04:02:00
1750305780,31790.0,31810.0,31765.0,31780.0,32,2025-06-19 04:03:00
1750305840,31780.0,31805.0,31600.0,31600.0,254,2025-06-19 04:04:00
1750305900,31600.0,31605.0,31600.0,31605.0,3,2025-06-19 04:05:00
1750305960,31670.0,31670.0,31630.0,31630.0,32,2025-06-19 04:06:00
1750306020,31630.0,31630.0,31630.0,31630.0,0,2025-06-19 04:07:00
1750306080,31630.0,31635.0,31565.0,31590.0,278,2025-06-19 04:08:00
1750306140,31595.0,31635.0,31585.0,31630.0,17,2025-06-19 04:09:00
1750306200,31630.0,31630.0,31625.0,31625.0,10,2025-06-19 04:10:00
1750306260,31625.0,31635.0,31595.0,31620.0,5,2025-06-19 04:11:00
1750306320,31620.0,31635.0,31595.0,31635.0,20,2025-06-19 04:12:00
1750306380,31635.0,31645.0,31610.0,31610.0,18,2025-06-19 04:13:00
1750306440,31610.0,31745.0,31610.0,31735.0,58,2025-06-19 04:14:00
1750306500,31765.0,31780.0,31675.0,31675.0,36,2025-06-19 04:15:00
1750306560,31675.0,31750.0,31675.0,31730.0,14,2025-06-19 04:16:00
1750306620,31730.0,31760.0,31725.0,31725.0,5,2025-06-19 04:17:00
1750306680,31725.0,31725.0,31725.0,31725.0,0,2025-06-19 04:18:00
1750306740,31725.0,31730.0,31685.0,31700.0,16,2025-06-19 04:19:00
1750306800,31695.0,31735.0,31695.0,31700.0,8,2025-06-19 04:20:00
1750306860,31730.0,31745.0,31705.0,31735.0,14,2025-06-19 04:21:00
1750306920,31735.0,31735.0,31700.0,31710.0,4,2025-06-19 04:22:00
1750306980,31710.0,31735.0,31665.0,31665.0,8,2025-06-19 04:23:00
1750307040,31715.0,31715.0,31650.0,31680.0,32,2025-06-19 04:24:00
1750307100,31680.0,31685.0,31670.0,31675.0,7,2025-06-19 04:25:00
1750307160,31675.0,31720.0,31675.0,31720.0,4,2025-06-19 04:26:00
1750307220,31690.0,31720.0,31675.0,31700.0,4,2025-06-19 04:27:00
1750307280,31700.0,31725.0,31700.0,31725.0,2,2025-06-19 04:28:00
1750307340,31690.0,31690.0,31690.0,31690.0,1,2025-06-19 04:29:00
1750307400,31680.0,31680.0,31650.0,31650.0,8,2025-06-19 04:30:00
1750307460,31690.0,31690.0,31655.0,31685.0,23,2025-06-19 04:31:00
1750307520,31685.0,31705.0,31685.0,31705.0,52,2025-06-19 04:32:00
1750307580,31705.0,31705.0,31670.0,31670.0,5,2025-06-19 04:33:00
1750307640,31670.0,31670.0,31670.0,31670.0,52,2025-06-19 04:34:00
1750307700,31690.0,31690.0,31670.0,31670.0,5,2025-06-19 04:35:00
1750307760,31670.0,31670.0,31670.0,31670.0,2,2025-06-19 04:36:00
1750307820,31695.0,31705.0,31670.0,31675.0,11,2025-06-19 04:37:00
1750307880,31675.0,31675.0,31670.0,31670.0,1,2025-06-19 04:38:00
1750307940,31670.0,31705.0,31670.0,31675.0,9,2025-06-19 04:39:00
1750308000,31670.0,31700.0,31665.0,31700.0,6,2025-06-19 04:40:00
1750308060,31700.0,31700.0,31670.0,31685.0,5,2025-06-19 04:41:00
1750308120,31685.0,31745.0,31660.0,31745.0,77,2025-06-19 04:42:00
1750308180,31715.0,31800.0,31710.0,31770.0,50,2025-06-19 04:43:00
1750308240,31770.0,31795.0,31770.0,31770.0,25,2025-06-19 04:44:00
1750308300,31770.0,31780.0,31745.0,31745.0,3,2025-06-19 04:45:00
1750308360,31745.0,31775.0,31735.0,31735.0,6,2025-06-19 04:46:00
1750308420,31735.0,31735.0,31730.0,31730.0,1,2025-06-19 04:47:00
1750308480,31730.0,31730.0,31725.0,31725.0,2,2025-06-19 04:48:00
1750308540,31725.0,31750.0,31710.0,31750.0,3,2025-06-19 04:49:00
1750308600,31750.0,31755.0,31745.0,31755.0,2,2025-06-19 04:50:00
1750308660,31755.0,31755.0,31710.0,31755.0,7,2025-06-19 04:51:00
1750308720,31755.0,31755.0,31755.0,31755.0,0,2025-06-19 04:52:00
1750308780,31755.0,31755.0,31755.0,31755.0,0,2025-06-19 04:53:00
1750308840,31755.0,31755.0,31755.0,31755.0,0,2025-06-19 04:54:00
1750308900,31755.0,31755.0,31705.0,31740.0,14,2025-06-19 04:55:00
1750308960,31740.0,31805.0,31740.0,31805.0,92,2025-06-19 04:56:00
1750309020,31805.0,31835.0,31795.0,31805.0,13,2025-06-19 04:57:00
1750309080,31790.0,31835.0,31780.0,31805.0,20,2025-06-19 04:58:00
1750309140,31805.0,31825.0,31805.0,31825.0,2,2025-06-19 04:59:00
1750309200,31825.0,31835.0,31810.0,31835.0,7,2025-06-19 05:00:00
1750309260,31835.0,31835.0,31780.0,31790.0,49,2025-06-19 05:01:00
1750309320,31790.0,31815.0,31790.0,31790.0,2,2025-06-19 05:02:00
1750309380,31790.0,31790.0,31730.0,31775.0,16,2025-06-19 05:03:00
1750309440,31775.0,31775.0,31775.0,31775.0,0,2025-06-19 05:04:00
1750309500,31775.0,31775.0,31775.0,31775.0,0,2025-06-19 05:05:00
1750309560,31775.0,31775.0,31715.0,31715.0,16,2025-06-19 05:06:00
1750309620,31715.0,31745.0,31710.0,31710.0,8,2025-06-19 05:07:00
1750309680,31710.0,31745.0,31710.0,31745.0,4,2025-06-19 05:08:00
1750309740,31745.0,31745.0,31745.0,31745.0,0,2025-06-19 05:09:00
1750309800,31745.0,31745.0,31705.0,31705.0,2,2025-06-19 05:10:00
1750309860,31705.0,31745.0,31705.0,31745.0,2,2025-06-19 05:11:00
1750309920,31745.0,31745.0,31705.0,31705.0,13,2025-06-19 05:12:00
1750309980,31705.0,31765.0,31705.0,31760.0,31,2025-06-19 05:13:00
1750310040,31760.0,31760.0,31760.0,31760.0,2,2025-06-19 05:14:00
1750310100,31760.0,31765.0,31710.0,31765.0,7,2025-06-19 05:15:00
1750310160,31765.0,31765.0,31725.0,31725.0,1,2025-06-19 05:16:00
1750310220,31725.0,31755.0,31725.0,31725.0,3,2025-06-19 05:17:00
1750310280,31725.0,31765.0,31725.0,31765.0,1,2025-06-19 05:18:00
1750310340,31765.0,31765.0,31765.0,31765.0,0,2025-06-19 05:19:00
1750310400,31765.0,31765.0,31765.0,31765.0,0,2025-06-19 05:20:00
1750310460,31765.0,31765.0,31730.0,31760.0,22,2025-06-19 05:21:00
1750310520,31760.0,31790.0,31730.0,31790.0,20,2025-06-19 05:22:00
1750310580,31790.0,31790.0,31735.0,31735.0,19,2025-06-19 05:23:00
1750310640,31735.0,31790.0,31735.0,31750.0,4,2025-06-19 05:24:00
1750310700,31750.0,31785.0,31745.0,31745.0,4,2025-06-19 05:25:00
1750310760,31745.0,31790.0,31745.0,31790.0,8,2025-06-19 05:26:00
1750310820,31790.0,31790.0,31765.0,31765.0,1,2025-06-19 05:27:00
1750310880,31765.0,31765.0,31765.0,31765.0,0,2025-06-19 05:28:00
1750310940,31765.0,31765.0,31750.0,31750.0,3,2025-06-19 05:29:00
1750311000,31750.0,31750.0,31750.0,31750.0,0,2025-06-19 05:30:00
1750311060,31750.0,31750.0,31750.0,31750.0,0,2025-06-19 05:31:00
1750311120,31750.0,31750.0,31750.0,31750.0,0,2025-06-19 05:32:00
1750311180,31750.0,31750.0,31750.0,31750.0,1,2025-06-19 05:33:00
1750311240,31750.0,31775.0,31745.0,31775.0,3,2025-06-19 05:34:00
1750311300,31745.0,31745.0,31735.0,31735.0,5,2025-06-19 05:35:00
1750311360,31735.0,31735.0,31735.0,31735.0,1,2025-06-19 05:36:00
1750311420,31735.0,31765.0,31725.0,31725.0,16,2025-06-19 05:37:00
1750311480,31725.0,31725.0,31725.0,31725.0,3,2025-06-19 05:38:00
1750311540,31725.0,31725.0,31725.0,31725.0,1,2025-06-19 05:39:00
1750311600,31725.0,31755.0,31725.0,31755.0,2,2025-06-19 05:40:00
1750311660,31755.0,31755.0,31730.0,31730.0,4,2025-06-19 05:41:00
1750311720,31730.0,31730.0,31730.0,31730.0,1,2025-06-19 05:42:00
1750311780,31730.0,31770.0,31730.0,31730.0,27,2025-06-19 05:43:00
1750311840,31730.0,31770.0,31730.0,31770.0,5,2025-06-19 05:44:00
1750311900,31770.0,31770.0,31725.0,31755.0,16,2025-06-19 05:45:00
1750311960,31755.0,31755.0,31725.0,31725.0,3,2025-06-19 05:46:00
1750312020,31725.0,31755.0,31725.0,31725.0,8,2025-06-19 05:47:00
1750312080,31725.0,31750.0,31720.0,31725.0,3,2025-06-19 05:48:00
1750312140,31725.0,31725.0,31725.0,31725.0,0,2025-06-19 05:49:00
1750312200,31725.0,31790.0,31725.0,31765.0,146,2025-06-19 05:50:00
1750312260,31765.0,31765.0,31750.0,31760.0,41,2025-06-19 05:51:00
1750312320,31760.0,31760.0,31760.0,31760.0,0,2025-06-19 05:52:00
1750312380,31790.0,31790.0,31770.0,31770.0,6,2025-06-19 05:53:00
1750312440,31770.0,31770.0,31770.0,31770.0,0,2025-06-19 05:54:00
1750312500,31770.0,31770.0,31770.0,31770.0,0,2025-06-19 05:55:00
1750312560,31770.0,31775.0,31770.0,31775.0,2,2025-06-19 05:56:00
1750312620,31775.0,31775.0,31775.0,31775.0,4,2025-06-19 05:57:00
1750312680,31775.0,31805.0,31775.0,31780.0,6,2025-06-19 05:58:00
1750312740,31780.0,31780.0,31685.0,31715.0,124,2025-06-19 05:59:00
1750312800,31715.0,31750.0,31715.0,31750.0,15,2025-06-19 06:00:00
1750312860,31750.0,31750.0,31750.0,31750.0,0,2025-06-19 06:01:00
1750312920,31750.0,31750.0,31750.0,31750.0,1,2025-06-19 06:02:00
1750312980,31750.0,31750.0,31750.0,31750.0,0,2025-06-19 06:03:00
1750313040,31750.0,31750.0,31750.0,31750.0,0,2025-06-19 06:04:00
1750313100,31750.0,31750.0,31750.0,31750.0,0,2025-06-19 06:05:00
1750313160,31710.0,31745.0,31710.0,31745.0,15,2025-06-19 06:06:00
1750313220,31745.0,31745.0,31735.0,31735.0,1,2025-06-19 06:07:00
1750313280,31735.0,31735.0,31700.0,31705.0,15,2025-06-19 06:08:00
1750313340,31705.0,31735.0,31685.0,31700.0,75,2025-06-19 06:09:00
1750313400,31700.0,31705.0,31690.0,31705.0,3,2025-06-19 06:10:00
1750313460,31705.0,31705.0,31705.0,31705.0,5,2025-06-19 06:11:00
1750313520,31725.0,31725.0,31705.0,31705.0,4,2025-06-19 06:12:00
1750313580,31730.0,31735.0,31705.0,31705.0,4,2025-06-19 06:13:00
1750313640,31730.0,31730.0,31705.0,31730.0,5,2025-06-19 06:14:00
1750313700,31730.0,31730.0,31730.0,31730.0,0,2025-06-19 06:15:00
1750313760,31730.0,31730.0,31730.0,31730.0,0,2025-06-19 06:16:00
1750313820,31730.0,31730.0,31730.0,31730.0,0,2025-06-19 06:17:00
1750313880,31730.0,31730.0,31685.0,31685.0,32,2025-06-19 06:18:00
1750313940,31685.0,31715.0,31685.0,31715.0,2,2025-06-19 06:19:00
1750314000,31715.0,31715.0,31715.0,31715.0,0,2025-06-19 06:20:00
1750314060,31715.0,31715.0,31715.0,31715.0,0,2025-06-19 06:21:00
1750314120,31715.0,31715.0,31715.0,31715.0,0,2025-06-19 06:22:00
1750314180,31715.0,31715.0,31680.0,31710.0,2,2025-06-19 06:23:00
1750314240,31710.0,31715.0,31680.0,31715.0,6,2025-06-19 06:24:00
1750314300,31715.0,31715.0,31715.0,31715.0,0,2025-06-19 06:25:00
1750314360,31715.0,31715.0,31715.0,31715.0,0,2025-06-19 06:26:00
1750314420,31685.0,31685.0,31685.0,31685.0,3,2025-06-19 06:27:00
1750314480,31685.0,31720.0,31685.0,31720.0,2,2025-06-19 06:28:00
1750314540,31720.0,31720.0,31675.0,31675.0,6,2025-06-19 06:29:00
1750314600,31675.0,31710.0,31670.0,31670.0,4,2025-06-19 06:30:00
1750314660,31670.0,31710.0,31665.0,31675.0,11,2025-06-19 06:31:00
1750314720,31675.0,31675.0,31670.0,31670.0,4,2025-06-19 06:32:00
1750314780,31665.0,31665.0,31595.0,31625.0,107,2025-06-19 06:33:00
1750314840,31625.0,31665.0,31620.0,31660.0,20,2025-06-19 06:34:00
1750314900,31660.0,31665.0,31640.0,31665.0,8,2025-06-19 06:35:00
1750314960,31640.0,31675.0,31640.0,31675.0,8,2025-06-19 06:36:00
1750315020,31675.0,31675.0,31640.0,31640.0,5,2025-06-19 06:37:00
1750315080,31640.0,31665.0,31640.0,31665.0,1,2025-06-19 06:38:00
1750315140,31665.0,31665.0,31665.0,31665.0,0,2025-06-19 06:39:00
1750315200,31665.0,31665.0,31630.0,31660.0,7,2025-06-19 06:40:00
1750315260,31660.0,31665.0,31660.0,31660.0,3,2025-06-19 06:41:00
1750315320,31660.0,31660.0,31660.0,31660.0,0,2025-06-19 06:42:00
1750315380,31660.0,31665.0,31660.0,31665.0,2,2025-06-19 06:43:00
1750315440,31665.0,31665.0,31665.0,31665.0,0,2025-06-19 06:44:00
1750315500,31665.0,31665.0,31665.0,31665.0,0,2025-06-19 06:45:00
1750315560,31665.0,31665.0,31665.0,31665.0,0,2025-06-19 06:46:00
1750315620,31665.0,31665.0,31620.0,31620.0,13,2025-06-19 06:47:00
1750315680,31620.0,31660.0,31620.0,31660.0,108,2025-06-19 06:48:00
1750315740,31660.0,31695.0,31660.0,31695.0,4,2025-06-19 06:49:00
1750315800,31695.0,31695.0,31655.0,31660.0,13,2025-06-19 06:50:00
1750315860,31660.0,31705.0,31660.0,31705.0,6,2025-06-19 06:51:00
1750315920,31705.0,31705.0,31705.0,31705.0,0,2025-06-19 06:52:00
1750315980,31705.0,31705.0,31705.0,31705.0,0,2025-06-19 06:53:00
1750316040,31670.0,31705.0,31670.0,31705.0,15,2025-06-19 06:54:00
1750316100,31705.0,31705.0,31655.0,31695.0,3,2025-06-19 06:55:00
1750316160,31695.0,31695.0,31695.0,31695.0,0,2025-06-19 06:56:00
1750316220,31695.0,31695.0,31695.0,31695.0,0,2025-06-19 06:57:00
1750316280,31695.0,31695.0,31695.0,31695.0,1,2025-06-19 06:58:00
1750316340,31695.0,31700.0,31695.0,31700.0,1,2025-06-19 06:59:00
1750316400,31700.0,31700.0,31700.0,31700.0,2,2025-06-19 07:00:00
1750316460,31700.0,31715.0,31670.0,31715.0,19,2025-06-19 07:01:00
1750316520,31715.0,31725.0,31675.0,31725.0,26,2025-06-19 07:02:00
1750316580,31725.0,31725.0,31725.0,31725.0,0,2025-06-19 07:03:00
1750316640,31725.0,31725.0,31695.0,31725.0,13,2025-06-19 07:04:00
1750316700,31725.0,31725.0,31660.0,31705.0,33,2025-06-19 07:05:00
1750316760,31705.0,31710.0,31670.0,31700.0,15,2025-06-19 07:06:00
1750316820,31655.0,31670.0,31650.0,31660.0,43,2025-06-19 07:07:00
1750316880,31660.0,31695.0,31635.0,31650.0,38,2025-06-19 07:08:00
1750316940,31635.0,31670.0,31635.0,31670.0,12,2025-06-19 07:09:00
1750317000,31670.0,31670.0,31670.0,31670.0,0,2025-06-19 07:10:00
1750317060,31670.0,31670.0,31610.0,31625.0,37,2025-06-19 07:11:00
1750317120,31625.0,31655.0,31625.0,31655.0,1,2025-06-19 07:12:00
1750317180,31655.0,31655.0,31655.0,31655.0,0,2025-06-19 07:13:00
1750317240,31655.0,31655.0,31655.0,31655.0,0,2025-06-19 07:14:00
1750317300,31655.0,31655.0,31555.0,31575.0,72,2025-06-19 07:15:00
1750317360,31610.0,31630.0,31580.0,31600.0,29,2025-06-19 07:16:00
1750317420,31600.0,31625.0,31595.0,31625.0,50,2025-06-19 07:17:00
1750317480,31625.0,31625.0,31605.0,31610.0,10,2025-06-19 07:18:00
1750317540,31610.0,31650.0,31610.0,31650.0,3,2025-06-19 07:19:00
1750317600,31650.0,31655.0,31650.0,31655.0,1,2025-06-19 07:20:00
1750317660,31655.0,31655.0,31565.0,31565.0,59,2025-06-19 07:21:00
1750317720,31565.0,31615.0,31565.0,31575.0,7,2025-06-19 07:22:00
1750317780,31580.0,31600.0,31565.0,31600.0,24,2025-06-19 07:23:00
1750317840,31600.0,31600.0,31540.0,31540.0,24,2025-06-19 07:24:00
1750317900,31540.0,31590.0,31540.0,31555.0,17,2025-06-19 07:25:00
1750317960,31555.0,31585.0,31555.0,31585.0,2,2025-06-19 07:26:00
1750318020,31585.0,31585.0,31540.0,31545.0,10,2025-06-19 07:27:00
1750318080,31530.0,31570.0,31530.0,31570.0,22,2025-06-19 07:28:00
1750318140,31570.0,31570.0,31510.0,31510.0,29,2025-06-19 07:29:00
1750318200,31510.0,31545.0,31510.0,31510.0,45,2025-06-19 07:30:00
1750318260,31510.0,31540.0,31510.0,31540.0,9,2025-06-19 07:31:00
1750318320,31540.0,31540.0,31540.0,31540.0,0,2025-06-19 07:32:00
1750318380,31540.0,31540.0,31495.0,31500.0,98,2025-06-19 07:33:00
1750318440,31500.0,31515.0,31480.0,31485.0,13,2025-06-19 07:34:00
1750318500,31485.0,31485.0,31450.0,31455.0,102,2025-06-19 07:35:00
1750318560,31455.0,31500.0,31455.0,31490.0,4,2025-06-19 07:36:00
1750318620,31490.0,31515.0,31480.0,31515.0,6,2025-06-19 07:37:00
1750318680,31515.0,31515.0,31470.0,31505.0,12,2025-06-19 07:38:00
1750318740,31505.0,31505.0,31470.0,31470.0,1,2025-06-19 07:39:00
1750318800,31470.0,31470.0,31470.0,31470.0,0,2025-06-19 07:40:00
1750318860,31470.0,31505.0,31465.0,31505.0,5,2025-06-19 07:41:00
1750318920,31505.0,31505.0,31505.0,31505.0,0,2025-06-19 07:42:00
1750318980,31505.0,31505.0,31505.0,31505.0,0,2025-06-19 07:43:00
1750319040,31505.0,31505.0,31465.0,31465.0,29,2025-06-19 07:44:00
1750319100,31465.0,31475.0,31465.0,31475.0,9,2025-06-19 07:45:00
1750319160,31475.0,31495.0,31475.0,31495.0,2,2025-06-19 07:46:00
1750319220,31495.0,31495.0,31495.0,31495.0,0,2025-06-19 07:47:00
1750319280,31495.0,31495.0,31460.0,31460.0,12,2025-06-19 07:48:00
1750319340,31460.0,31480.0,31450.0,31460.0,13,2025-06-19 07:49:00
1750319400,31460.0,31475.0,31455.0,31475.0,2,2025-06-19 07:50:00
1750319460,31475.0,31475.0,31460.0,31460.0,5,2025-06-19 07:51:00
1750319520,31460.0,31460.0,31460.0,31460.0,0,2025-06-19 07:52:00
1750319580,31460.0,31465.0,31460.0,31465.0,1,2025-06-19 07:53:00
1750319640,31465.0,31490.0,31465.0,31490.0,7,2025-06-19 07:54:00
1750319700,31490.0,31490.0,31480.0,31480.0,1,2025-06-19 07:55:00
1750319760,31485.0,31485.0,31480.0,31480.0,2,2025-06-19 07:56:00
1750319820,31480.0,31480.0,31455.0,31455.0,4,2025-06-19 07:57:00
1750319880,31455.0,31455.0,31455.0,31455.0,0,2025-06-19 07:58:00
1750319940,31455.0,31475.0,31450.0,31475.0,52,2025-06-19 07:59:00
1750320000,31475.0,31485.0,31450.0,31450.0,7,2025-06-19 08:00:00
1750320060,31450.0,31485.0,31450.0,31485.0,7,2025-06-19 08:01:00
1750320120,31485.0,31490.0,31485.0,31490.0,1,2025-06-19 08:02:00
1750320180,31490.0,31490.0,31490.0,31490.0,1,2025-06-19 08:03:00
1750320240,31490.0,31495.0,31475.0,31495.0,3,2025-06-19 08:04:00
1750320300,31495.0,31495.0,31485.0,31485.0,1,2025-06-19 08:05:00
1750320360,31485.0,31485.0,31455.0,31455.0,2,2025-06-19 08:06:00
1750320420,31455.0,31455.0,31455.0,31455.0,0,2025-06-19 08:07:00
1750320480,31455.0,31470.0,31455.0,31470.0,1,2025-06-19 08:08:00
1750320540,31465.0,31495.0,31465.0,31495.0,17,2025-06-19 08:09:00
1750320600,31495.0,31495.0,31460.0,31475.0,10,2025-06-19 08:10:00
1750320660,31475.0,31475.0,31470.0,31470.0,5,2025-06-19 08:11:00
1750320720,31470.0,31505.0,31470.0,31505.0,1,2025-06-19 08:12:00
1750320780,31505.0,31505.0,31505.0,31505.0,0,2025-06-19 08:13:00
1750320840,31505.0,31505.0,31405.0,31440.0,97,2025-06-19 08:14:00
1750320900,31440.0,31440.0,31410.0,31410.0,3,2025-06-19 08:15:00
1750320960,31410.0,31430.0,31400.0,31430.0,9,2025-06-19 08:16:00
1750321020,31430.0,31430.0,31400.0,31400.0,2,2025-06-19 08:17:00
1750321080,31400.0,31435.0,31400.0,31435.0,1,2025-06-19 08:18:00
1750321140,31435.0,31435.0,31410.0,31410.0,2,2025-06-19 08:19:00
1750321200,31410.0,31435.0,31400.0,31400.0,3,2025-06-19 08:20:00
1750321260,31400.0,31435.0,31400.0,31435.0,2,2025-06-19 08:21:00
1750321320,31435.0,31440.0,31435.0,31440.0,1,2025-06-19 08:22:00
1750321380,31440.0,31440.0,31440.0,31440.0,0,2025-06-19 08:23:00
1750321440,31440.0,31440.0,31400.0,31400.0,12,2025-06-19 08:24:00
1750321500,31395.0,31430.0,31395.0,31430.0,14,2025-06-19 08:25:00
1750321560,31430.0,31430.0,31430.0,31430.0,0,2025-06-19 08:26:00
1750321620,31430.0,31430.0,31285.0,31385.0,163,2025-06-19 08:27:00
1750321680,31385.0,31400.0,31385.0,31395.0,59,2025-06-19 08:28:00
1750321740,31395.0,31395.0,31390.0,31390.0,6,2025-06-19 08:29:00
1750321800,31390.0,31430.0,31380.0,31430.0,16,2025-06-19 08:30:00
1750321860,31430.0,31430.0,31400.0,31400.0,2,2025-06-19 08:31:00
1750321920,31400.0,31400.0,31400.0,31400.0,0,2025-06-19 08:32:00
1750321980,31400.0,31400.0,31400.0,31400.0,0,2025-06-19 08:33:00
1750322040,31400.0,31400.0,31400.0,31400.0,0,2025-06-19 08:34:00
1750322100,31400.0,31400.0,31400.0,31400.0,3,2025-06-19 08:35:00
1750322160,31400.0,31400.0,31360.0,31385.0,9,2025-06-19 08:36:00
1750322220,31385.0,31405.0,31385.0,31390.0,11,2025-06-19 08:37:00
1750322280,31390.0,31430.0,31390.0,31430.0,2,2025-06-19 08:38:00
1750322340,31430.0,31430.0,31395.0,31425.0,5,2025-06-19 08:39:00
1750322400,31425.0,31510.0,31425.0,31475.0,81,2025-06-19 08:40:00
1750322460,31475.0,31480.0,31475.0,31475.0,12,2025-06-19 08:41:00
1750322520,31475.0,31490.0,31445.0,31490.0,30,2025-06-19 08:42:00
1750322580,31490.0,31490.0,31450.0,31450.0,3,2025-06-19 08:43:00
1750322640,31450.0,31485.0,31425.0,31435.0,27,2025-06-19 08:44:00
1750322700,31435.0,31465.0,31435.0,31435.0,5,2025-06-19 08:45:00
1750322760,31435.0,31435.0,31435.0,31435.0,2,2025-06-19 08:46:00
1750322820,31435.0,31465.0,31435.0,31465.0,1,2025-06-19 08:47:00
1750322880,31465.0,31465.0,31435.0,31435.0,2,2025-06-19 08:48:00
1750322940,31435.0,31435.0,31435.0,31435.0,2,2025-06-19 08:49:00
1750323000,31435.0,31435.0,31435.0,31435.0,0,2025-06-19 08:50:00
1750323060,31435.0,31435.0,31435.0,31435.0,0,2025-06-19 08:51:00
1750323120,31435.0,31435.0,31435.0,31435.0,0,2025-06-19 08:52:00
1750323180,31435.0,31435.0,31435.0,31435.0,0,2025-06-19 08:53:00
1750323240,31435.0,31440.0,31410.0,31440.0,29,2025-06-19 08:54:00
1750323300,31440.0,31440.0,31410.0,31410.0,1,2025-06-19 08:55:00
1750323360,31410.0,31410.0,31410.0,31410.0,0,2025-06-19 08:56:00
1750323420,31410.0,31440.0,31410.0,31440.0,6,2025-06-19 08:57:00
1750323480,31440.0,31440.0,31410.0,31410.0,2,2025-06-19 08:58:00
1750323540,31410.0,31440.0,31330.0,31330.0,48,2025-06-19 08:59:00
1750323600,31330.0,31355.0,31270.0,31270.0,16,2025-06-19 09:00:00
1750323660,31270.0,31280.0,31260.0,31260.0,25,2025-06-19 09:01:00
1750323720,31260.0,31285.0,31255.0,31255.0,16,2025-06-19 09:02:00
1750323780,31260.0,31295.0,31260.0,31295.0,37,2025-06-19 09:03:00
1750323840,31255.0,31260.0,31255.0,31260.0,11,2025-06-19 09:04:00
1750323900,31260.0,31280.0,31255.0,31260.0,12,2025-06-19 09:05:00
1750323960,31260.0,31285.0,31255.0,31260.0,22,2025-06-19 09:06:00
1750324020,31260.0,31285.0,31260.0,31285.0,20,2025-06-19 09:07:00
1750324080,31260.0,31285.0,31255.0,31255.0,23,2025-06-19 09:08:00
1750324140,31255.0,31280.0,31255.0,31255.0,14,2025-06-19 09:09:00
1750324200,31285.0,31300.0,31260.0,31300.0,30,2025-06-19 09:10:00
1750324260,31265.0,31280.0,31260.0,31260.0,16,2025-06-19 09:11:00
1750324320,31260.0,31260.0,31260.0,31260.0,13,2025-06-19 09:12:00
1750324380,31260.0,31265.0,31260.0,31260.0,39,2025-06-19 09:13:00
1750324440,31260.0,31260.0,31250.0,31250.0,35,2025-06-19 09:14:00
1750324500,31250.0,31255.0,31250.0,31255.0,1,2025-06-19 09:15:00
1750324560,31255.0,31255.0,31105.0,31155.0,165,2025-06-19 09:16:00
1750324620,31155.0,31155.0,31145.0,31155.0,12,2025-06-19 09:17:00
1750324680,31155.0,31155.0,31120.0,31120.0,13,2025-06-19 09:18:00
1750324740,31120.0,31145.0,31120.0,31130.0,4,2025-06-19 09:19:00
1750324800,31130.0,31155.0,31125.0,31145.0,9,2025-06-19 09:20:00
1750324860,31145.0,31145.0,31120.0,31120.0,6,2025-06-19 09:21:00
1750324920,31150.0,31150.0,31130.0,31130.0,5,2025-06-19 09:22:00
1750324980,31130.0,31155.0,31130.0,31150.0,3,2025-06-19 09:23:00
1750325040,31150.0,31150.0,31040.0,31055.0,344,2025-06-19 09:24:00
1750325100,31040.0,31060.0,31015.0,31015.0,20,2025-06-19 09:25:00
1750325160,31050.0,31050.0,30970.0,30995.0,77,2025-06-19 09:26:00
1750325220,30990.0,31000.0,30985.0,30985.0,15,2025-06-19 09:27:00
1750325280,30985.0,31015.0,30985.0,31015.0,26,2025-06-19 09:28:00
1750325340,31015.0,31090.0,30895.0,31035.0,302,2025-06-19 09:29:00
1750325400,31025.0,31080.0,30985.0,30985.0,138,2025-06-19 09:30:00
1750325460,31000.0,31070.0,31000.0,31040.0,58,2025-06-19 09:31:00
1750325520,31050.0,31080.0,31005.0,31080.0,53,2025-06-19 09:32:00
1750325580,31040.0,31060.0,31015.0,31050.0,34,2025-06-19 09:33:00
1750325640,31060.0,31090.0,31005.0,31040.0,43,2025-06-19 09:34:00
1750325700,31065.0,31105.0,31050.0,31105.0,23,2025-06-19 09:35:00
1750325760,31085.0,31120.0,31085.0,31120.0,20,2025-06-19 09:36:00
1750325820,31090.0,31135.0,31090.0,31135.0,24,2025-06-19 09:37:00
1750325880,31105.0,31135.0,31090.0,31135.0,23,2025-06-19 09:38:00
1750325940,31125.0,31145.0,31090.0,31095.0,49,2025-06-19 09:39:00
1750326000,31125.0,31165.0,31085.0,31165.0,257,2025-06-19 09:40:00
1750326060,31200.0,31200.0,31130.0,31175.0,49,2025-06-19 09:41:00
1750326120,31175.0,31200.0,31130.0,31160.0,19,2025-06-19 09:42:00
1750326180,31150.0,31175.0,31140.0,31140.0,23,2025-06-19 09:43:00
1750326240,31170.0,31170.0,31140.0,31170.0,16,2025-06-19 09:44:00
1750326300,31145.0,31145.0,31110.0,31110.0,153,2025-06-19 09:45:00
1750326360,31065.0,31090.0,31025.0,31050.0,74,2025-06-19 09:46:00
1750326420,31115.0,31120.0,31045.0,31045.0,30,2025-06-19 09:47:00
1750326480,31055.0,31055.0,31030.0,31050.0,32,2025-06-19 09:48:00
1750326540,31045.0,31130.0,31030.0,31030.0,83,2025-06-19 09:49:00
1750326600,31080.0,31080.0,31000.0,31030.0,78,2025-06-19 09:50:00
1750326660,31035.0,31050.0,31000.0,31000.0,47,2025-06-19 09:51:00
1750326720,31045.0,31075.0,31035.0,31075.0,12,2025-06-19 09:52:00
1750326780,31075.0,31085.0,31025.0,31030.0,41,2025-06-19 09:53:00
1750326840,31025.0,31030.0,30895.0,30895.0,126,2025-06-19 09:54:00
1750326900,30865.0,30950.0,30800.0,30895.0,180,2025-06-19 09:55:00
1750326960,30895.0,30895.0,30805.0,30820.0,78,2025-06-19 09:56:00
1750327020,30830.0,30830.0,30800.0,30805.0,92,2025-06-19 09:57:00
1750327080,30805.0,30935.0,30800.0,30810.0,83,2025-06-19 09:58:00
1750327140,30810.0,30860.0,30810.0,30810.0,29,2025-06-19 09:59:00
1750391100,31100.0,31395.0,30990.0,31040.0,222,2025-06-20 03:45:00
1750391160,31060.0,31150.0,30980.0,31135.0,86,2025-06-20 03:46:00
1750391220,31050.0,31065.0,30965.0,31055.0,137,2025-06-20 03:47:00
1750391280,31060.0,31090.0,31025.0,31025.0,26,2025-06-20 03:48:00
1750391340,31025.0,31050.0,30915.0,30930.0,193,2025-06-20 03:49:00
1750391400,30930.0,30965.0,30905.0,30940.0,15,2025-06-20 03:50:00
1750391460,30940.0,30940.0,30850.0,30880.0,19,2025-06-20 03:51:00
1750391520,30880.0,30880.0,30630.0,30705.0,164,2025-06-20 03:52:00
1750391580,30610.0,30770.0,30610.0,30695.0,100,2025-06-20 03:53:00
1750391640,30660.0,30705.0,30660.0,30675.0,29,2025-06-20 03:54:00
1750391700,30675.0,30775.0,30675.0,30775.0,12,2025-06-20 03:55:00
1750391760,30775.0,30845.0,30775.0,30815.0,76,2025-06-20 03:56:00
1750391820,30815.0,30815.0,30770.0,30770.0,40,2025-06-20 03:57:00
1750391880,30770.0,30795.0,30770.0,30780.0,14,2025-06-20 03:58:00
1750391940,30780.0,30780.0,30720.0,30730.0,10,2025-06-20 03:59:00
1750392000,30730.0,30760.0,30730.0,30760.0,25,2025-06-20 04:00:00
1750392060,30760.0,30760.0,30730.0,30730.0,15,2025-06-20 04:01:00
1750392120,30730.0,30730.0,30700.0,30700.0,15,2025-06-20 04:02:00
1750392180,30700.0,30730.0,30700.0,30730.0,2,2025-06-20 04:03:00
1750392240,30730.0,30735.0,30700.0,30735.0,13,2025-06-20 04:04:00
1750392300,30735.0,30740.0,30735.0,30740.0,3,2025-06-20 04:05:00
1750392360,30740.0,30750.0,30710.0,30740.0,10,2025-06-20 04:06:00
1750392420,30745.0,30840.0,30745.0,30830.0,131,2025-06-20 04:07:00
1750392480,30830.0,30875.0,30830.0,30860.0,185,2025-06-20 04:08:00
1750392540,30860.0,30860.0,30825.0,30855.0,7,2025-06-20 04:09:00
1750392600,30855.0,30860.0,30820.0,30820.0,12,2025-06-20 04:10:00
1750392660,30805.0,30855.0,30805.0,30850.0,11,2025-06-20 04:11:00
1750392720,30850.0,30850.0,30850.0,30850.0,0,2025-06-20 04:12:00
1750392780,30850.0,30850.0,30805.0,30810.0,9,2025-06-20 04:13:00
1750392840,30810.0,31055.0,30810.0,31055.0,93,2025-06-20 04:14:00
1750392900,31055.0,31090.0,31000.0,31000.0,128,2025-06-20 04:15:00
1750392960,31095.0,31120.0,31085.0,31100.0,174,2025-06-20 04:16:00
1750393020,31100.0,31100.0,31060.0,31060.0,21,2025-06-20 04:17:00
1750393080,31055.0,31060.0,31055.0,31060.0,2,2025-06-20 04:18:00
1750393140,31060.0,31060.0,31050.0,31050.0,4,2025-06-20 04:19:00
1750393200,31050.0,31050.0,31050.0,31050.0,0,2025-06-20 04:20:00
1750393260,31050.0,31055.0,31015.0,31055.0,30,2025-06-20 04:21:00
1750393320,31085.0,31250.0,31005.0,31230.0,79,2025-06-20 04:22:00
1750393380,31220.0,31225.0,31210.0,31225.0,10,2025-06-20 04:23:00
1750393440,31225.0,31255.0,31160.0,31215.0,235,2025-06-20 04:24:00
1750393500,31240.0,31270.0,31240.0,31270.0,2,2025-06-20 04:25:00
1750393560,31270.0,31270.0,31190.0,31220.0,52,2025-06-20 04:26:00
1750393620,31220.0,31270.0,31220.0,31245.0,28,2025-06-20 04:27:00
1750393680,31185.0,31235.0,31185.0,31235.0,6,2025-06-20 04:28:00
1750393740,31225.0,31240.0,31200.0,31235.0,16,2025-06-20 04:29:00
1750393800,31200.0,31265.0,31195.0,31250.0,65,2025-06-20 04:30:00
1750393860,31250.0,31250.0,31250.0,31250.0,0,2025-06-20 04:31:00
1750393920,31250.0,31250.0,31220.0,31250.0,5,2025-06-20 04:32:00
1750393980,31250.0,31265.0,31245.0,31265.0,6,2025-06-20 04:33:00
1750394040,31280.0,31285.0,31250.0,31250.0,25,2025-06-20 04:34:00
1750394100,31250.0,31295.0,31250.0,31295.0,3,2025-06-20 04:35:00
1750394160,31295.0,31295.0,31255.0,31255.0,6,2025-06-20 04:36:00
1750394220,31260.0,31290.0,31260.0,31290.0,8,2025-06-20 04:37:00
1750394280,31295.0,31295.0,31260.0,31260.0,3,2025-06-20 04:38:00
1750394340,31260.0,31285.0,31260.0,31285.0,15,2025-06-20 04:39:00
1750394400,31285.0,31300.0,31275.0,31300.0,7,2025-06-20 04:40:00
1750394460,31300.0,31300.0,31260.0,31295.0,14,2025-06-20 04:41:00
1750394520,31295.0,31300.0,31295.0,31300.0,1,2025-06-20 04:42:00
1750394580,31300.0,31300.0,31260.0,31295.0,24,2025-06-20 04:43:00
1750394640,31295.0,31300.0,31250.0,31265.0,8,2025-06-20 04:44:00
1750394700,31265.0,31265.0,31205.0,31235.0,69,2025-06-20 04:45:00
1750394760,31235.0,31235.0,31235.0,31235.0,0,2025-06-20 04:46:00
1750394820,31235.0,31235.0,31205.0,31235.0,3,2025-06-20 04:47:00
1750394880,31235.0,31235.0,31145.0,31160.0,123,2025-06-20 04:48:00
1750394940,31190.0,31195.0,31160.0,31190.0,26,2025-06-20 04:49:00
1750395000,31190.0,31190.0,31190.0,31190.0,0,2025-06-20 04:50:00
1750395060,31165.0,31185.0,31165.0,31185.0,4,2025-06-20 04:51:00
1750395120,31185.0,31185.0,31165.0,31165.0,1,2025-06-20 04:52:00
1750395180,31165.0,31165.0,31135.0,31160.0,25,2025-06-20 04:53:00
1750395240,31160.0,31190.0,31160.0,31190.0,8,2025-06-20 04:54:00
1750395300,31190.0,31190.0,31170.0,31170.0,2,2025-06-20 04:55:00
1750395360,31170.0,31170.0,31170.0,31170.0,0,2025-06-20 04:56:00
1750395420,31170.0,31170.0,31170.0,31170.0,0,2025-06-20 04:57:00
1750395480,31170.0,31190.0,31170.0,31190.0,17,2025-06-20 04:58:00
1750395540,31190.0,31190.0,31190.0,31190.0,1,2025-06-20 04:59:00
1750395600,31170.0,31200.0,31170.0,31200.0,14,2025-06-20 05:00:00
1750395660,31200.0,31200.0,31180.0,31180.0,4,2025-06-20 05:01:00
1750395720,31180.0,31180.0,31180.0,31180.0,0,2025-06-20 05:02:00
1750395780,31180.0,31180.0,31180.0,31180.0,0,2025-06-20 05:03:00
1750395840,31180.0,31205.0,31170.0,31200.0,15,2025-06-20 05:04:00
1750395900,31200.0,31200.0,31165.0,31165.0,3,2025-06-20 05:05:00
1750395960,31190.0,31200.0,31190.0,31200.0,2,2025-06-20 05:06:00
1750396020,31200.0,31200.0,31200.0,31200.0,0,2025-06-20 05:07:00
1750396080,31200.0,31225.0,31195.0,31225.0,14,2025-06-20 05:08:00
1750396140,31225.0,31225.0,31225.0,31225.0,1,2025-06-20 05:09:00
1750396200,31225.0,31225.0,31225.0,31225.0,0,2025-06-20 05:10:00
1750396260,31225.0,31225.0,31215.0,31215.0,1,2025-06-20 05:11:00
1750396320,31215.0,31215.0,31215.0,31215.0,0,2025-06-20 05:12:00
1750396380,31215.0,31240.0,31205.0,31240.0,5,2025-06-20 05:13:00
1750396440,31240.0,31240.0,31240.0,31240.0,0,2025-06-20 05:14:00
1750396500,31240.0,31240.0,31240.0,31240.0,0,2025-06-20 05:15:00
1750396560,31240.0,31240.0,31240.0,31240.0,0,2025-06-20 05:16:00
1750396620,31240.0,31240.0,31235.0,31235.0,1,2025-06-20 05:17:00
1750396680,31205.0,31235.0,31205.0,31235.0,11,2025-06-20 05:18:00
1750396740,31235.0,31270.0,31190.0,31190.0,180,2025-06-20 05:19:00
1750396800,31215.0,31230.0,31200.0,31230.0,8,2025-06-20 05:20:00
1750396860,31230.0,31230.0,31230.0,31230.0,0,2025-06-20 05:21:00
1750396920,31230.0,31315.0,31225.0,31315.0,457,2025-06-20 05:22:00
1750396980,31315.0,31315.0,31285.0,31290.0,13,2025-06-20 05:23:00
1750397040,31290.0,31290.0,31290.0,31290.0,0,2025-06-20 05:24:00
1750397100,31290.0,31290.0,31290.0,31290.0,1,2025-06-20 05:25:00
1750397160,31290.0,31290.0,31290.0,31290.0,0,2025-06-20 05:26:00
1750397220,31290.0,31290.0,31290.0,31290.0,0,2025-06-20 05:27:00
1750397280,31290.0,31325.0,31290.0,31325.0,38,2025-06-20 05:28:00
1750397340,31325.0,31325.0,31295.0,31300.0,4,2025-06-20 05:29:00
1750397400,31300.0,31300.0,31295.0,31295.0,1,2025-06-20 05:30:00
1750397460,31295.0,31295.0,31255.0,31255.0,26,2025-06-20 05:31:00
1750397520,31255.0,31295.0,31255.0,31295.0,3,2025-06-20 05:32:00
1750397580,31295.0,31295.0,31265.0,31265.0,3,2025-06-20 05:33:00
1750397640,31265.0,31295.0,31260.0,31265.0,55,2025-06-20 05:34:00
1750397700,31265.0,31295.0,31265.0,31295.0,8,2025-06-20 05:35:00
1750397760,31295.0,31295.0,31260.0,31295.0,3,2025-06-20 05:36:00
1750397820,31295.0,31295.0,31295.0,31295.0,1,2025-06-20 05:37:00
1750397880,31295.0,31295.0,31295.0,31295.0,0,2025-06-20 05:38:00
1750397940,31295.0,31295.0,31295.0,31295.0,0,2025-06-20 05:39:00
1750398000,31295.0,31295.0,31290.0,31290.0,1,2025-06-20 05:40:00
1750398060,31290.0,31290.0,31260.0,31290.0,5,2025-06-20 05:41:00
1750398120,31295.0,31295.0,31295.0,31295.0,1,2025-06-20 05:42:00
1750398180,31295.0,31320.0,31285.0,31285.0,16,2025-06-20 05:43:00
1750398240,31285.0,31285.0,31270.0,31270.0,2,2025-06-20 05:44:00
1750398300,31270.0,31310.0,31270.0,31310.0,2,2025-06-20 05:45:00
1750398360,31280.0,31310.0,31275.0,31275.0,35,2025-06-20 05:46:00
1750398420,31310.0,31310.0,31310.0,31310.0,1,2025-06-20 05:47:00
1750398480,31310.0,31310.0,31265.0,31265.0,5,2025-06-20 05:48:00
1750398540,31265.0,31265.0,31265.0,31265.0,0,2025-06-20 05:49:00
1750398600,31265.0,31265.0,31260.0,31265.0,1,2025-06-20 05:50:00
1750398660,31265.0,31290.0,31265.0,31270.0,4,2025-06-20 05:51:00
1750398720,31300.0,31300.0,31300.0,31300.0,2,2025-06-20 05:52:00
1750398780,31295.0,31295.0,31270.0,31270.0,4,2025-06-20 05:53:00
1750398840,31270.0,31270.0,31270.0,31270.0,0,2025-06-20 05:54:00
1750398900,31270.0,31270.0,31270.0,31270.0,0,2025-06-20 05:55:00
1750398960,31270.0,31300.0,31270.0,31300.0,27,2025-06-20 05:56:00
1750399020,31295.0,31300.0,31275.0,31300.0,130,2025-06-20 05:57:00
1750399080,31300.0,31300.0,31275.0,31275.0,1,2025-06-20 05:58:00
1750399140,31275.0,31275.0,31275.0,31275.0,0,2025-06-20 05:59:00
1750399200,31275.0,31295.0,31275.0,31295.0,2,2025-06-20 06:00:00
1750399260,31295.0,31295.0,31295.0,31295.0,0,2025-06-20 06:01:00
1750399320,31295.0,31295.0,31295.0,31295.0,0,2025-06-20 06:02:00
1750399380,31295.0,31300.0,31275.0,31300.0,2,2025-06-20 06:03:00
1750399440,31300.0,31300.0,31255.0,31255.0,33,2025-06-20 06:04:00
1750399500,31255.0,31290.0,31255.0,31290.0,7,2025-06-20 06:05:00
1750399560,31290.0,31290.0,31255.0,31290.0,3,2025-06-20 06:06:00
1750399620,31290.0,31290.0,31290.0,31290.0,0,2025-06-20 06:07:00
1750399680,31290.0,31290.0,31260.0,31260.0,5,2025-06-20 06:08:00
1750399740,31260.0,31275.0,31235.0,31275.0,12,2025-06-20 06:09:00
1750399800,31270.0,31270.0,31235.0,31270.0,5,2025-06-20 06:10:00
1750399860,31270.0,31270.0,31235.0,31235.0,1,2025-06-20 06:11:00
1750399920,31235.0,31235.0,31235.0,31235.0,1,2025-06-20 06:12:00
1750399980,31235.0,31235.0,31235.0,31235.0,1,2025-06-20 06:13:00
1750400040,31235.0,31235.0,31235.0,31235.0,2,2025-06-20 06:14:00
1750400100,31235.0,31235.0,31235.0,31235.0,0,2025-06-20 06:15:00
1750400160,31235.0,31260.0,31235.0,31260.0,2,2025-06-20 06:16:00
1750400220,31260.0,31260.0,31260.0,31260.0,1,2025-06-20 06:17:00
1750400280,31260.0,31260.0,31235.0,31255.0,10,2025-06-20 06:18:00
1750400340,31235.0,31270.0,31235.0,31270.0,10,2025-06-20 06:19:00
1750400400,31270.0,31270.0,31240.0,31240.0,4,2025-06-20 06:20:00
1750400460,31240.0,31265.0,31235.0,31265.0,3,2025-06-20 06:21:00
1750400520,31265.0,31265.0,31235.0,31235.0,3,2025-06-20 06:22:00
1750400580,31235.0,31270.0,31235.0,31270.0,5,2025-06-20 06:23:00
1750400640,31270.0,31270.0,31235.0,31235.0,1,2025-06-20 06:24:00
1750400700,31235.0,31235.0,31235.0,31235.0,1,2025-06-20 06:25:00
1750400760,31235.0,31235.0,31235.0,31235.0,0,2025-06-20 06:26:00
1750400820,31235.0,31235.0,31235.0,31235.0,0,2025-06-20 06:27:00
1750400880,31235.0,31235.0,31235.0,31235.0,0,2025-06-20 06:28:00
1750400940,31235.0,31235.0,31235.0,31235.0,2,2025-06-20 06:29:00
1750401000,31235.0,31265.0,31235.0,31265.0,4,2025-06-20 06:30:00
1750401060,31265.0,31265.0,31235.0,31235.0,5,2025-06-20 06:31:00
1750401120,31235.0,31295.0,31235.0,31295.0,17,2025-06-20 06:32:00
1750401180,31265.0,31265.0,31265.0,31265.0,3,2025-06-20 06:33:00
1750401240,31265.0,31305.0,31265.0,31270.0,4,2025-06-20 06:34:00
1750401300,31270.0,31270.0,31270.0,31270.0,3,2025-06-20 06:35:00
1750401360,31300.0,31310.0,31280.0,31310.0,10,2025-06-20 06:36:00
1750401420,31310.0,31655.0,31270.0,31585.0,1954,2025-06-20 06:37:00
1750401480,31580.0,31620.0,31560.0,31610.0,34,2025-06-20 06:38:00
1750401540,31610.0,31620.0,31585.0,31585.0,10,2025-06-20 06:39:00
1750401600,31585.0,31620.0,31480.0,31520.0,57,2025-06-20 06:40:00
1750401660,31520.0,31545.0,31500.0,31515.0,12,2025-06-20 06:41:00
1750401720,31515.0,31560.0,31515.0,31535.0,7,2025-06-20 06:42:00
1750401780,31535.0,31535.0,31535.0,31535.0,0,2025-06-20 06:43:00
1750401840,31535.0,31565.0,31520.0,31520.0,28,2025-06-20 06:44:00
1750401900,31520.0,31520.0,31520.0,31520.0,0,2025-06-20 06:45:00
1750401960,31520.0,31520.0,31490.0,31490.0,2,2025-06-20 06:46:00
1750402020,31490.0,31525.0,31485.0,31525.0,24,2025-06-20 06:47:00
1750402080,31525.0,31525.0,31490.0,31490.0,2,2025-06-20 06:48:00
1750402140,31490.0,31505.0,31470.0,31505.0,13,2025-06-20 06:49:00
1750402200,31505.0,31505.0,31465.0,31465.0,1,2025-06-20 06:50:00
1750402260,31465.0,31500.0,31460.0,31460.0,8,2025-06-20 06:51:00
1750402320,31460.0,31460.0,31450.0,31450.0,2,2025-06-20 06:52:00
1750402380,31450.0,31450.0,31450.0,31450.0,0,2025-06-20 06:53:00
1750402440,31450.0,31465.0,31430.0,31465.0,3,2025-06-20 06:54:00
1750402500,31465.0,31465.0,31430.0,31430.0,2,2025-06-20 06:55:00
1750402560,31430.0,31465.0,31420.0,31435.0,6,2025-06-20 06:56:00
1750402620,31435.0,31460.0,31430.0,31460.0,14,2025-06-20 06:57:00
1750402680,31460.0,31460.0,31430.0,31430.0,9,2025-06-20 06:58:00
1750402740,31430.0,31460.0,31430.0,31460.0,1,2025-06-20 06:59:00
1750402800,31460.0,31465.0,31435.0,31435.0,9,2025-06-20 07:00:00
1750402860,31435.0,31480.0,31435.0,31450.0,44,2025-06-20 07:01:00
1750402920,31450.0,31450.0,31435.0,31435.0,1,2025-06-20 07:02:00
1750402980,31435.0,31435.0,31435.0,31435.0,4,2025-06-20 07:03:00
1750403040,31435.0,31435.0,31415.0,31430.0,4,2025-06-20 07:04:00
1750403100,31430.0,31430.0,31375.0,31385.0,73,2025-06-20 07:05:00
1750403160,31385.0,31385.0,31375.0,31375.0,2,2025-06-20 07:06:00
1750403220,31405.0,31410.0,31405.0,31410.0,2,2025-06-20 07:07:00
1750403280,31410.0,31410.0,31385.0,31385.0,4,2025-06-20 07:08:00
1750403340,31385.0,31385.0,31380.0,31380.0,1,2025-06-20 07:09:00
1750403400,31380.0,31420.0,31380.0,31385.0,4,2025-06-20 07:10:00
1750403460,31385.0,31445.0,31385.0,31445.0,34,2025-06-20 07:11:00
1750403520,31445.0,31445.0,31445.0,31445.0,0,2025-06-20 07:12:00
1750403580,31445.0,31445.0,31445.0,31445.0,0,2025-06-20 07:13:00
1750403640,31445.0,31445.0,31410.0,31410.0,2,2025-06-20 07:14:00
1750403700,31410.0,31500.0,31410.0,31500.0,80,2025-06-20 07:15:00
1750403760,31500.0,31500.0,31490.0,31490.0,5,2025-06-20 07:16:00
1750403820,31490.0,31490.0,31440.0,31475.0,6,2025-06-20 07:17:00
1750403880,31475.0,31475.0,31435.0,31445.0,9,2025-06-20 07:18:00
1750403940,31445.0,31445.0,31445.0,31445.0,0,2025-06-20 07:19:00
1750404000,31445.0,31470.0,31435.0,31435.0,28,2025-06-20 07:20:00
1750404060,31435.0,31435.0,31425.0,31425.0,7,2025-06-20 07:21:00
1750404120,31430.0,31470.0,31430.0,31470.0,14,2025-06-20 07:22:00
1750404180,31470.0,31475.0,31430.0,31475.0,23,2025-06-20 07:23:00
1750404240,31475.0,31475.0,31475.0,31475.0,1,2025-06-20 07:24:00
1750404300,31475.0,31485.0,31435.0,31435.0,16,2025-06-20 07:25:00
1750404360,31460.0,31460.0,31415.0,31415.0,4,2025-06-20 07:26:00
1750404420,31415.0,31450.0,31415.0,31450.0,7,2025-06-20 07:27:00
1750404480,31470.0,31470.0,31410.0,31455.0,5,2025-06-20 07:28:00
1750404540,31455.0,31460.0,31420.0,31460.0,11,2025-06-20 07:29:00
1750404600,31460.0,31460.0,31425.0,31455.0,4,2025-06-20 07:30:00
1750404660,31455.0,31455.0,31420.0,31420.0,1,2025-06-20 07:31:00
1750404720,31420.0,31420.0,31420.0,31420.0,0,2025-06-20 07:32:00
1750404780,31420.0,31420.0,31420.0,31420.0,0,2025-06-20 07:33:00
1750404840,31420.0,31420.0,31415.0,31415.0,1,2025-06-20 07:34:00
1750404900,31415.0,31415.0,31415.0,31415.0,0,2025-06-20 07:35:00
1750404960,31415.0,31415.0,31415.0,31415.0,0,2025-06-20 07:36:00
1750405020,31420.0,31450.0,31420.0,31450.0,5,2025-06-20 07:37:00
1750405080,31450.0,31450.0,31415.0,31415.0,1,2025-06-20 07:38:00
1750405140,31415.0,31415.0,31355.0,31380.0,144,2025-06-20 07:39:00
1750405200,31380.0,31400.0,31380.0,31400.0,3,2025-06-20 07:40:00
1750405260,31400.0,31435.0,31400.0,31435.0,43,2025-06-20 07:41:00
1750405320,31435.0,31435.0,31435.0,31435.0,1,2025-06-20 07:42:00
1750405380,31435.0,31435.0,31405.0,31405.0,20,2025-06-20 07:43:00
1750405440,31430.0,31460.0,31420.0,31425.0,12,2025-06-20 07:44:00
1750405500,31425.0,31425.0,31425.0,31425.0,0,2025-06-20 07:45:00
1750405560,31425.0,31425.0,31425.0,31425.0,0,2025-06-20 07:46:00
1750405620,31425.0,31595.0,31425.0,31545.0,457,2025-06-20 07:47:00
1750405680,31560.0,31580.0,31560.0,31580.0,4,2025-06-20 07:48:00
1750405740,31580.0,31580.0,31580.0,31580.0,0,2025-06-20 07:49:00
1750405800,31550.0,31550.0,31550.0,31550.0,2,2025-06-20 07:50:00
1750405860,31550.0,31570.0,31545.0,31570.0,17,2025-06-20 07:51:00
1750405920,31570.0,31570.0,31570.0,31570.0,0,2025-06-20 07:52:00
1750405980,31570.0,31570.0,31545.0,31545.0,4,2025-06-20 07:53:00
1750406040,31545.0,31545.0,31545.0,31545.0,0,2025-06-20 07:54:00
1750406100,31545.0,31545.0,31545.0,31545.0,0,2025-06-20 07:55:00
1750406160,31545.0,31565.0,31545.0,31565.0,2,2025-06-20 07:56:00
1750406220,31565.0,31565.0,31565.0,31565.0,0,2025-06-20 07:57:00
1750406280,31565.0,31565.0,31535.0,31535.0,2,2025-06-20 07:58:00
1750406340,31535.0,31535.0,31535.0,31535.0,0,2025-06-20 07:59:00
1750406400,31535.0,31535.0,31535.0,31535.0,0,2025-06-20 08:00:00
1750406460,31535.0,31550.0,31520.0,31550.0,5,2025-06-20 08:01:00
1750406520,31575.0,31625.0,31555.0,31625.0,148,2025-06-20 08:02:00
1750406580,31625.0,31625.0,31625.0,31625.0,0,2025-06-20 08:03:00
1750406640,31555.0,31610.0,31555.0,31610.0,20,2025-06-20 08:04:00
1750406700,31610.0,31610.0,31610.0,31610.0,0,2025-06-20 08:05:00
1750406760,31610.0,31610.0,31610.0,31610.0,0,2025-06-20 08:06:00
1750406820,31610.0,31610.0,31565.0,31565.0,2,2025-06-20 08:07:00
1750406880,31565.0,31570.0,31565.0,31570.0,2,2025-06-20 08:08:00
1750406940,31570.0,31570.0,31570.0,31570.0,0,2025-06-20 08:09:00
1750407000,31570.0,31570.0,31560.0,31560.0,1,2025-06-20 08:10:00
1750407060,31560.0,31585.0,31555.0,31555.0,5,2025-06-20 08:11:00
1750407120,31560.0,31585.0,31560.0,31585.0,6,2025-06-20 08:12:00
1750407180,31585.0,31585.0,31555.0,31555.0,3,2025-06-20 08:13:00
1750407240,31555.0,31585.0,31555.0,31580.0,7,2025-06-20 08:14:00
1750407300,31580.0,31580.0,31580.0,31580.0,0,2025-06-20 08:15:00
1750407360,31580.0,31580.0,31580.0,31580.0,0,2025-06-20 08:16:00
1750407420,31580.0,31580.0,31580.0,31580.0,0,2025-06-20 08:17:00
1750407480,31580.0,31605.0,31580.0,31605.0,4,2025-06-20 08:18:00
1750407540,31605.0,31610.0,31570.0,31610.0,35,2025-06-20 08:19:00
1750407600,31610.0,31610.0,31610.0,31610.0,0,2025-06-20 08:20:00
1750407660,31610.0,31610.0,31560.0,31560.0,20,2025-06-20 08:21:00
1750407720,31560.0,31560.0,31560.0,31560.0,4,2025-06-20 08:22:00
1750407780,31560.0,31560.0,31560.0,31560.0,0,2025-06-20 08:23:00
1750407840,31560.0,31565.0,31560.0,31565.0,1,2025-06-20 08:24:00
1750407900,31565.0,31595.0,31565.0,31595.0,3,2025-06-20 08:25:00
1750407960,31595.0,31595.0,31595.0,31595.0,0,2025-06-20 08:26:00
1750408020,31595.0,31595.0,31570.0,31570.0,2,2025-06-20 08:27:00
1750408080,31570.0,31570.0,31570.0,31570.0,0,2025-06-20 08:28:00
1750408140,31570.0,31570.0,31570.0,31570.0,0,2025-06-20 08:29:00
1750408200,31570.0,31600.0,31570.0,31600.0,3,2025-06-20 08:30:00
1750408260,31605.0,31635.0,31530.0,31565.0,135,2025-06-20 08:31:00
1750408320,31545.0,31585.0,31540.0,31550.0,13,2025-06-20 08:32:00
1750408380,31550.0,31550.0,31550.0,31550.0,0,2025-06-20 08:33:00
1750408440,31550.0,31550.0,31550.0,31550.0,0,2025-06-20 08:34:00
1750408500,31550.0,31570.0,31545.0,31545.0,2,2025-06-20 08:35:00
1750408560,31545.0,31545.0,31545.0,31545.0,0,2025-06-20 08:36:00
1750408620,31545.0,31545.0,31545.0,31545.0,0,2025-06-20 08:37:00
1750408680,31545.0,31545.0,31545.0,31545.0,3,2025-06-20 08:38:00
1750408740,31545.0,31545.0,31505.0,31535.0,12,2025-06-20 08:39:00
1750408800,31535.0,31535.0,31535.0,31535.0,0,2025-06-20 08:40:00
1750408860,31535.0,31540.0,31535.0,31540.0,2,2025-06-20 08:41:00
1750408920,31540.0,31540.0,31515.0,31515.0,3,2025-06-20 08:42:00
1750408980,31515.0,31540.0,31515.0,31540.0,23,2025-06-20 08:43:00
1750409040,31540.0,31540.0,31540.0,31540.0,0,2025-06-20 08:44:00
1750409100,31540.0,31545.0,31540.0,31545.0,2,2025-06-20 08:45:00
1750409160,31545.0,31545.0,31510.0,31515.0,8,2025-06-20 08:46:00
1750409220,31515.0,31515.0,31515.0,31515.0,0,2025-06-20 08:47:00
1750409280,31515.0,31515.0,31515.0,31515.0,0,2025-06-20 08:48:00
1750409340,31515.0,31580.0,31515.0,31580.0,28,2025-06-20 08:49:00
1750409400,31580.0,31580.0,31580.0,31580.0,0,2025-06-20 08:50:00
1750409460,31580.0,31580.0,31550.0,31550.0,2,2025-06-20 08:51:00
1750409520,31550.0,31565.0,31550.0,31565.0,2,2025-06-20 08:52:00
1750409580,31565.0,31585.0,31565.0,31585.0,20,2025-06-20 08:53:00
1750409640,31585.0,31585.0,31550.0,31550.0,15,2025-06-20 08:54:00
1750409700,31550.0,31550.0,31550.0,31550.0,0,2025-06-20 08:55:00
1750409760,31550.0,31585.0,31550.0,31585.0,1,2025-06-20 08:56:00
1750409820,31585.0,31590.0,31580.0,31590.0,4,2025-06-20 08:57:00
1750409880,31590.0,31590.0,31560.0,31580.0,18,2025-06-20 08:58:00
1750409940,31580.0,31580.0,31580.0,31580.0,0,2025-06-20 08:59:00
1750410000,31580.0,31580.0,31550.0,31550.0,28,2025-06-20 09:00:00
1750410060,31540.0,31570.0,31540.0,31570.0,5,2025-06-20 09:01:00
1750410120,31570.0,31570.0,31570.0,31570.0,0,2025-06-20 09:02:00
1750410180,31570.0,31570.0,31570.0,31570.0,1,2025-06-20 09:03:00
1750410240,31570.0,31570.0,31540.0,31545.0,3,2025-06-20 09:04:00
1750410300,31565.0,31575.0,31550.0,31575.0,8,2025-06-20 09:05:00
1750410360,31575.0,31575.0,31550.0,31575.0,7,2025-06-20 09:06:00
1750410420,31575.0,31575.0,31550.0,31550.0,5,2025-06-20 09:07:00
1750410480,31550.0,31580.0,31545.0,31545.0,33,2025-06-20 09:08:00
1750410540,31570.0,31570.0,31535.0,31565.0,8,2025-06-20 09:09:00
1750410600,31565.0,31570.0,31540.0,31540.0,6,2025-06-20 09:10:00
1750410660,31570.0,31580.0,31550.0,31565.0,22,2025-06-20 09:11:00
1750410720,31565.0,31580.0,31545.0,31575.0,8,2025-06-20 09:12:00
1750410780,31575.0,31575.0,31545.0,31575.0,5,2025-06-20 09:13:00
1750410840,31575.0,31580.0,31550.0,31575.0,9,2025-06-20 09:14:00
1750410900,31575.0,31580.0,31550.0,31580.0,5,2025-06-20 09:15:00
1750410960,31580.0,31580.0,31560.0,31580.0,15,2025-06-20 09:16:00
1750411020,31580.0,31580.0,31555.0,31580.0,4,2025-06-20 09:17:00
1750411080,31580.0,31585.0,31560.0,31580.0,8,2025-06-20 09:18:00
1750411140,31555.0,31585.0,31555.0,31585.0,5,2025-06-20 09:19:00
1750411200,31585.0,31585.0,31560.0,31585.0,19,2025-06-20 09:20:00
1750411260,31585.0,31585.0,31565.0,31565.0,7,2025-06-20 09:21:00
1750411320,31565.0,31595.0,31555.0,31555.0,11,2025-06-20 09:22:00
1750411380,31555.0,31605.0,31550.0,31565.0,53,2025-06-20 09:23:00
1750411440,31600.0,31610.0,31585.0,31610.0,16,2025-06-20 09:24:00
1750411500,31610.0,31610.0,31575.0,31580.0,11,2025-06-20 09:25:00
1750411560,31580.0,31620.0,31575.0,31615.0,37,2025-06-20 09:26:00
1750411620,31615.0,31620.0,31585.0,31620.0,7,2025-06-20 09:27:00
1750411680,31620.0,31620.0,31585.0,31590.0,9,2025-06-20 09:28:00
1750411740,31590.0,31625.0,31590.0,31625.0,9,2025-06-20 09:29:00
1750411800,31625.0,31625.0,31580.0,31610.0,26,2025-06-20 09:30:00
1750411860,31610.0,31610.0,31560.0,31560.0,45,2025-06-20 09:31:00
1750411920,31560.0,31605.0,31560.0,31600.0,37,2025-06-20 09:32:00
1750411980,31575.0,31605.0,31540.0,31605.0,16,2025-06-20 09:33:00
1750412040,31605.0,31610.0,31575.0,31610.0,7,2025-06-20 09:34:00
1750412100,31615.0,31615.0,31575.0,31615.0,10,2025-06-20 09:35:00
1750412160,31610.0,31610.0,31575.0,31610.0,34,2025-06-20 09:36:00
1750412220,31610.0,31620.0,31590.0,31620.0,6,2025-06-20 09:37:00
1750412280,31590.0,31615.0,31555.0,31600.0,67,2025-06-20 09:38:00
1750412340,31600.0,31605.0,31560.0,31560.0,9,2025-06-20 09:39:00
1750412400,31615.0,31625.0,31580.0,31625.0,115,2025-06-20 09:40:00
1750412460,31625.0,31625.0,31595.0,31625.0,21,2025-06-20 09:41:00
1750412520,31595.0,31625.0,31595.0,31625.0,14,2025-06-20 09:42:00
1750412580,31625.0,31625.0,31600.0,31625.0,48,2025-06-20 09:43:00
1750412640,31600.0,31625.0,31585.0,31585.0,28,2025-06-20 09:44:00
1750412700,31570.0,31690.0,31560.0,31605.0,163,2025-06-20 09:45:00
1750412760,31605.0,31625.0,31590.0,31625.0,40,2025-06-20 09:46:00
1750412820,31625.0,31625.0,31625.0,31625.0,13,2025-06-20 09:47:00
1750412880,31590.0,31625.0,31590.0,31625.0,86,2025-06-20 09:48:00
1750412940,31625.0,31650.0,31520.0,31620.0,152,2025-06-20 09:49:00
1750413000,31620.0,31705.0,31580.0,31620.0,171,2025-06-20 09:50:00
1750413060,31620.0,31625.0,31600.0,31605.0,11,2025-06-20 09:51:00
1750413120,31605.0,31625.0,31550.0,31585.0,67,2025-06-20 09:52:00
1750413180,31600.0,31625.0,31535.0,31580.0,132,2025-06-20 09:53:00
1750413240,31625.0,31625.0,31590.0,31625.0,14,2025-06-20 09:54:00
1750413300,31625.0,31625.0,31625.0,31625.0,4,2025-06-20 09:55:00
1750413360,31595.0,31615.0,31595.0,31615.0,9,2025-06-20 09:56:00
1750413420,31615.0,31620.0,31600.0,31615.0,16,2025-06-20 09:57:00
1750413480,31615.0,31625.0,31615.0,31615.0,135,2025-06-20 09:58:00
1750413540,31570.0,31745.0,31505.0,31550.0,56,2025-06-20 09:59:00
1750650300,31265.0,31425.0,31265.0,31425.0,47,2025-06-23 03:45:00
1750650360,31425.0,31425.0,31285.0,31365.0,45,2025-06-23 03:46:00
1750650420,31365.0,31365.0,31250.0,31250.0,83,2025-06-23 03:47:00
1750650480,31280.0,31280.0,31180.0,31180.0,33,2025-06-23 03:48:00
1750650540,31155.0,31255.0,31155.0,31250.0,16,2025-06-23 03:49:00
1750650600,31200.0,31200.0,31100.0,31115.0,35,2025-06-23 03:50:00
1750650660,31180.0,31200.0,31180.0,31200.0,32,2025-06-23 03:51:00
1750650720,31200.0,31295.0,31200.0,31295.0,13,2025-06-23 03:52:00
1750650780,31295.0,31305.0,31280.0,31305.0,55,2025-06-23 03:53:00
1750650840,31305.0,31365.0,31285.0,31320.0,76,2025-06-23 03:54:00
1750650900,31315.0,31315.0,31275.0,31300.0,27,2025-06-23 03:55:00
1750650960,31315.0,31320.0,31315.0,31320.0,11,2025-06-23 03:56:00
1750651020,31290.0,31290.0,31290.0,31290.0,8,2025-06-23 03:57:00
1750651080,31290.0,31310.0,31290.0,31310.0,4,2025-06-23 03:58:00
1750651140,31310.0,31310.0,31305.0,31305.0,7,2025-06-23 03:59:00
1750651200,31300.0,31300.0,31260.0,31265.0,10,2025-06-23 04:00:00
1750651260,31265.0,31265.0,31235.0,31235.0,13,2025-06-23 04:01:00
1750651320,31235.0,31290.0,31235.0,31290.0,7,2025-06-23 04:02:00
1750651380,31290.0,31375.0,31270.0,31375.0,33,2025-06-23 04:03:00
1750651440,31380.0,31400.0,31380.0,31400.0,22,2025-06-23 04:04:00
1750651500,31400.0,31400.0,31380.0,31380.0,17,2025-06-23 04:05:00
1750651560,31380.0,31380.0,31345.0,31350.0,11,2025-06-23 04:06:00
1750651620,31350.0,31350.0,31335.0,31335.0,3,2025-06-23 04:07:00
1750651680,31335.0,31335.0,31335.0,31335.0,0,2025-06-23 04:08:00
1750651740,31350.0,31350.0,31320.0,31320.0,14,2025-06-23 04:09:00
1750651800,31320.0,31320.0,31320.0,31320.0,0,2025-06-23 04:10:00
1750651860,31320.0,31320.0,31300.0,31300.0,2,2025-06-23 04:11:00
1750651920,31260.0,31295.0,31260.0,31295.0,5,2025-06-23 04:12:00
1750651980,31270.0,31455.0,31270.0,31330.0,148,2025-06-23 04:13:00
1750652040,31330.0,31340.0,31330.0,31340.0,1,2025-06-23 04:14:00
1750652100,31340.0,31340.0,31235.0,31270.0,21,2025-06-23 04:15:00
1750652160,31270.0,31330.0,31270.0,31330.0,12,2025-06-23 04:16:00
1750652220,31330.0,31330.0,31330.0,31330.0,0,2025-06-23 04:17:00
1750652280,31330.0,31355.0,31320.0,31355.0,2,2025-06-23 04:18:00
1750652340,31355.0,31355.0,31355.0,31355.0,0,2025-06-23 04:19:00
1750652400,31355.0,31355.0,31325.0,31330.0,3,2025-06-23 04:20:00
1750652460,31330.0,31350.0,31330.0,31350.0,2,2025-06-23 04:21:00
1750652520,31350.0,31350.0,31330.0,31330.0,1,2025-06-23 04:22:00
1750652580,31330.0,31330.0,31300.0,31300.0,2,2025-06-23 04:23:00
1750652640,31330.0,31330.0,31330.0,31330.0,1,2025-06-23 04:24:00
1750652700,31300.0,31300.0,31300.0,31300.0,1,2025-06-23 04:25:00
1750652760,31300.0,31300.0,31300.0,31300.0,0,2025-06-23 04:26:00
1750652820,31300.0,31300.0,31170.0,31170.0,67,2025-06-23 04:27:00
1750652880,31170.0,31170.0,31115.0,31115.0,81,2025-06-23 04:28:00
1750652940,31130.0,31140.0,31060.0,31125.0,155,2025-06-23 04:29:00
1750653000,31110.0,31155.0,31095.0,31155.0,24,2025-06-23 04:30:00
1750653060,31155.0,31160.0,31140.0,31140.0,29,2025-06-23 04:31:00
1750653120,31105.0,31105.0,31030.0,31030.0,32,2025-06-23 04:32:00
1750653180,31030.0,31030.0,30950.0,30950.0,66,2025-06-23 04:33:00
1750653240,30950.0,30970.0,30950.0,30965.0,28,2025-06-23 04:34:00
1750653300,30965.0,30975.0,30950.0,30950.0,27,2025-06-23 04:35:00
1750653360,30950.0,31070.0,30950.0,31070.0,35,2025-06-23 04:36:00
1750653420,31145.0,31145.0,31100.0,31135.0,28,2025-06-23 04:37:00
1750653480,31135.0,31135.0,31135.0,31135.0,0,2025-06-23 04:38:00
1750653540,31135.0,31135.0,31070.0,31070.0,8,2025-06-23 04:39:00
1750653600,31070.0,31145.0,31070.0,31145.0,37,2025-06-23 04:40:00
1750653660,31145.0,31190.0,31145.0,31150.0,7,2025-06-23 04:41:00
1750653720,31150.0,31170.0,31150.0,31155.0,2,2025-06-23 04:42:00
1750653780,31155.0,31190.0,31155.0,31170.0,3,2025-06-23 04:43:00
1750653840,31170.0,31180.0,31170.0,31180.0,24,2025-06-23 04:44:00
1750653900,31180.0,31180.0,31180.0,31180.0,0,2025-06-23 04:45:00
1750653960,31180.0,31180.0,31155.0,31155.0,1,2025-06-23 04:46:00
1750654020,31155.0,31155.0,31155.0,31155.0,2,2025-06-23 04:47:00
1750654080,31155.0,31195.0,31130.0,31140.0,75,2025-06-23 04:48:00
1750654140,31140.0,31140.0,31070.0,31080.0,43,2025-06-23 04:49:00
1750654200,31080.0,31135.0,31080.0,31135.0,17,2025-06-23 04:50:00
1750654260,31135.0,31145.0,31135.0,31145.0,37,2025-06-23 04:51:00
1750654320,31145.0,31145.0,31135.0,31135.0,1,2025-06-23 04:52:00
1750654380,31135.0,31140.0,31135.0,31140.0,1,2025-06-23 04:53:00
1750654440,31140.0,31160.0,31135.0,31135.0,7,2025-06-23 04:54:00
1750654500,31125.0,31135.0,31090.0,31090.0,67,2025-06-23 04:55:00
1750654560,31090.0,31095.0,31090.0,31095.0,18,2025-06-23 04:56:00
1750654620,31095.0,31095.0,31090.0,31095.0,5,2025-06-23 04:57:00
1750654680,31090.0,31090.0,31035.0,31075.0,65,2025-06-23 04:58:00
1750654740,31075.0,31075.0,31070.0,31070.0,10,2025-06-23 04:59:00
1750654800,31070.0,31075.0,31065.0,31065.0,24,2025-06-23 05:00:00
1750654860,31065.0,31065.0,31065.0,31065.0,0,2025-06-23 05:01:00
1750654920,31065.0,31065.0,31045.0,31045.0,5,2025-06-23 05:02:00
1750654980,31045.0,31045.0,31045.0,31045.0,0,2025-06-23 05:03:00
1750655040,31045.0,31045.0,30945.0,30990.0,176,2025-06-23 05:04:00
1750655100,30990.0,31045.0,30990.0,31045.0,25,2025-06-23 05:05:00
1750655160,31045.0,31045.0,31040.0,31040.0,1,2025-06-23 05:06:00
1750655220,31040.0,31040.0,31010.0,31010.0,5,2025-06-23 05:07:00
1750655280,31010.0,31060.0,31010.0,31035.0,59,2025-06-23 05:08:00
1750655340,31035.0,31040.0,31035.0,31040.0,36,2025-06-23 05:09:00
1750655400,31040.0,31070.0,31040.0,31070.0,2,2025-06-23 05:10:00
1750655460,31070.0,31095.0,31035.0,31060.0,144,2025-06-23 05:11:00
1750655520,31060.0,31085.0,31060.0,31070.0,17,2025-06-23 05:12:00
1750655580,31070.0,31070.0,31065.0,31065.0,3,2025-06-23 05:13:00
1750655640,31065.0,31065.0,31065.0,31065.0,0,2025-06-23 05:14:00
1750655700,31065.0,31070.0,31065.0,31070.0,13,2025-06-23 05:15:00
1750655760,31070.0,31095.0,31070.0,31095.0,5,2025-06-23 05:16:00
1750655820,31095.0,31100.0,31095.0,31100.0,1,2025-06-23 05:17:00
1750655880,31100.0,31100.0,31080.0,31080.0,13,2025-06-23 05:18:00
1750655940,31085.0,31085.0,31085.0,31085.0,2,2025-06-23 05:19:00
1750656000,31085.0,31110.0,31085.0,31110.0,1,2025-06-23 05:20:00
1750656060,31110.0,31125.0,31110.0,31125.0,4,2025-06-23 05:21:00
1750656120,31125.0,31125.0,31125.0,31125.0,5,2025-06-23 05:22:00
1750656180,31125.0,31125.0,31125.0,31125.0,0,2025-06-23 05:23:00
1750656240,31125.0,31135.0,31125.0,31135.0,5,2025-06-23 05:24:00
1750656300,31135.0,31135.0,31135.0,31135.0,0,2025-06-23 05:25:00
1750656360,31135.0,31135.0,31100.0,31100.0,6,2025-06-23 05:26:00
1750656420,31100.0,31150.0,31100.0,31150.0,35,2025-06-23 05:27:00
1750656480,31140.0,31165.0,31135.0,31165.0,15,2025-06-23 05:28:00
1750656540,31165.0,31170.0,31120.0,31125.0,114,2025-06-23 05:29:00
1750656600,31150.0,31155.0,31140.0,31140.0,94,2025-06-23 05:30:00
1750656660,31140.0,31140.0,31105.0,31105.0,12,2025-06-23 05:31:00
1750656720,31105.0,31105.0,31105.0,31105.0,3,2025-06-23 05:32:00
1750656780,31105.0,31105.0,31105.0,31105.0,35,2025-06-23 05:33:00
1750656840,31105.0,31130.0,31105.0,31105.0,3,2025-06-23 05:34:00
1750656900,31105.0,31105.0,31105.0,31105.0,0,2025-06-23 05:35:00
1750656960,31105.0,31105.0,31105.0,31105.0,0,2025-06-23 05:36:00
1750657020,31105.0,31105.0,31090.0,31090.0,30,2025-06-23 05:37:00
1750657080,31090.0,31090.0,31090.0,31090.0,0,2025-06-23 05:38:00
1750657140,31090.0,31090.0,31090.0,31090.0,0,2025-06-23 05:39:00
1750657200,31090.0,31090.0,31080.0,31080.0,1,2025-06-23 05:40:00
1750657260,31080.0,31080.0,31075.0,31075.0,4,2025-06-23 05:41:00
1750657320,31075.0,31080.0,31075.0,31080.0,1,2025-06-23 05:42:00
1750657380,31080.0,31080.0,31080.0,31080.0,2,2025-06-23 05:43:00
1750657440,31080.0,31080.0,31080.0,31080.0,0,2025-06-23 05:44:00
1750657500,31075.0,31075.0,31060.0,31060.0,18,2025-06-23 05:45:00
1750657560,31070.0,31070.0,31070.0,31070.0,3,2025-06-23 05:46:00
1750657620,31070.0,31110.0,31070.0,31110.0,2,2025-06-23 05:47:00
1750657680,31110.0,31165.0,31110.0,31165.0,40,2025-06-23 05:48:00
1750657740,31165.0,31190.0,31165.0,31185.0,4,2025-06-23 05:49:00
1750657800,31185.0,31185.0,31165.0,31165.0,1,2025-06-23 05:50:00
1750657860,31165.0,31185.0,31165.0,31185.0,19,2025-06-23 05:51:00
1750657920,31185.0,31185.0,31155.0,31155.0,1,2025-06-23 05:52:00
1750657980,31155.0,31155.0,31155.0,31155.0,0,2025-06-23 05:53:00
1750658040,31155.0,31155.0,31150.0,31150.0,1,2025-06-23 05:54:00
1750658100,31150.0,31150.0,31150.0,31150.0,4,2025-06-23 05:55:00
1750658160,31150.0,31190.0,31150.0,31190.0,32,2025-06-23 05:56:00
1750658220,31190.0,31190.0,31190.0,31190.0,0,2025-06-23 05:57:00
1750658280,31165.0,31195.0,31165.0,31195.0,12,2025-06-23 05:58:00
1750658340,31195.0,31195.0,31195.0,31195.0,0,2025-06-23 05:59:00
1750658400,31195.0,31195.0,31155.0,31160.0,2,2025-06-23 06:00:00
1750658460,31200.0,31205.0,31200.0,31205.0,18,2025-06-23 06:01:00
1750658520,31205.0,31210.0,31175.0,31210.0,3,2025-06-23 06:02:00
1750658580,31210.0,31210.0,31175.0,31175.0,1,2025-06-23 06:03:00
1750658640,31175.0,31175.0,31175.0,31175.0,0,2025-06-23 06:04:00
1750658700,31205.0,31205.0,31170.0,31170.0,3,2025-06-23 06:05:00
1750658760,31170.0,31170.0,31170.0,31170.0,0,2025-06-23 06:06:00
1750658820,31170.0,31225.0,31170.0,31225.0,195,2025-06-23 06:07:00
1750658880,31225.0,31250.0,31225.0,31250.0,2,2025-06-23 06:08:00
1750658940,31215.0,31215.0,31210.0,31210.0,2,2025-06-23 06:09:00
1750659000,31210.0,31210.0,31205.0,31205.0,6,2025-06-23 06:10:00
1750659060,31205.0,31205.0,31205.0,31205.0,1,2025-06-23 06:11:00
1750659120,31205.0,31205.0,31200.0,31200.0,35,2025-06-23 06:12:00
1750659180,31200.0,31200.0,31190.0,31190.0,5,2025-06-23 06:13:00
1750659240,31190.0,31200.0,31190.0,31190.0,8,2025-06-23 06:14:00
1750659300,31190.0,31190.0,31190.0,31190.0,8,2025-06-23 06:15:00
1750659360,31190.0,31190.0,31190.0,31190.0,18,2025-06-23 06:16:00
1750659420,31190.0,31190.0,31170.0,31170.0,2,2025-06-23 06:17:00
1750659480,31170.0,31170.0,31170.0,31170.0,1,2025-06-23 06:18:00
1750659540,31170.0,31170.0,31145.0,31145.0,5,2025-06-23 06:19:00
1750659600,31145.0,31145.0,31140.0,31145.0,15,2025-06-23 06:20:00
1750659660,31145.0,31145.0,31125.0,31145.0,2,2025-06-23 06:21:00
1750659720,31145.0,31145.0,31145.0,31145.0,0,2025-06-23 06:22:00
1750659780,31145.0,31145.0,31115.0,31115.0,1,2025-06-23 06:23:00
1750659840,31115.0,31115.0,31105.0,31105.0,1,2025-06-23 06:24:00
1750659900,31105.0,31105.0,31105.0,31105.0,61,2025-06-23 06:25:00
1750659960,31105.0,31105.0,31070.0,31070.0,61,2025-06-23 06:26:00
1750660020,31070.0,31070.0,31070.0,31070.0,0,2025-06-23 06:27:00
1750660080,31070.0,31070.0,31070.0,31070.0,3,2025-06-23 06:28:00
1750660140,31055.0,31055.0,31015.0,31025.0,58,2025-06-23 06:29:00
1750660200,31025.0,31035.0,31025.0,31035.0,2,2025-06-23 06:30:00
1750660260,31035.0,31035.0,31030.0,31030.0,1,2025-06-23 06:31:00
1750660320,31030.0,31055.0,30995.0,30995.0,43,2025-06-23 06:32:00
1750660380,30995.0,30995.0,30990.0,30990.0,1,2025-06-23 06:33:00
1750660440,30995.0,31020.0,30990.0,31020.0,19,2025-06-23 06:34:00
1750660500,31020.0,31020.0,31020.0,31020.0,1,2025-06-23 06:35:00
1750660560,31020.0,31030.0,31000.0,31000.0,7,2025-06-23 06:36:00
1750660620,31000.0,31000.0,30995.0,31000.0,25,2025-06-23 06:37:00
1750660680,31000.0,31025.0,30995.0,30995.0,6,2025-06-23 06:38:00
1750660740,30995.0,30995.0,30990.0,30990.0,2,2025-06-23 06:39:00
1750660800,30990.0,31020.0,30990.0,31020.0,3,2025-06-23 06:40:00
1750660860,31020.0,31025.0,31020.0,31025.0,1,2025-06-23 06:41:00
1750660920,31025.0,31025.0,31000.0,31025.0,2,2025-06-23 06:42:00
1750660980,31025.0,31035.0,31025.0,31025.0,59,2025-06-23 06:43:00
1750661040,31025.0,31025.0,30975.0,30975.0,57,2025-06-23 06:44:00
1750661100,30985.0,31000.0,30985.0,31000.0,4,2025-06-23 06:45:00
1750661160,31000.0,31000.0,30990.0,30990.0,1,2025-06-23 06:46:00
1750661220,30990.0,31015.0,30985.0,31015.0,12,2025-06-23 06:47:00
1750661280,31015.0,31015.0,31015.0,31015.0,5,2025-06-23 06:48:00
1750661340,31015.0,31015.0,30985.0,30985.0,3,2025-06-23 06:49:00
1750661400,30985.0,31015.0,30985.0,31015.0,4,2025-06-23 06:50:00
1750661460,31015.0,31015.0,30985.0,30985.0,4,2025-06-23 06:51:00
1750661520,30985.0,30985.0,30985.0,30985.0,2,2025-06-23 06:52:00
1750661580,30985.0,30985.0,30905.0,30940.0,126,2025-06-23 06:53:00
1750661640,30930.0,30930.0,30910.0,30930.0,7,2025-06-23 06:54:00
1750661700,30930.0,30935.0,30930.0,30935.0,8,2025-06-23 06:55:00
1750661760,30935.0,30970.0,30935.0,30970.0,23,2025-06-23 06:56:00
1750661820,30940.0,30940.0,30910.0,30910.0,47,2025-06-23 06:57:00
1750661880,30930.0,30940.0,30910.0,30910.0,20,2025-06-23 06:58:00
1750661940,30910.0,30940.0,30910.0,30910.0,2,2025-06-23 06:59:00
1750662000,30910.0,30950.0,30910.0,30920.0,16,2025-06-23 07:00:00
1750662060,30920.0,30955.0,30915.0,30955.0,4,2025-06-23 07:01:00
1750662120,30955.0,30960.0,30950.0,30960.0,10,2025-06-23 07:02:00
1750662180,30960.0,30960.0,30950.0,30950.0,3,2025-06-23 07:03:00
1750662240,30950.0,30955.0,30950.0,30955.0,1,2025-06-23 07:04:00
1750662300,30920.0,30930.0,30920.0,30930.0,11,2025-06-23 07:05:00
1750662360,30930.0,30930.0,30915.0,30930.0,2,2025-06-23 07:06:00
1750662420,30915.0,30930.0,30915.0,30915.0,31,2025-06-23 07:07:00
1750662480,30915.0,30950.0,30915.0,30950.0,6,2025-06-23 07:08:00
1750662540,30950.0,30950.0,30880.0,30885.0,86,2025-06-23 07:09:00
1750662600,30885.0,30900.0,30885.0,30900.0,13,2025-06-23 07:10:00
1750662660,30900.0,30900.0,30900.0,30900.0,4,2025-06-23 07:11:00
1750662720,30900.0,30900.0,30890.0,30900.0,2,2025-06-23 07:12:00
1750662780,30900.0,30905.0,30900.0,30905.0,22,2025-06-23 07:13:00
1750662840,30905.0,30930.0,30905.0,30910.0,11,2025-06-23 07:14:00
1750662900,30930.0,30930.0,30930.0,30930.0,5,2025-06-23 07:15:00
1750662960,30930.0,30935.0,30930.0,30935.0,16,2025-06-23 07:16:00
1750663020,30935.0,30970.0,30930.0,30930.0,72,2025-06-23 07:17:00
1750663080,30930.0,30965.0,30930.0,30940.0,5,2025-06-23 07:18:00
1750663140,30940.0,30940.0,30935.0,30935.0,3,2025-06-23 07:19:00
1750663200,30935.0,30940.0,30935.0,30935.0,3,2025-06-23 07:20:00
1750663260,30935.0,30940.0,30935.0,30940.0,15,2025-06-23 07:21:00
1750663320,30940.0,30940.0,30940.0,30940.0,2,2025-06-23 07:22:00
1750663380,30940.0,30960.0,30940.0,30960.0,2,2025-06-23 07:23:00
1750663440,30960.0,30965.0,30940.0,30965.0,36,2025-06-23 07:24:00
1750663500,30945.0,30945.0,30945.0,30945.0,2,2025-06-23 07:25:00
1750663560,30945.0,30945.0,30945.0,30945.0,12,2025-06-23 07:26:00
1750663620,30945.0,30975.0,30945.0,30975.0,2,2025-06-23 07:27:00
1750663680,30975.0,30975.0,30945.0,30945.0,1,2025-06-23 07:28:00
1750663740,30945.0,30975.0,30945.0,30975.0,10,2025-06-23 07:29:00
1750663800,30975.0,30975.0,30955.0,30975.0,11,2025-06-23 07:30:00
1750663860,30975.0,30975.0,30975.0,30975.0,0,2025-06-23 07:31:00
1750663920,30975.0,30975.0,30955.0,30975.0,5,2025-06-23 07:32:00
1750663980,30975.0,30975.0,30975.0,30975.0,1,2025-06-23 07:33:00
1750664040,30960.0,30995.0,30960.0,30995.0,17,2025-06-23 07:34:00
1750664100,30990.0,30995.0,30990.0,30990.0,8,2025-06-23 07:35:00
1750664160,30990.0,31020.0,30975.0,31020.0,11,2025-06-23 07:36:00
1750664220,31020.0,31020.0,30975.0,30975.0,9,2025-06-23 07:37:00
1750664280,30975.0,31005.0,30970.0,31005.0,6,2025-06-23 07:38:00
1750664340,31005.0,31010.0,30970.0,31010.0,13,2025-06-23 07:39:00
1750664400,31010.0,31010.0,30975.0,30975.0,31,2025-06-23 07:40:00
1750664460,30975.0,31005.0,30970.0,31005.0,6,2025-06-23 07:41:00
1750664520,31005.0,31005.0,31005.0,31005.0,1,2025-06-23 07:42:00
1750664580,31005.0,31005.0,31005.0,31005.0,6,2025-06-23 07:43:00
1750664640,31005.0,31005.0,31005.0,31005.0,1,2025-06-23 07:44:00
1750664700,31005.0,31005.0,31000.0,31000.0,11,2025-06-23 07:45:00
1750664760,31000.0,31005.0,30980.0,31005.0,4,2025-06-23 07:46:00
1750664820,31005.0,31005.0,30985.0,30985.0,3,2025-06-23 07:47:00
1750664880,30985.0,31005.0,30985.0,31005.0,3,2025-06-23 07:48:00
1750664940,31005.0,31020.0,30975.0,31020.0,33,2025-06-23 07:49:00
1750665000,31020.0,31040.0,31020.0,31040.0,4,2025-06-23 07:50:00
1750665060,31040.0,31040.0,30990.0,30990.0,7,2025-06-23 07:51:00
1750665120,30990.0,31055.0,30990.0,31045.0,106,2025-06-23 07:52:00
1750665180,31045.0,31045.0,31035.0,31035.0,7,2025-06-23 07:53:00
1750665240,31035.0,31035.0,31020.0,31020.0,1,2025-06-23 07:54:00
1750665300,31020.0,31020.0,31010.0,31010.0,1,2025-06-23 07:55:00
1750665360,31010.0,31045.0,31010.0,31040.0,22,2025-06-23 07:56:00
1750665420,31040.0,31075.0,31035.0,31065.0,9,2025-06-23 07:57:00
1750665480,31065.0,31070.0,31045.0,31045.0,58,2025-06-23 07:58:00
1750665540,31035.0,31040.0,31035.0,31040.0,2,2025-06-23 07:59:00
1750665600,31035.0,31065.0,31035.0,31035.0,9,2025-06-23 08:00:00
1750665660,31035.0,31040.0,31035.0,31035.0,12,2025-06-23 08:01:00
1750665720,31035.0,31035.0,31035.0,31035.0,6,2025-06-23 08:02:00
1750665780,31035.0,31035.0,30985.0,31000.0,63,2025-06-23 08:03:00
1750665840,31000.0,31010.0,30975.0,30975.0,22,2025-06-23 08:04:00
1750665900,30970.0,30980.0,30945.0,30980.0,54,2025-06-23 08:05:00
1750665960,30980.0,30990.0,30980.0,30990.0,8,2025-06-23 08:06:00
1750666020,31010.0,31010.0,30990.0,30990.0,3,2025-06-23 08:07:00
1750666080,30990.0,30990.0,30970.0,30990.0,6,2025-06-23 08:08:00
1750666140,30990.0,31000.0,30990.0,31000.0,2,2025-06-23 08:09:00
1750666200,31000.0,31010.0,31000.0,31005.0,24,2025-06-23 08:10:00
1750666260,31005.0,31045.0,31005.0,31045.0,13,2025-06-23 08:11:00
1750666320,31045.0,31045.0,31010.0,31010.0,1,2025-06-23 08:12:00
1750666380,31010.0,31035.0,31010.0,31035.0,8,2025-06-23 08:13:00
1750666440,31035.0,31050.0,31010.0,31010.0,16,2025-06-23 08:14:00
1750666500,31010.0,31010.0,31010.0,31010.0,1,2025-06-23 08:15:00
1750666560,31010.0,31010.0,31005.0,31005.0,1,2025-06-23 08:16:00
1750666620,31005.0,31005.0,31005.0,31005.0,0,2025-06-23 08:17:00
1750666680,31005.0,31025.0,31005.0,31010.0,4,2025-06-23 08:18:00
1750666740,31010.0,31025.0,31010.0,31025.0,3,2025-06-23 08:19:00
1750666800,31010.0,31025.0,31010.0,31025.0,2,2025-06-23 08:20:00
1750666860,31025.0,31025.0,31010.0,31010.0,1,2025-06-23 08:21:00
1750666920,31010.0,31010.0,31010.0,31010.0,0,2025-06-23 08:22:00
1750666980,31010.0,31010.0,31010.0,31010.0,2,2025-06-23 08:23:00
1750667040,31010.0,31040.0,31010.0,31040.0,22,2025-06-23 08:24:00
1750667100,31040.0,31040.0,31010.0,31010.0,2,2025-06-23 08:25:00
1750667160,31010.0,31010.0,31005.0,31005.0,2,2025-06-23 08:26:00
1750667220,31005.0,31040.0,31005.0,31040.0,13,2025-06-23 08:27:00
1750667280,31040.0,31040.0,31010.0,31010.0,1,2025-06-23 08:28:00
1750667340,31010.0,31020.0,31005.0,31020.0,9,2025-06-23 08:29:00
1750667400,31020.0,31035.0,31020.0,31035.0,1,2025-06-23 08:30:00
1750667460,31035.0,31035.0,31015.0,31015.0,3,2025-06-23 08:31:00
1750667520,31035.0,31040.0,31035.0,31040.0,16,2025-06-23 08:32:00
1750667580,31040.0,31050.0,31025.0,31050.0,3,2025-06-23 08:33:00
1750667640,31050.0,31050.0,31050.0,31050.0,1,2025-06-23 08:34:00
1750667700,31050.0,31050.0,31025.0,31025.0,2,2025-06-23 08:35:00
1750667760,31025.0,31025.0,31025.0,31025.0,2,2025-06-23 08:36:00
1750667820,31025.0,31025.0,31025.0,31025.0,1,2025-06-23 08:37:00
1750667880,31025.0,31025.0,31025.0,31025.0,0,2025-06-23 08:38:00
1750667940,31025.0,31025.0,31005.0,31005.0,21,2025-06-23 08:39:00
1750668000,31005.0,31005.0,31005.0,31005.0,0,2025-06-23 08:40:00
1750668060,31005.0,31005.0,31005.0,31005.0,7,2025-06-23 08:41:00
1750668120,31005.0,31060.0,31005.0,31060.0,54,2025-06-23 08:42:00
1750668180,31025.0,31050.0,31025.0,31050.0,16,2025-06-23 08:43:00
1750668240,31050.0,31050.0,31020.0,31020.0,4,2025-06-23 08:44:00
1750668300,31020.0,31045.0,31020.0,31045.0,1,2025-06-23 08:45:00
1750668360,31050.0,31050.0,31020.0,31020.0,6,2025-06-23 08:46:00
1750668420,31020.0,31020.0,31015.0,31015.0,2,2025-06-23 08:47:00
1750668480,31020.0,31060.0,31015.0,31055.0,60,2025-06-23 08:48:00
1750668540,31055.0,31055.0,31010.0,31045.0,4,2025-06-23 08:49:00
1750668600,31045.0,31045.0,31020.0,31020.0,3,2025-06-23 08:50:00
1750668660,31020.0,31020.0,31020.0,31020.0,0,2025-06-23 08:51:00
1750668720,31020.0,31020.0,31020.0,31020.0,3,2025-06-23 08:52:00
1750668780,31020.0,31020.0,31010.0,31010.0,1,2025-06-23 08:53:00
1750668840,31010.0,31035.0,31010.0,31015.0,16,2025-06-23 08:54:00
1750668900,31015.0,31020.0,31010.0,31010.0,2,2025-06-23 08:55:00
1750668960,31035.0,31035.0,31010.0,31010.0,6,2025-06-23 08:56:00
1750669020,31010.0,31050.0,31010.0,31045.0,13,2025-06-23 08:57:00
1750669080,31045.0,31060.0,31015.0,31035.0,78,2025-06-23 08:58:00
1750669140,31035.0,31060.0,31035.0,31060.0,2,2025-06-23 08:59:00
1750669200,31060.0,31100.0,31030.0,31065.0,71,2025-06-23 09:00:00
1750669260,31065.0,31105.0,31065.0,31100.0,15,2025-06-23 09:01:00
1750669320,31100.0,31100.0,31100.0,31100.0,5,2025-06-23 09:02:00
1750669380,31105.0,31105.0,31100.0,31100.0,3,2025-06-23 09:03:00
1750669440,31100.0,31100.0,31060.0,31060.0,3,2025-06-23 09:04:00
1750669500,31060.0,31060.0,31060.0,31060.0,0,2025-06-23 09:05:00
1750669560,31055.0,31055.0,31055.0,31055.0,1,2025-06-23 09:06:00
1750669620,31055.0,31055.0,31055.0,31055.0,1,2025-06-23 09:07:00
1750669680,31055.0,31055.0,31050.0,31050.0,3,2025-06-23 09:08:00
1750669740,31050.0,31070.0,31050.0,31055.0,15,2025-06-23 09:09:00
1750669800,31055.0,31070.0,31050.0,31070.0,30,2025-06-23 09:10:00
1750669860,31070.0,31070.0,31050.0,31070.0,4,2025-06-23 09:11:00
1750669920,31070.0,31080.0,31070.0,31080.0,4,2025-06-23 09:12:00
1750669980,31080.0,31080.0,31055.0,31055.0,1,2025-06-23 09:13:00
1750670040,31055.0,31070.0,31055.0,31070.0,2,2025-06-23 09:14:00
1750670100,31075.0,31075.0,31060.0,31075.0,19,2025-06-23 09:15:00
1750670160,31080.0,31085.0,31080.0,31085.0,5,2025-06-23 09:16:00
1750670220,31085.0,31085.0,31045.0,31060.0,19,2025-06-23 09:17:00
1750670280,31060.0,31070.0,31060.0,31070.0,4,2025-06-23 09:18:00
1750670340,31070.0,31070.0,31035.0,31035.0,2,2025-06-23 09:19:00
1750670400,31035.0,31065.0,31035.0,31065.0,5,2025-06-23 09:20:00
1750670460,31085.0,31085.0,31085.0,31085.0,25,2025-06-23 09:21:00
1750670520,31085.0,31085.0,31055.0,31055.0,3,2025-06-23 09:22:00
1750670580,31055.0,31080.0,31050.0,31050.0,13,2025-06-23 09:23:00
1750670640,31050.0,31050.0,31035.0,31050.0,13,2025-06-23 09:24:00
1750670700,31050.0,31070.0,31040.0,31070.0,8,2025-06-23 09:25:00
1750670760,31070.0,31070.0,31070.0,31070.0,0,2025-06-23 09:26:00
1750670820,31070.0,31070.0,31045.0,31045.0,7,2025-06-23 09:27:00
1750670880,31045.0,31045.0,31035.0,31035.0,6,2025-06-23 09:28:00
1750670940,31035.0,31065.0,31035.0,31055.0,4,2025-06-23 09:29:00
1750671000,31070.0,31070.0,31070.0,31070.0,6,2025-06-23 09:30:00
1750671060,31055.0,31075.0,31055.0,31055.0,9,2025-06-23 09:31:00
1750671120,31055.0,31080.0,31055.0,31070.0,11,2025-06-23 09:32:00
1750671180,31070.0,31070.0,31030.0,31030.0,6,2025-06-23 09:33:00
1750671240,31030.0,31070.0,31030.0,31035.0,4,2025-06-23 09:34:00
1750671300,31065.0,31065.0,31030.0,31030.0,4,2025-06-23 09:35:00
1750671360,31065.0,31065.0,31030.0,31030.0,2,2025-06-23 09:36:00
1750671420,31030.0,31070.0,31030.0,31040.0,29,2025-06-23 09:37:00
1750671480,31040.0,31065.0,31025.0,31065.0,3,2025-06-23 09:38:00
1750671540,31065.0,31115.0,31000.0,31115.0,292,2025-06-23 09:39:00
1750671600,31115.0,31115.0,31005.0,31050.0,91,2025-06-23 09:40:00
1750671660,31050.0,31050.0,31005.0,31050.0,52,2025-06-23 09:41:00
1750671720,31050.0,31055.0,31035.0,31035.0,29,2025-06-23 09:42:00
1750671780,31035.0,31050.0,31035.0,31050.0,6,2025-06-23 09:43:00
1750671840,31050.0,31055.0,31050.0,31055.0,6,2025-06-23 09:44:00
1750671900,31060.0,31070.0,31010.0,31010.0,48,2025-06-23 09:45:00
1750671960,31010.0,31035.0,31000.0,31035.0,17,2025-06-23 09:46:00
1750672020,31035.0,31035.0,31000.0,31035.0,13,2025-06-23 09:47:00
1750672080,31035.0,31035.0,31000.0,31030.0,58,2025-06-23 09:48:00
1750672140,31030.0,31055.0,31010.0,31010.0,8,2025-06-23 09:49:00
1750672200,31015.0,31065.0,31015.0,31065.0,66,2025-06-23 09:50:00
1750672260,31035.0,31065.0,31035.0,31050.0,25,2025-06-23 09:51:00
1750672320,31065.0,31075.0,31050.0,31050.0,43,2025-06-23 09:52:00
1750672380,31050.0,31050.0,31020.0,31030.0,11,2025-06-23 09:53:00
1750672440,31030.0,31045.0,31030.0,31040.0,16,2025-06-23 09:54:00
1750672500,31045.0,31045.0,31030.0,31045.0,15,2025-06-23 09:55:00
1750672560,31045.0,31055.0,31030.0,31030.0,54,2025-06-23 09:56:00
1750672620,31030.0,31050.0,31015.0,31050.0,69,2025-06-23 09:57:00
1750672680,31050.0,31050.0,31010.0,31010.0,30,2025-06-23 09:58:00
1750672740,31005.0,31020.0,31005.0,31005.0,44,2025-06-23 09:59:00
1750736700,31370.0,31395.0,31125.0,31290.0,82,2025-06-24 03:45:00
1750736760,31290.0,31290.0,31150.0,31175.0,29,2025-06-24 03:46:00
1750736820,31175.0,31260.0,31100.0,31235.0,126,2025-06-24 03:47:00
1750736880,31300.0,31345.0,31265.0,31265.0,266,2025-06-24 03:48:00
1750736940,31265.0,31285.0,31205.0,31210.0,8,2025-06-24 03:49:00
1750737000,31200.0,31280.0,31200.0,31280.0,30,2025-06-24 03:50:00
1750737060,31255.0,31255.0,31255.0,31255.0,21,2025-06-24 03:51:00
1750737120,31255.0,31255.0,31255.0,31255.0,10,2025-06-24 03:52:00
1750737180,31255.0,31255.0,31255.0,31255.0,0,2025-06-24 03:53:00
1750737240,31255.0,31255.0,31255.0,31255.0,5,2025-06-24 03:54:00
1750737300,31255.0,31255.0,31235.0,31235.0,6,2025-06-24 03:55:00
1750737360,31235.0,31265.0,31235.0,31265.0,19,2025-06-24 03:56:00
1750737420,31265.0,31265.0,31250.0,31250.0,2,2025-06-24 03:57:00
1750737480,31130.0,31130.0,31105.0,31130.0,33,2025-06-24 03:58:00
1750737540,31100.0,31130.0,31100.0,31130.0,10,2025-06-24 03:59:00
1750737600,31135.0,31220.0,31135.0,31220.0,7,2025-06-24 04:00:00
1750737660,31215.0,31215.0,31215.0,31215.0,1,2025-06-24 04:01:00
1750737720,31210.0,31210.0,31210.0,31210.0,1,2025-06-24 04:02:00
1750737780,31210.0,31210.0,31155.0,31170.0,7,2025-06-24 04:03:00
1750737840,31170.0,31200.0,31155.0,31200.0,13,2025-06-24 04:04:00
1750737900,31200.0,31200.0,31200.0,31200.0,0,2025-06-24 04:05:00
1750737960,31200.0,31200.0,31190.0,31190.0,22,2025-06-24 04:06:00
1750738020,31190.0,31190.0,31190.0,31190.0,0,2025-06-24 04:07:00
1750738080,31190.0,31200.0,31190.0,31200.0,3,2025-06-24 04:08:00
1750738140,31200.0,31200.0,31200.0,31200.0,0,2025-06-24 04:09:00
1750738200,31200.0,31200.0,31200.0,31200.0,0,2025-06-24 04:10:00
1750738260,31200.0,31220.0,31200.0,31220.0,8,2025-06-24 04:11:00
1750738320,31220.0,31260.0,31220.0,31250.0,20,2025-06-24 04:12:00
1750738380,31250.0,31250.0,31225.0,31250.0,12,2025-06-24 04:13:00
1750738440,31250.0,31270.0,31225.0,31225.0,8,2025-06-24 04:14:00
1750738500,31225.0,31245.0,31200.0,31235.0,173,2025-06-24 04:15:00
1750738560,31235.0,31265.0,31235.0,31265.0,8,2025-06-24 04:16:00
1750738620,31280.0,31305.0,31240.0,31240.0,51,2025-06-24 04:17:00
1750738680,31240.0,31270.0,31235.0,31270.0,91,2025-06-24 04:18:00
1750738740,31270.0,31290.0,31270.0,31290.0,3,2025-06-24 04:19:00
1750738800,31290.0,31295.0,31290.0,31295.0,19,2025-06-24 04:20:00
1750738860,31295.0,31295.0,31295.0,31295.0,0,2025-06-24 04:21:00
1750738920,31295.0,31295.0,31290.0,31290.0,2,2025-06-24 04:22:00
1750738980,31290.0,31290.0,31290.0,31290.0,1,2025-06-24 04:23:00
1750739040,31290.0,31290.0,31290.0,31290.0,0,2025-06-24 04:24:00
1750739100,31290.0,31315.0,31290.0,31300.0,54,2025-06-24 04:25:00
1750739160,31300.0,31300.0,31300.0,31300.0,0,2025-06-24 04:26:00
1750739220,31300.0,31325.0,31300.0,31325.0,1,2025-06-24 04:27:00
1750739280,31325.0,31330.0,31325.0,31330.0,4,2025-06-24 04:28:00
1750739340,31330.0,31350.0,31330.0,31350.0,127,2025-06-24 04:29:00
1750739400,31390.0,31440.0,31365.0,31440.0,134,2025-06-24 04:30:00
1750739460,31440.0,31460.0,31425.0,31460.0,154,2025-06-24 04:31:00
1750739520,31440.0,31465.0,31425.0,31450.0,31,2025-06-24 04:32:00
1750739580,31450.0,31525.0,31450.0,31525.0,116,2025-06-24 04:33:00
1750739640,31525.0,31550.0,31485.0,31505.0,33,2025-06-24 04:34:00
1750739700,31505.0,31505.0,31465.0,31470.0,9,2025-06-24 04:35:00
1750739760,31470.0,31470.0,31470.0,31470.0,4,2025-06-24 04:36:00
1750739820,31470.0,31470.0,31470.0,31470.0,0,2025-06-24 04:37:00
1750739880,31470.0,31470.0,31470.0,31470.0,6,2025-06-24 04:38:00
1750739940,31455.0,31455.0,31455.0,31455.0,6,2025-06-24 04:39:00
1750740000,31450.0,31450.0,31450.0,31450.0,1,2025-06-24 04:40:00
1750740060,31450.0,31460.0,31420.0,31460.0,34,2025-06-24 04:41:00
1750740120,31460.0,31460.0,31460.0,31460.0,0,2025-06-24 04:42:00
1750740180,31460.0,31460.0,31420.0,31455.0,24,2025-06-24 04:43:00
1750740240,31455.0,31455.0,31410.0,31410.0,32,2025-06-24 04:44:00
1750740300,31410.0,31430.0,31405.0,31405.0,2,2025-06-24 04:45:00
1750740360,31425.0,31425.0,31400.0,31400.0,5,2025-06-24 04:46:00
1750740420,31400.0,31400.0,31400.0,31400.0,3,2025-06-24 04:47:00
1750740480,31400.0,31400.0,31365.0,31365.0,5,2025-06-24 04:48:00
1750740540,31365.0,31390.0,31365.0,31390.0,1,2025-06-24 04:49:00
1750740600,31390.0,31390.0,31380.0,31385.0,9,2025-06-24 04:50:00
1750740660,31385.0,31385.0,31385.0,31385.0,0,2025-06-24 04:51:00
1750740720,31360.0,31360.0,31360.0,31360.0,1,2025-06-24 04:52:00
1750740780,31360.0,31360.0,31360.0,31360.0,2,2025-06-24 04:53:00
1750740840,31360.0,31360.0,31360.0,31360.0,6,2025-06-24 04:54:00
1750740900,31360.0,31370.0,31360.0,31370.0,1,2025-06-24 04:55:00
1750740960,31370.0,31370.0,31355.0,31355.0,2,2025-06-24 04:56:00
1750741020,31355.0,31355.0,31325.0,31335.0,4,2025-06-24 04:57:00
1750741080,31335.0,31335.0,31335.0,31335.0,0,2025-06-24 04:58:00
1750741140,31335.0,31335.0,31335.0,31335.0,4,2025-06-24 04:59:00
1750741200,31365.0,31365.0,31365.0,31365.0,2,2025-06-24 05:00:00
1750741260,31365.0,31365.0,31330.0,31330.0,2,2025-06-24 05:01:00
1750741320,31330.0,31330.0,31330.0,31330.0,0,2025-06-24 05:02:00
1750741380,31330.0,31330.0,31330.0,31330.0,0,2025-06-24 05:03:00
1750741440,31365.0,31365.0,31365.0,31365.0,1,2025-06-24 05:04:00
1750741500,31365.0,31365.0,31335.0,31335.0,2,2025-06-24 05:05:00
1750741560,31335.0,31335.0,31335.0,31335.0,0,2025-06-24 05:06:00
1750741620,31335.0,31335.0,31335.0,31335.0,0,2025-06-24 05:07:00
1750741680,31335.0,31335.0,31335.0,31335.0,0,2025-06-24 05:08:00
1750741740,31335.0,31335.0,31335.0,31335.0,0,2025-06-24 05:09:00
1750741800,31335.0,31335.0,31335.0,31335.0,0,2025-06-24 05:10:00
1750741860,31335.0,31335.0,31335.0,31335.0,0,2025-06-24 05:11:00
1750741920,31335.0,31360.0,31335.0,31360.0,3,2025-06-24 05:12:00
1750741980,31360.0,31360.0,31335.0,31335.0,2,2025-06-24 05:13:00
1750742040,31335.0,31335.0,31335.0,31335.0,1,2025-06-24 05:14:00
1750742100,31335.0,31335.0,31335.0,31335.0,0,2025-06-24 05:15:00
1750742160,31335.0,31335.0,31335.0,31335.0,0,2025-06-24 05:16:00
1750742220,31335.0,31370.0,31335.0,31370.0,26,2025-06-24 05:17:00
1750742280,31370.0,31420.0,31370.0,31410.0,32,2025-06-24 05:18:00
1750742340,31410.0,31480.0,31410.0,31455.0,40,2025-06-24 05:19:00
1750742400,31455.0,31525.0,31455.0,31525.0,125,2025-06-24 05:20:00
1750742460,31525.0,31525.0,31465.0,31475.0,20,2025-06-24 05:21:00
1750742520,31475.0,31475.0,31475.0,31475.0,0,2025-06-24 05:22:00
1750742580,31475.0,31475.0,31475.0,31475.0,0,2025-06-24 05:23:00
1750742640,31475.0,31475.0,31460.0,31460.0,3,2025-06-24 05:24:00
1750742700,31460.0,31460.0,31460.0,31460.0,1,2025-06-24 05:25:00
1750742760,31460.0,31480.0,31460.0,31460.0,3,2025-06-24 05:26:00
1750742820,31460.0,31460.0,31460.0,31460.0,0,2025-06-24 05:27:00
1750742880,31460.0,31460.0,31460.0,31460.0,1,2025-06-24 05:28:00
1750742940,31460.0,31460.0,31455.0,31455.0,8,2025-06-24 05:29:00
1750743000,31455.0,31460.0,31435.0,31460.0,99,2025-06-24 05:30:00
1750743060,31460.0,31460.0,31460.0,31460.0,0,2025-06-24 05:31:00
1750743120,31460.0,31460.0,31460.0,31460.0,0,2025-06-24 05:32:00
1750743180,31460.0,31485.0,31460.0,31480.0,11,2025-06-24 05:33:00
1750743240,31480.0,31480.0,31480.0,31480.0,0,2025-06-24 05:34:00
1750743300,31440.0,31460.0,31440.0,31455.0,7,2025-06-24 05:35:00
1750743360,31455.0,31455.0,31455.0,31455.0,1,2025-06-24 05:36:00
1750743420,31455.0,31455.0,31455.0,31455.0,0,2025-06-24 05:37:00
1750743480,31455.0,31455.0,31455.0,31455.0,2,2025-06-24 05:38:00
1750743540,31455.0,31455.0,31450.0,31450.0,1,2025-06-24 05:39:00
1750743600,31450.0,31450.0,31440.0,31440.0,2,2025-06-24 05:40:00
1750743660,31440.0,31455.0,31440.0,31455.0,2,2025-06-24 05:41:00
1750743720,31455.0,31455.0,31455.0,31455.0,6,2025-06-24 05:42:00
1750743780,31455.0,31455.0,31445.0,31445.0,1,2025-06-24 05:43:00
1750743840,31445.0,31445.0,31445.0,31445.0,0,2025-06-24 05:44:00
1750743900,31445.0,31445.0,31445.0,31445.0,0,2025-06-24 05:45:00
1750743960,31445.0,31470.0,31445.0,31445.0,2,2025-06-24 05:46:00
1750744020,31445.0,31500.0,31445.0,31500.0,34,2025-06-24 05:47:00
1750744080,31500.0,31500.0,31500.0,31500.0,1,2025-06-24 05:48:00
1750744140,31500.0,31540.0,31480.0,31540.0,22,2025-06-24 05:49:00
1750744200,31505.0,31505.0,31490.0,31490.0,3,2025-06-24 05:50:00
1750744260,31490.0,31500.0,31490.0,31500.0,1,2025-06-24 05:51:00
1750744320,31500.0,31535.0,31500.0,31535.0,4,2025-06-24 05:52:00
1750744380,31535.0,31535.0,31510.0,31510.0,2,2025-06-24 05:53:00
1750744440,31510.0,31515.0,31460.0,31515.0,27,2025-06-24 05:54:00
1750744500,31515.0,31515.0,31515.0,31515.0,0,2025-06-24 05:55:00
1750744560,31515.0,31515.0,31500.0,31500.0,4,2025-06-24 05:56:00
1750744620,31500.0,31530.0,31500.0,31525.0,116,2025-06-24 05:57:00
1750744680,31525.0,31525.0,31515.0,31520.0,4,2025-06-24 05:58:00
1750744740,31520.0,31525.0,31490.0,31490.0,67,2025-06-24 05:59:00
1750744800,31490.0,31490.0,31490.0,31490.0,3,2025-06-24 06:00:00
1750744860,31465.0,31465.0,31465.0,31465.0,1,2025-06-24 06:01:00
1750744920,31465.0,31465.0,31465.0,31465.0,0,2025-06-24 06:02:00
1750744980,31465.0,31465.0,31465.0,31465.0,2,2025-06-24 06:03:00
1750745040,31465.0,31465.0,31465.0,31465.0,20,2025-06-24 06:04:00
1750745100,31465.0,31480.0,31465.0,31465.0,26,2025-06-24 06:05:00
1750745160,31465.0,31465.0,31465.0,31465.0,0,2025-06-24 06:06:00
1750745220,31465.0,31465.0,31465.0,31465.0,0,2025-06-24 06:07:00
1750745280,31465.0,31470.0,31465.0,31470.0,10,2025-06-24 06:08:00
1750745340,31470.0,31470.0,31470.0,31470.0,1,2025-06-24 06:09:00
1750745400,31470.0,31470.0,31470.0,31470.0,0,2025-06-24 06:10:00
1750745460,31470.0,31485.0,31470.0,31470.0,2,2025-06-24 06:11:00
1750745520,31470.0,31470.0,31470.0,31470.0,0,2025-06-24 06:12:00
1750745580,31470.0,31470.0,31470.0,31470.0,0,2025-06-24 06:13:00
1750745640,31470.0,31480.0,31470.0,31480.0,8,2025-06-24 06:14:00
1750745700,31480.0,31480.0,31470.0,31470.0,1,2025-06-24 06:15:00
1750745760,31470.0,31470.0,31470.0,31470.0,2,2025-06-24 06:16:00
1750745820,31470.0,31480.0,31470.0,31480.0,19,2025-06-24 06:17:00
1750745880,31480.0,31480.0,31480.0,31480.0,0,2025-06-24 06:18:00
1750745940,31480.0,31490.0,31480.0,31480.0,4,2025-06-24 06:19:00
1750746000,31480.0,31510.0,31480.0,31510.0,5,2025-06-24 06:20:00
1750746060,31510.0,31510.0,31510.0,31510.0,0,2025-06-24 06:21:00
1750746120,31510.0,31510.0,31480.0,31480.0,8,2025-06-24 06:22:00
1750746180,31480.0,31480.0,31480.0,31480.0,1,2025-06-24 06:23:00
1750746240,31480.0,31480.0,31480.0,31480.0,1,2025-06-24 06:24:00
1750746300,31480.0,31480.0,31480.0,31480.0,1,2025-06-24 06:25:00
1750746360,31480.0,31480.0,31480.0,31480.0,0,2025-06-24 06:26:00
1750746420,31480.0,31510.0,31480.0,31510.0,3,2025-06-24 06:27:00
1750746480,31510.0,31510.0,31480.0,31480.0,1,2025-06-24 06:28:00
1750746540,31480.0,31480.0,31480.0,31480.0,0,2025-06-24 06:29:00
1750746600,31480.0,31480.0,31470.0,31470.0,1,2025-06-24 06:30:00
1750746660,31495.0,31500.0,31495.0,31500.0,3,2025-06-24 06:31:00
1750746720,31500.0,31515.0,31500.0,31515.0,8,2025-06-24 06:32:00
1750746780,31515.0,31515.0,31470.0,31505.0,4,2025-06-24 06:33:00
1750746840,31505.0,31505.0,31505.0,31505.0,0,2025-06-24 06:34:00
1750746900,31505.0,31505.0,31480.0,31480.0,1,2025-06-24 06:35:00
1750746960,31480.0,31480.0,31480.0,31480.0,1,2025-06-24 06:36:00
1750747020,31480.0,31500.0,31480.0,31500.0,4,2025-06-24 06:37:00
1750747080,31500.0,31500.0,31500.0,31500.0,0,2025-06-24 06:38:00
1750747140,31500.0,31500.0,31500.0,31500.0,1,2025-06-24 06:39:00
1750747200,31500.0,31500.0,31480.0,31480.0,5,2025-06-24 06:40:00
1750747260,31480.0,31480.0,31480.0,31480.0,2,2025-06-24 06:41:00
1750747320,31480.0,31480.0,31480.0,31480.0,0,2025-06-24 06:42:00
1750747380,31480.0,31495.0,31480.0,31480.0,7,2025-06-24 06:43:00
1750747440,31480.0,31480.0,31480.0,31480.0,1,2025-06-24 06:44:00
1750747500,31480.0,31500.0,31480.0,31500.0,1,2025-06-24 06:45:00
1750747560,31500.0,31500.0,31480.0,31480.0,9,2025-06-24 06:46:00
1750747620,31480.0,31495.0,31480.0,31495.0,2,2025-06-24 06:47:00
1750747680,31495.0,31525.0,31495.0,31510.0,76,2025-06-24 06:48:00
1750747740,31510.0,31530.0,31510.0,31530.0,1,2025-06-24 06:49:00
1750747800,31640.0,31695.0,31605.0,31695.0,437,2025-06-24 06:50:00
1750747860,31695.0,31705.0,31630.0,31630.0,62,2025-06-24 06:51:00
1750747920,31630.0,31645.0,31630.0,31635.0,3,2025-06-24 06:52:00
1750747980,31635.0,31635.0,31635.0,31635.0,4,2025-06-24 06:53:00
1750748040,31635.0,31635.0,31610.0,31610.0,3,2025-06-24 06:54:00
1750748100,31610.0,31615.0,31600.0,31615.0,13,2025-06-24 06:55:00
1750748160,31615.0,31615.0,31600.0,31600.0,5,2025-06-24 06:56:00
1750748220,31600.0,31610.0,31600.0,31610.0,6,2025-06-24 06:57:00
1750748280,31610.0,31625.0,31610.0,31610.0,2,2025-06-24 06:58:00
1750748340,31610.0,31610.0,31610.0,31610.0,0,2025-06-24 06:59:00
1750748400,31610.0,31610.0,31610.0,31610.0,0,2025-06-24 07:00:00
1750748460,31610.0,31610.0,31610.0,31610.0,0,2025-06-24 07:01:00
1750748520,31610.0,31610.0,31610.0,31610.0,0,2025-06-24 07:02:00
1750748580,31610.0,31630.0,31610.0,31630.0,4,2025-06-24 07:03:00
1750748640,31620.0,31625.0,31620.0,31625.0,11,2025-06-24 07:04:00
1750748700,31620.0,31620.0,31610.0,31610.0,2,2025-06-24 07:05:00
1750748760,31610.0,31615.0,31610.0,31615.0,6,2025-06-24 07:06:00
1750748820,31615.0,31615.0,31615.0,31615.0,0,2025-06-24 07:07:00
1750748880,31615.0,31615.0,31600.0,31615.0,4,2025-06-24 07:08:00
1750748940,31615.0,31615.0,31585.0,31585.0,2,2025-06-24 07:09:00
1750749000,31585.0,31585.0,31585.0,31585.0,0,2025-06-24 07:10:00
1750749060,31585.0,31585.0,31585.0,31585.0,0,2025-06-24 07:11:00
1750749120,31595.0,31595.0,31580.0,31580.0,2,2025-06-24 07:12:00
1750749180,31580.0,31605.0,31580.0,31605.0,13,2025-06-24 07:13:00
1750749240,31605.0,31605.0,31560.0,31560.0,21,2025-06-24 07:14:00
1750749300,31560.0,31560.0,31560.0,31560.0,1,2025-06-24 07:15:00
1750749360,31565.0,31615.0,31560.0,31615.0,24,2025-06-24 07:16:00
1750749420,31615.0,31615.0,31585.0,31585.0,12,2025-06-24 07:17:00
1750749480,31585.0,31585.0,31585.0,31585.0,1,2025-06-24 07:18:00
1750749540,31570.0,31570.0,31565.0,31565.0,2,2025-06-24 07:19:00
1750749600,31565.0,31635.0,31560.0,31600.0,3169,2025-06-24 07:20:00
1750749660,31600.0,31700.0,31600.0,31700.0,191,2025-06-24 07:21:00
1750749720,31700.0,31800.0,31700.0,31720.0,333,2025-06-24 07:22:00
1750749780,31720.0,31720.0,31710.0,31715.0,8,2025-06-24 07:23:00
1750749840,31715.0,31730.0,31680.0,31690.0,14,2025-06-24 07:24:00
1750749900,31690.0,31700.0,31690.0,31700.0,15,2025-06-24 07:25:00
1750749960,31700.0,31700.0,31700.0,31700.0,0,2025-06-24 07:26:00
1750750020,31700.0,31700.0,31700.0,31700.0,0,2025-06-24 07:27:00
1750750080,31700.0,31700.0,31700.0,31700.0,0,2025-06-24 07:28:00
1750750140,31700.0,31700.0,31700.0,31700.0,0,2025-06-24 07:29:00
1750750200,31700.0,31700.0,31700.0,31700.0,0,2025-06-24 07:30:00
1750750260,31700.0,31700.0,31680.0,31680.0,1,2025-06-24 07:31:00
1750750320,31680.0,31680.0,31670.0,31670.0,4,2025-06-24 07:32:00
1750750380,31670.0,31670.0,31640.0,31640.0,2,2025-06-24 07:33:00
1750750440,31640.0,31640.0,31640.0,31640.0,0,2025-06-24 07:34:00
1750750500,31720.0,31720.0,31650.0,31675.0,50,2025-06-24 07:35:00
1750750560,31675.0,31675.0,31655.0,31655.0,2,2025-06-24 07:36:00
1750750620,31655.0,31680.0,31655.0,31680.0,5,2025-06-24 07:37:00
1750750680,31680.0,31680.0,31640.0,31640.0,1,2025-06-24 07:38:00
1750750740,31640.0,31660.0,31615.0,31630.0,13,2025-06-24 07:39:00
1750750800,31630.0,31665.0,31630.0,31665.0,1,2025-06-24 07:40:00
1750750860,31665.0,31665.0,31665.0,31665.0,0,2025-06-24 07:41:00
1750750920,31630.0,31630.0,31620.0,31620.0,2,2025-06-24 07:42:00
1750750980,31620.0,31625.0,31620.0,31625.0,1,2025-06-24 07:43:00
1750751040,31625.0,31625.0,31625.0,31625.0,0,2025-06-24 07:44:00
1750751100,31625.0,31625.0,31625.0,31625.0,0,2025-06-24 07:45:00
1750751160,31625.0,31625.0,31610.0,31610.0,1,2025-06-24 07:46:00
1750751220,31610.0,31610.0,31610.0,31610.0,1,2025-06-24 07:47:00
1750751280,31610.0,31615.0,31610.0,31615.0,7,2025-06-24 07:48:00
1750751340,31625.0,31625.0,31625.0,31625.0,2,2025-06-24 07:49:00
1750751400,31625.0,31625.0,31625.0,31625.0,0,2025-06-24 07:50:00
1750751460,31625.0,31625.0,31525.0,31525.0,169,2025-06-24 07:51:00
1750751520,31525.0,31550.0,31500.0,31550.0,120,2025-06-24 07:52:00
1750751580,31550.0,31560.0,31535.0,31535.0,3,2025-06-24 07:53:00
1750751640,31530.0,31530.0,31515.0,31530.0,7,2025-06-24 07:54:00
1750751700,31515.0,31560.0,31515.0,31545.0,9,2025-06-24 07:55:00
1750751760,31540.0,31590.0,31540.0,31590.0,10,2025-06-24 07:56:00
1750751820,31590.0,31595.0,31575.0,31595.0,2,2025-06-24 07:57:00
1750751880,31595.0,31595.0,31575.0,31575.0,5,2025-06-24 07:58:00
1750751940,31575.0,31575.0,31575.0,31575.0,3,2025-06-24 07:59:00
1750752000,31575.0,31575.0,31575.0,31575.0,5,2025-06-24 08:00:00
1750752060,31575.0,31575.0,31530.0,31530.0,7,2025-06-24 08:01:00
1750752120,31530.0,31530.0,31520.0,31530.0,2,2025-06-24 08:02:00
1750752180,31530.0,31555.0,31530.0,31530.0,3,2025-06-24 08:03:00
1750752240,31530.0,31530.0,31520.0,31520.0,3,2025-06-24 08:04:00
1750752300,31520.0,31520.0,31510.0,31510.0,2,2025-06-24 08:05:00
1750752360,31510.0,31510.0,31510.0,31510.0,5,2025-06-24 08:06:00
1750752420,31510.0,31510.0,31500.0,31500.0,3,2025-06-24 08:07:00
1750752480,31500.0,31500.0,31480.0,31480.0,2,2025-06-24 08:08:00
1750752540,31480.0,31480.0,31480.0,31480.0,0,2025-06-24 08:09:00
1750752600,31480.0,31485.0,31480.0,31485.0,1,2025-06-24 08:10:00
1750752660,31485.0,31485.0,31485.0,31485.0,0,2025-06-24 08:11:00
1750752720,31485.0,31485.0,31485.0,31485.0,0,2025-06-24 08:12:00
1750752780,31485.0,31500.0,31485.0,31500.0,3,2025-06-24 08:13:00
1750752840,31500.0,31550.0,31500.0,31535.0,14,2025-06-24 08:14:00
1750752900,31535.0,31535.0,31505.0,31505.0,3,2025-06-24 08:15:00
1750752960,31535.0,31535.0,31500.0,31500.0,4,2025-06-24 08:16:00
1750753020,31500.0,31500.0,31500.0,31500.0,3,2025-06-24 08:17:00
1750753080,31500.0,31505.0,31500.0,31505.0,2,2025-06-24 08:18:00
1750753140,31505.0,31505.0,31505.0,31505.0,2,2025-06-24 08:19:00
1750753200,31505.0,31505.0,31505.0,31505.0,3,2025-06-24 08:20:00
1750753260,31505.0,31535.0,31505.0,31530.0,5,2025-06-24 08:21:00
1750753320,31530.0,31530.0,31500.0,31500.0,7,2025-06-24 08:22:00
1750753380,31500.0,31530.0,31500.0,31530.0,4,2025-06-24 08:23:00
1750753440,31530.0,31530.0,31525.0,31525.0,2,2025-06-24 08:24:00
1750753500,31525.0,31550.0,31510.0,31550.0,5,2025-06-24 08:25:00
1750753560,31540.0,31560.0,31520.0,31520.0,6,2025-06-24 08:26:00
1750753620,31520.0,31520.0,31510.0,31510.0,2,2025-06-24 08:27:00
1750753680,31510.0,31550.0,31510.0,31550.0,4,2025-06-24 08:28:00
1750753740,31550.0,31550.0,31515.0,31530.0,5,2025-06-24 08:29:00
1750753800,31570.0,31570.0,31550.0,31555.0,74,2025-06-24 08:30:00
1750753860,31555.0,31555.0,31545.0,31545.0,3,2025-06-24 08:31:00
1750753920,31545.0,31545.0,31520.0,31520.0,4,2025-06-24 08:32:00
1750753980,31520.0,31525.0,31515.0,31515.0,2,2025-06-24 08:33:00
1750754040,31515.0,31520.0,31515.0,31515.0,5,2025-06-24 08:34:00
1750754100,31510.0,31510.0,31500.0,31500.0,115,2025-06-24 08:35:00
1750754160,31500.0,31500.0,31480.0,31480.0,5,2025-06-24 08:36:00
1750754220,31470.0,31470.0,31460.0,31460.0,55,2025-06-24 08:37:00
1750754280,31460.0,31505.0,31435.0,31505.0,68,2025-06-24 08:38:00
1750754340,31505.0,31505.0,31480.0,31480.0,2,2025-06-24 08:39:00
1750754400,31480.0,31480.0,31475.0,31475.0,2,2025-06-24 08:40:00
1750754460,31475.0,31475.0,31455.0,31460.0,2,2025-06-24 08:41:00
1750754520,31485.0,31485.0,31450.0,31450.0,4,2025-06-24 08:42:00
1750754580,31485.0,31485.0,31440.0,31440.0,5,2025-06-24 08:43:00
1750754640,31440.0,31440.0,31440.0,31440.0,2,2025-06-24 08:44:00
1750754700,31455.0,31455.0,31445.0,31445.0,3,2025-06-24 08:45:00
1750754760,31445.0,31445.0,31440.0,31440.0,2,2025-06-24 08:46:00
1750754820,31440.0,31465.0,31435.0,31465.0,5,2025-06-24 08:47:00
1750754880,31465.0,31465.0,31440.0,31440.0,3,2025-06-24 08:48:00
1750754940,31440.0,31470.0,31440.0,31450.0,5,2025-06-24 08:49:00
1750755000,31450.0,31450.0,31450.0,31450.0,0,2025-06-24 08:50:00
1750755060,31450.0,31450.0,31450.0,31450.0,1,2025-06-24 08:51:00
1750755120,31450.0,31450.0,31445.0,31445.0,3,2025-06-24 08:52:00
1750755180,31445.0,31445.0,31445.0,31445.0,0,2025-06-24 08:53:00
1750755240,31445.0,31455.0,31445.0,31455.0,1,2025-06-24 08:54:00
1750755300,31455.0,31455.0,31450.0,31450.0,2,2025-06-24 08:55:00
1750755360,31450.0,31450.0,31450.0,31450.0,0,2025-06-24 08:56:00
1750755420,31450.0,31475.0,31450.0,31455.0,2,2025-06-24 08:57:00
1750755480,31455.0,31485.0,31455.0,31485.0,4,2025-06-24 08:58:00
1750755540,31470.0,31470.0,31440.0,31455.0,38,2025-06-24 08:59:00
1750755600,31455.0,31480.0,31455.0,31480.0,1,2025-06-24 09:00:00
1750755660,31480.0,31480.0,31480.0,31480.0,1,2025-06-24 09:01:00
1750755720,31480.0,31480.0,31445.0,31445.0,1,2025-06-24 09:02:00
1750755780,31445.0,31445.0,31445.0,31445.0,1,2025-06-24 09:03:00
1750755840,31445.0,31520.0,31445.0,31500.0,74,2025-06-24 09:04:00
1750755900,31500.0,31500.0,31475.0,31485.0,17,2025-06-24 09:05:00
1750755960,31485.0,31485.0,31485.0,31485.0,3,2025-06-24 09:06:00
1750756020,31475.0,31475.0,31335.0,31345.0,47,2025-06-24 09:07:00
1750756080,31385.0,31405.0,31320.0,31370.0,89,2025-06-24 09:08:00
1750756140,31415.0,31430.0,31390.0,31430.0,50,2025-06-24 09:09:00
1750756200,31430.0,31440.0,31415.0,31415.0,5,2025-06-24 09:10:00
1750756260,31415.0,31415.0,31410.0,31410.0,2,2025-06-24 09:11:00
1750756320,31410.0,31450.0,31410.0,31425.0,38,2025-06-24 09:12:00
1750756380,31435.0,31435.0,31435.0,31435.0,2,2025-06-24 09:13:00
1750756440,31435.0,31435.0,31435.0,31435.0,0,2025-06-24 09:14:00
1750756500,31445.0,31445.0,31445.0,31445.0,1,2025-06-24 09:15:00
1750756560,31445.0,31445.0,31415.0,31430.0,4,2025-06-24 09:16:00
1750756620,31430.0,31430.0,31430.0,31430.0,0,2025-06-24 09:17:00
1750756680,31430.0,31465.0,31430.0,31465.0,10,2025-06-24 09:18:00
1750756740,31465.0,31465.0,31465.0,31465.0,0,2025-06-24 09:19:00
1750756800,31465.0,31465.0,31465.0,31465.0,2,2025-06-24 09:20:00
1750756860,31465.0,31465.0,31435.0,31435.0,1,2025-06-24 09:21:00
1750756920,31435.0,31435.0,31435.0,31435.0,0,2025-06-24 09:22:00
1750756980,31435.0,31435.0,31430.0,31430.0,1,2025-06-24 09:23:00
1750757040,31430.0,31525.0,31430.0,31465.0,148,2025-06-24 09:24:00
1750757100,31465.0,31465.0,31440.0,31440.0,1,2025-06-24 09:25:00
1750757160,31480.0,31490.0,31445.0,31485.0,20,2025-06-24 09:26:00
1750757220,31535.0,31535.0,31485.0,31500.0,25,2025-06-24 09:27:00
1750757280,31500.0,31550.0,31500.0,31505.0,6,2025-06-24 09:28:00
1750757340,31505.0,31525.0,31500.0,31500.0,4,2025-06-24 09:29:00
1750757400,31540.0,31540.0,31500.0,31500.0,9,2025-06-24 09:30:00
1750757460,31500.0,31515.0,31500.0,31500.0,10,2025-06-24 09:31:00
1750757520,31500.0,31550.0,31500.0,31550.0,13,2025-06-24 09:32:00
1750757580,31550.0,31565.0,31505.0,31565.0,77,2025-06-24 09:33:00
1750757640,31565.0,31570.0,31525.0,31535.0,27,2025-06-24 09:34:00
1750757700,31535.0,31555.0,31525.0,31555.0,6,2025-06-24 09:35:00
1750757760,31555.0,31555.0,31505.0,31530.0,26,2025-06-24 09:36:00
1750757820,31530.0,31535.0,31520.0,31520.0,7,2025-06-24 09:37:00
1750757880,31520.0,31530.0,31505.0,31530.0,5,2025-06-24 09:38:00
1750757940,31530.0,31545.0,31525.0,31545.0,3,2025-06-24 09:39:00
1750758000,31565.0,31580.0,31535.0,31535.0,24,2025-06-24 09:40:00
1750758060,31535.0,31545.0,31535.0,31535.0,4,2025-06-24 09:41:00
1750758120,31535.0,31540.0,31525.0,31525.0,4,2025-06-24 09:42:00
1750758180,31525.0,31525.0,31520.0,31520.0,2,2025-06-24 09:43:00
1750758240,31540.0,31540.0,31525.0,31530.0,6,2025-06-24 09:44:00
1750758300,31530.0,31545.0,31480.0,31480.0,13,2025-06-24 09:45:00
1750758360,31495.0,31500.0,31470.0,31500.0,22,2025-06-24 09:46:00
1750758420,31500.0,31500.0,31470.0,31470.0,1,2025-06-24 09:47:00
1750758480,31470.0,31515.0,31445.0,31515.0,39,2025-06-24 09:48:00
1750758540,31515.0,31550.0,31515.0,31550.0,36,2025-06-24 09:49:00
1750758600,31550.0,31550.0,31505.0,31505.0,4,2025-06-24 09:50:00
1750758660,31505.0,31570.0,31505.0,31545.0,78,2025-06-24 09:51:00
1750758720,31535.0,31560.0,31530.0,31560.0,9,2025-06-24 09:52:00
1750758780,31560.0,31560.0,31470.0,31480.0,4,2025-06-24 09:53:00
1750758840,31465.0,31495.0,31465.0,31465.0,5,2025-06-24 09:54:00
1750758900,31465.0,31485.0,31465.0,31485.0,5,2025-06-24 09:55:00
1750758960,31540.0,31540.0,31490.0,31505.0,8,2025-06-24 09:56:00
1750759020,31505.0,31505.0,31485.0,31485.0,19,2025-06-24 09:57:00
1750759080,31475.0,31490.0,31465.0,31465.0,9,2025-06-24 09:58:00
1750759140,31465.0,31645.0,31425.0,31615.0,14,2025-06-24 09:59:00
1750823100,31560.0,31560.0,31430.0,31430.0,44,2025-06-25 03:45:00
1750823160,31425.0,31495.0,31400.0,31495.0,27,2025-06-25 03:46:00
1750823220,31495.0,31495.0,31365.0,31365.0,47,2025-06-25 03:47:00
1750823280,31365.0,31380.0,31365.0,31380.0,3,2025-06-25 03:48:00
1750823340,31380.0,31410.0,31380.0,31410.0,3,2025-06-25 03:49:00
1750823400,31410.0,31430.0,31380.0,31395.0,5,2025-06-25 03:50:00
1750823460,31395.0,31445.0,31395.0,31445.0,5,2025-06-25 03:51:00
1750823520,31445.0,31475.0,31430.0,31475.0,18,2025-06-25 03:52:00
1750823580,31475.0,31535.0,31475.0,31535.0,25,2025-06-25 03:53:00
1750823640,31535.0,31605.0,31500.0,31580.0,40,2025-06-25 03:54:00
1750823700,31580.0,31615.0,31560.0,31590.0,51,2025-06-25 03:55:00
1750823760,31590.0,31590.0,31555.0,31565.0,25,2025-06-25 03:56:00
1750823820,31565.0,31575.0,31565.0,31575.0,2,2025-06-25 03:57:00
1750823880,31575.0,31605.0,31530.0,31605.0,14,2025-06-25 03:58:00
1750823940,31605.0,31605.0,31550.0,31585.0,4,2025-06-25 03:59:00
1750824000,31585.0,31585.0,31530.0,31530.0,20,2025-06-25 04:00:00
1750824060,31530.0,31545.0,31520.0,31545.0,5,2025-06-25 04:01:00
1750824120,31540.0,31540.0,31540.0,31540.0,5,2025-06-25 04:02:00
1750824180,31540.0,31540.0,31540.0,31540.0,0,2025-06-25 04:03:00
1750824240,31540.0,31590.0,31540.0,31590.0,10,2025-06-25 04:04:00
1750824300,31550.0,31550.0,31550.0,31550.0,2,2025-06-25 04:05:00
1750824360,31550.0,31550.0,31530.0,31530.0,1,2025-06-25 04:06:00
1750824420,31530.0,31530.0,31530.0,31530.0,0,2025-06-25 04:07:00
1750824480,31530.0,31530.0,31530.0,31530.0,0,2025-06-25 04:08:00
1750824540,31530.0,31530.0,31530.0,31530.0,0,2025-06-25 04:09:00
1750824600,31530.0,31565.0,31530.0,31565.0,1,2025-06-25 04:10:00
1750824660,31565.0,31565.0,31565.0,31565.0,10,2025-06-25 04:11:00
1750824720,31565.0,31620.0,31560.0,31610.0,48,2025-06-25 04:12:00
1750824780,31610.0,31610.0,31575.0,31610.0,36,2025-06-25 04:13:00
1750824840,31610.0,31610.0,31545.0,31570.0,7,2025-06-25 04:14:00
1750824900,31570.0,31570.0,31535.0,31545.0,55,2025-06-25 04:15:00
1750824960,31545.0,31545.0,31545.0,31545.0,0,2025-06-25 04:16:00
1750825020,31545.0,31560.0,31545.0,31550.0,10,2025-06-25 04:17:00
1750825080,31550.0,31550.0,31540.0,31540.0,2,2025-06-25 04:18:00
1750825140,31540.0,31540.0,31540.0,31540.0,0,2025-06-25 04:19:00
1750825200,31540.0,31585.0,31540.0,31585.0,12,2025-06-25 04:20:00
1750825260,31585.0,31650.0,31585.0,31650.0,42,2025-06-25 04:21:00
1750825320,31650.0,31705.0,31630.0,31705.0,33,2025-06-25 04:22:00
1750825380,31705.0,31705.0,31650.0,31650.0,22,2025-06-25 04:23:00
1750825440,31650.0,31655.0,31645.0,31655.0,47,2025-06-25 04:24:00
1750825500,31655.0,31665.0,31655.0,31660.0,2,2025-06-25 04:25:00
1750825560,31660.0,31660.0,31660.0,31660.0,0,2025-06-25 04:26:00
1750825620,31660.0,31660.0,31620.0,31635.0,85,2025-06-25 04:27:00
1750825680,31605.0,31610.0,31595.0,31610.0,10,2025-06-25 04:28:00
1750825740,31610.0,31660.0,31610.0,31660.0,34,2025-06-25 04:29:00
1750825800,31660.0,31660.0,31660.0,31660.0,1,2025-06-25 04:30:00
1750825860,31660.0,31660.0,31660.0,31660.0,0,2025-06-25 04:31:00
1750825920,31660.0,31660.0,31655.0,31655.0,1,2025-06-25 04:32:00
1750825980,31655.0,31655.0,31620.0,31620.0,3,2025-06-25 04:33:00
1750826040,31620.0,31640.0,31600.0,31640.0,11,2025-06-25 04:34:00
1750826100,31645.0,31645.0,31610.0,31610.0,9,2025-06-25 04:35:00
1750826160,31610.0,31610.0,31610.0,31610.0,1,2025-06-25 04:36:00
1750826220,31610.0,31625.0,31555.0,31555.0,49,2025-06-25 04:37:00
1750826280,31555.0,31585.0,31555.0,31555.0,4,2025-06-25 04:38:00
1750826340,31555.0,31555.0,31535.0,31550.0,15,2025-06-25 04:39:00
1750826400,31550.0,31580.0,31545.0,31545.0,4,2025-06-25 04:40:00
1750826460,31545.0,31575.0,31545.0,31575.0,2,2025-06-25 04:41:00
1750826520,31575.0,31580.0,31535.0,31580.0,21,2025-06-25 04:42:00
1750826580,31580.0,31580.0,31555.0,31555.0,2,2025-06-25 04:43:00
1750826640,31555.0,31645.0,31555.0,31645.0,60,2025-06-25 04:44:00
1750826700,31645.0,31645.0,31575.0,31590.0,21,2025-06-25 04:45:00
1750826760,31590.0,31590.0,31590.0,31590.0,0,2025-06-25 04:46:00
1750826820,31590.0,31590.0,31590.0,31590.0,0,2025-06-25 04:47:00
1750826880,31590.0,31590.0,31590.0,31590.0,0,2025-06-25 04:48:00
1750826940,31590.0,31590.0,31590.0,31590.0,0,2025-06-25 04:49:00
1750827000,31590.0,31590.0,31590.0,31590.0,0,2025-06-25 04:50:00
1750827060,31590.0,31590.0,31590.0,31590.0,0,2025-06-25 04:51:00
1750827120,31590.0,31590.0,31590.0,31590.0,0,2025-06-25 04:52:00
1750827180,31590.0,31590.0,31590.0,31590.0,0,2025-06-25 04:53:00
1750827240,31585.0,31600.0,31585.0,31600.0,5,2025-06-25 04:54:00
1750827300,31600.0,31600.0,31600.0,31600.0,0,2025-06-25 04:55:00
1750827360,31600.0,31635.0,31600.0,31635.0,2,2025-06-25 04:56:00
1750827420,31635.0,31640.0,31635.0,31640.0,3,2025-06-25 04:57:00
1750827480,31640.0,31640.0,31640.0,31640.0,0,2025-06-25 04:58:00
1750827540,31640.0,31640.0,31640.0,31640.0,0,2025-06-25 04:59:00
1750827600,31640.0,31640.0,31640.0,31640.0,0,2025-06-25 05:00:00
1750827660,31640.0,31640.0,31640.0,31640.0,0,2025-06-25 05:01:00
1750827720,31615.0,31615.0,31615.0,31615.0,1,2025-06-25 05:02:00
1750827780,31615.0,31615.0,31605.0,31605.0,44,2025-06-25 05:03:00
1750827840,31605.0,31605.0,31605.0,31605.0,0,2025-06-25 05:04:00
1750827900,31605.0,31615.0,31590.0,31615.0,3,2025-06-25 05:05:00
1750827960,31590.0,31590.0,31475.0,31505.0,114,2025-06-25 05:06:00
1750828020,31505.0,31540.0,31505.0,31540.0,1,2025-06-25 05:07:00
1750828080,31540.0,31595.0,31540.0,31580.0,12,2025-06-25 05:08:00
1750828140,31580.0,31585.0,31580.0,31585.0,2,2025-06-25 05:09:00
1750828200,31585.0,31585.0,31585.0,31585.0,0,2025-06-25 05:10:00
1750828260,31550.0,31550.0,31540.0,31540.0,34,2025-06-25 05:11:00
1750828320,31540.0,31540.0,31510.0,31510.0,3,2025-06-25 05:12:00
1750828380,31510.0,31540.0,31510.0,31540.0,19,2025-06-25 05:13:00
1750828440,31540.0,31540.0,31525.0,31540.0,14,2025-06-25 05:14:00
1750828500,31540.0,31555.0,31505.0,31555.0,11,2025-06-25 05:15:00
1750828560,31555.0,31555.0,31550.0,31550.0,2,2025-06-25 05:16:00
1750828620,31550.0,31550.0,31515.0,31515.0,6,2025-06-25 05:17:00
1750828680,31515.0,31540.0,31505.0,31540.0,9,2025-06-25 05:18:00
1750828740,31540.0,31540.0,31540.0,31540.0,0,2025-06-25 05:19:00
1750828800,31540.0,31540.0,31540.0,31540.0,0,2025-06-25 05:20:00
1750828860,31540.0,31545.0,31510.0,31510.0,2,2025-06-25 05:21:00
1750828920,31545.0,31545.0,31545.0,31545.0,1,2025-06-25 05:22:00
1750828980,31545.0,31545.0,31545.0,31545.0,0,2025-06-25 05:23:00
1750829040,31545.0,31545.0,31545.0,31545.0,0,2025-06-25 05:24:00
1750829100,31545.0,31545.0,31535.0,31535.0,1,2025-06-25 05:25:00
1750829160,31535.0,31535.0,31535.0,31535.0,0,2025-06-25 05:26:00
1750829220,31530.0,31540.0,31530.0,31540.0,3,2025-06-25 05:27:00
1750829280,31540.0,31575.0,31515.0,31575.0,25,2025-06-25 05:28:00
1750829340,31575.0,31575.0,31535.0,31535.0,1,2025-06-25 05:29:00
1750829400,31535.0,31545.0,31535.0,31545.0,15,2025-06-25 05:30:00
1750829460,31545.0,31545.0,31535.0,31535.0,1,2025-06-25 05:31:00
1750829520,31535.0,31535.0,31535.0,31535.0,0,2025-06-25 05:32:00
1750829580,31535.0,31570.0,31535.0,31570.0,16,2025-06-25 05:33:00
1750829640,31570.0,31575.0,31570.0,31575.0,3,2025-06-25 05:34:00
1750829700,31575.0,31575.0,31575.0,31575.0,1,2025-06-25 05:35:00
1750829760,31575.0,31575.0,31575.0,31575.0,0,2025-06-25 05:36:00
1750829820,31575.0,31575.0,31550.0,31550.0,1,2025-06-25 05:37:00
1750829880,31550.0,31575.0,31550.0,31550.0,2,2025-06-25 05:38:00
1750829940,31550.0,31575.0,31550.0,31575.0,6,2025-06-25 05:39:00
1750830000,31575.0,31575.0,31575.0,31575.0,0,2025-06-25 05:40:00
1750830060,31575.0,31575.0,31575.0,31575.0,0,2025-06-25 05:41:00
1750830120,31575.0,31580.0,31575.0,31580.0,12,2025-06-25 05:42:00
1750830180,31580.0,31580.0,31575.0,31575.0,1,2025-06-25 05:43:00
1750830240,31575.0,31575.0,31575.0,31575.0,0,2025-06-25 05:44:00
1750830300,31575.0,31575.0,31550.0,31550.0,2,2025-06-25 05:45:00
1750830360,31550.0,31570.0,31550.0,31570.0,1,2025-06-25 05:46:00
1750830420,31570.0,31575.0,31570.0,31575.0,21,2025-06-25 05:47:00
1750830480,31575.0,31575.0,31575.0,31575.0,0,2025-06-25 05:48:00
1750830540,31575.0,31575.0,31575.0,31575.0,2,2025-06-25 05:49:00
1750830600,31575.0,31575.0,31575.0,31575.0,0,2025-06-25 05:50:00
1750830660,31575.0,31575.0,31540.0,31540.0,3,2025-06-25 05:51:00
1750830720,31540.0,31575.0,31540.0,31575.0,1,2025-06-25 05:52:00
1750830780,31580.0,31580.0,31535.0,31535.0,2,2025-06-25 05:53:00
1750830840,31535.0,31535.0,31535.0,31535.0,0,2025-06-25 05:54:00
1750830900,31535.0,31535.0,31535.0,31535.0,0,2025-06-25 05:55:00
1750830960,31535.0,31575.0,31535.0,31575.0,1,2025-06-25 05:56:00
1750831020,31575.0,31575.0,31575.0,31575.0,1,2025-06-25 05:57:00
1750831080,31575.0,31575.0,31575.0,31575.0,0,2025-06-25 05:58:00
1750831140,31575.0,31575.0,31575.0,31575.0,1,2025-06-25 05:59:00
1750831200,31575.0,31575.0,31575.0,31575.0,0,2025-06-25 06:00:00
1750831260,31575.0,31575.0,31535.0,31535.0,1,2025-06-25 06:01:00
1750831320,31535.0,31570.0,31535.0,31570.0,1,2025-06-25 06:02:00
1750831380,31570.0,31570.0,31570.0,31570.0,0,2025-06-25 06:03:00
1750831440,31570.0,31570.0,31570.0,31570.0,0,2025-06-25 06:04:00
1750831500,31570.0,31570.0,31570.0,31570.0,0,2025-06-25 06:05:00
1750831560,31570.0,31570.0,31570.0,31570.0,0,2025-06-25 06:06:00
1750831620,31570.0,31570.0,31570.0,31570.0,0,2025-06-25 06:07:00
1750831680,31570.0,31570.0,31570.0,31570.0,0,2025-06-25 06:08:00
1750831740,31570.0,31570.0,31535.0,31535.0,1,2025-06-25 06:09:00
1750831800,31535.0,31535.0,31535.0,31535.0,0,2025-06-25 06:10:00
1750831860,31535.0,31535.0,31535.0,31535.0,0,2025-06-25 06:11:00
1750831920,31535.0,31535.0,31535.0,31535.0,2,2025-06-25 06:12:00
1750831980,31535.0,31535.0,31535.0,31535.0,10,2025-06-25 06:13:00
1750832040,31535.0,31535.0,31525.0,31525.0,2,2025-06-25 06:14:00
1750832100,31525.0,31565.0,31525.0,31565.0,2,2025-06-25 06:15:00
1750832160,31565.0,31565.0,31565.0,31565.0,0,2025-06-25 06:16:00
1750832220,31565.0,31565.0,31525.0,31525.0,1,2025-06-25 06:17:00
1750832280,31525.0,31545.0,31505.0,31545.0,19,2025-06-25 06:18:00
1750832340,31545.0,31545.0,31510.0,31510.0,1,2025-06-25 06:19:00
1750832400,31510.0,31510.0,31510.0,31510.0,0,2025-06-25 06:20:00
1750832460,31510.0,31510.0,31510.0,31510.0,0,2025-06-25 06:21:00
1750832520,31510.0,31545.0,31510.0,31545.0,1,2025-06-25 06:22:00
1750832580,31545.0,31545.0,31545.0,31545.0,1,2025-06-25 06:23:00
1750832640,31545.0,31545.0,31545.0,31545.0,0,2025-06-25 06:24:00
1750832700,31545.0,31545.0,31515.0,31515.0,2,2025-06-25 06:25:00
1750832760,31515.0,31515.0,31515.0,31515.0,0,2025-06-25 06:26:00
1750832820,31515.0,31515.0,31510.0,31510.0,1,2025-06-25 06:27:00
1750832880,31510.0,31590.0,31510.0,31555.0,41,2025-06-25 06:28:00
1750832940,31555.0,31555.0,31555.0,31555.0,0,2025-06-25 06:29:00
1750833000,31555.0,31555.0,31555.0,31555.0,0,2025-06-25 06:30:00
1750833060,31555.0,31575.0,31555.0,31565.0,5,2025-06-25 06:31:00
1750833120,31565.0,31565.0,31565.0,31565.0,0,2025-06-25 06:32:00
1750833180,31565.0,31565.0,31565.0,31565.0,1,2025-06-25 06:33:00
1750833240,31565.0,31565.0,31565.0,31565.0,0,2025-06-25 06:34:00
1750833300,31595.0,31595.0,31595.0,31595.0,1,2025-06-25 06:35:00
1750833360,31595.0,31635.0,31585.0,31630.0,38,2025-06-25 06:36:00
1750833420,31630.0,31630.0,31630.0,31630.0,0,2025-06-25 06:37:00
1750833480,31590.0,31610.0,31585.0,31585.0,6,2025-06-25 06:38:00
1750833540,31585.0,31690.0,31585.0,31665.0,301,2025-06-25 06:39:00
1750833600,31665.0,31680.0,31630.0,31680.0,29,2025-06-25 06:40:00
1750833660,31680.0,31680.0,31670.0,31670.0,2,2025-06-25 06:41:00
1750833720,31700.0,31795.0,31700.0,31790.0,116,2025-06-25 06:42:00
1750833780,31775.0,31775.0,31725.0,31750.0,29,2025-06-25 06:43:00
1750833840,31750.0,31750.0,31715.0,31745.0,2,2025-06-25 06:44:00
1750833900,31745.0,31745.0,31720.0,31720.0,1,2025-06-25 06:45:00
1750833960,31720.0,31720.0,31720.0,31720.0,1,2025-06-25 06:46:00
1750834020,31720.0,31720.0,31720.0,31720.0,1,2025-06-25 06:47:00
1750834080,31720.0,31720.0,31720.0,31720.0,2,2025-06-25 06:48:00
1750834140,31720.0,31720.0,31700.0,31700.0,2,2025-06-25 06:49:00
1750834200,31700.0,31700.0,31700.0,31700.0,0,2025-06-25 06:50:00
1750834260,31700.0,31720.0,31700.0,31720.0,1,2025-06-25 06:51:00
1750834320,31720.0,31720.0,31720.0,31720.0,0,2025-06-25 06:52:00
1750834380,31720.0,31720.0,31720.0,31720.0,3,2025-06-25 06:53:00
1750834440,31720.0,31720.0,31720.0,31720.0,1,2025-06-25 06:54:00
1750834500,31720.0,31720.0,31720.0,31720.0,1,2025-06-25 06:55:00
1750834560,31720.0,31720.0,31695.0,31695.0,5,2025-06-25 06:56:00
1750834620,31695.0,31695.0,31695.0,31695.0,1,2025-06-25 06:57:00
1750834680,31695.0,31695.0,31680.0,31680.0,3,2025-06-25 06:58:00
1750834740,31680.0,31680.0,31680.0,31680.0,1,2025-06-25 06:59:00
1750834800,31680.0,31695.0,31680.0,31695.0,2,2025-06-25 07:00:00
1750834860,31695.0,31695.0,31695.0,31695.0,0,2025-06-25 07:01:00
1750834920,31695.0,31695.0,31695.0,31695.0,0,2025-06-25 07:02:00
1750834980,31695.0,31695.0,31675.0,31675.0,1,2025-06-25 07:03:00
1750835040,31675.0,31700.0,31675.0,31700.0,2,2025-06-25 07:04:00
1750835100,31700.0,31700.0,31680.0,31700.0,2,2025-06-25 07:05:00
1750835160,31675.0,31675.0,31675.0,31675.0,1,2025-06-25 07:06:00
1750835220,31675.0,31695.0,31675.0,31695.0,2,2025-06-25 07:07:00
1750835280,31695.0,31695.0,31650.0,31650.0,11,2025-06-25 07:08:00
1750835340,31650.0,31650.0,31625.0,31625.0,21,2025-06-25 07:09:00
1750835400,31625.0,31670.0,31625.0,31670.0,5,2025-06-25 07:10:00
1750835460,31670.0,31670.0,31670.0,31670.0,0,2025-06-25 07:11:00
1750835520,31670.0,31670.0,31670.0,31670.0,1,2025-06-25 07:12:00
1750835580,31670.0,31670.0,31635.0,31660.0,3,2025-06-25 07:13:00
1750835640,31660.0,31660.0,31640.0,31640.0,1,2025-06-25 07:14:00
1750835700,31640.0,31640.0,31640.0,31640.0,0,2025-06-25 07:15:00
1750835760,31640.0,31640.0,31640.0,31640.0,0,2025-06-25 07:16:00
1750835820,31640.0,31660.0,31640.0,31640.0,2,2025-06-25 07:17:00
1750835880,31640.0,31640.0,31640.0,31640.0,0,2025-06-25 07:18:00
1750835940,31640.0,31660.0,31640.0,31660.0,2,2025-06-25 07:19:00
1750836000,31660.0,31660.0,31660.0,31660.0,3,2025-06-25 07:20:00
1750836060,31660.0,31660.0,31635.0,31635.0,2,2025-06-25 07:21:00
1750836120,31635.0,31635.0,31635.0,31635.0,0,2025-06-25 07:22:00
1750836180,31635.0,31665.0,31635.0,31665.0,1,2025-06-25 07:23:00
1750836240,31665.0,31665.0,31665.0,31665.0,0,2025-06-25 07:24:00
1750836300,31665.0,31665.0,31640.0,31665.0,22,2025-06-25 07:25:00
1750836360,31665.0,31665.0,31640.0,31640.0,1,2025-06-25 07:26:00
1750836420,31640.0,31640.0,31640.0,31640.0,0,2025-06-25 07:27:00
1750836480,31640.0,31640.0,31635.0,31635.0,1,2025-06-25 07:28:00
1750836540,31635.0,31660.0,31630.0,31660.0,2,2025-06-25 07:29:00
1750836600,31660.0,31660.0,31660.0,31660.0,0,2025-06-25 07:30:00
1750836660,31660.0,31660.0,31620.0,31620.0,11,2025-06-25 07:31:00
1750836720,31620.0,31640.0,31620.0,31640.0,1,2025-06-25 07:32:00
1750836780,31640.0,31680.0,31640.0,31675.0,42,2025-06-25 07:33:00
1750836840,31675.0,31675.0,31675.0,31675.0,13,2025-06-25 07:34:00
1750836900,31675.0,31675.0,31675.0,31675.0,0,2025-06-25 07:35:00
1750836960,31645.0,31645.0,31645.0,31645.0,1,2025-06-25 07:36:00
1750837020,31645.0,31645.0,31625.0,31625.0,3,2025-06-25 07:37:00
1750837080,31625.0,31625.0,31605.0,31605.0,25,2025-06-25 07:38:00
1750837140,31620.0,31665.0,31600.0,31665.0,1218,2025-06-25 07:39:00
1750837200,31665.0,31725.0,31665.0,31690.0,262,2025-06-25 07:40:00
1750837260,31720.0,31745.0,31720.0,31720.0,35,2025-06-25 07:41:00
1750837320,31720.0,31720.0,31720.0,31720.0,1,2025-06-25 07:42:00
1750837380,31720.0,31720.0,31720.0,31720.0,1,2025-06-25 07:43:00
1750837440,31720.0,31720.0,31720.0,31720.0,0,2025-06-25 07:44:00
1750837500,31720.0,31720.0,31720.0,31720.0,1,2025-06-25 07:45:00
1750837560,31720.0,31720.0,31720.0,31720.0,1,2025-06-25 07:46:00
1750837620,31720.0,31720.0,31720.0,31720.0,0,2025-06-25 07:47:00
1750837680,31725.0,31725.0,31725.0,31725.0,1,2025-06-25 07:48:00
1750837740,31725.0,31725.0,31725.0,31725.0,0,2025-06-25 07:49:00
1750837800,31725.0,31725.0,31720.0,31720.0,3,2025-06-25 07:50:00
1750837860,31720.0,31720.0,31715.0,31715.0,41,2025-06-25 07:51:00
1750837920,31715.0,31715.0,31715.0,31715.0,0,2025-06-25 07:52:00
1750837980,31715.0,31715.0,31695.0,31695.0,2,2025-06-25 07:53:00
1750838040,31695.0,31695.0,31680.0,31680.0,3,2025-06-25 07:54:00
1750838100,31680.0,31680.0,31680.0,31680.0,0,2025-06-25 07:55:00
1750838160,31680.0,31680.0,31680.0,31680.0,0,2025-06-25 07:56:00
1750838220,31680.0,31680.0,31675.0,31675.0,1,2025-06-25 07:57:00
1750838280,31675.0,31675.0,31675.0,31675.0,0,2025-06-25 07:58:00
1750838340,31675.0,31675.0,31675.0,31675.0,0,2025-06-25 07:59:00
1750838400,31675.0,31705.0,31675.0,31705.0,16,2025-06-25 08:00:00
1750838460,31705.0,31705.0,31665.0,31705.0,8,2025-06-25 08:01:00
1750838520,31705.0,31705.0,31705.0,31705.0,0,2025-06-25 08:02:00
1750838580,31705.0,31710.0,31705.0,31710.0,1,2025-06-25 08:03:00
1750838640,31710.0,31710.0,31700.0,31700.0,6,2025-06-25 08:04:00
1750838700,31700.0,31700.0,31700.0,31700.0,10,2025-06-25 08:05:00
1750838760,31700.0,31715.0,31700.0,31715.0,4,2025-06-25 08:06:00
1750838820,31715.0,31715.0,31695.0,31695.0,5,2025-06-25 08:07:00
1750838880,31695.0,31700.0,31670.0,31670.0,3,2025-06-25 08:08:00
1750838940,31670.0,31700.0,31670.0,31700.0,21,2025-06-25 08:09:00
1750839000,31700.0,31700.0,31700.0,31700.0,0,2025-06-25 08:10:00
1750839060,31700.0,31715.0,31680.0,31680.0,6,2025-06-25 08:11:00
1750839120,31680.0,31680.0,31680.0,31680.0,2,2025-06-25 08:12:00
1750839180,31680.0,31680.0,31680.0,31680.0,0,2025-06-25 08:13:00
1750839240,31680.0,31680.0,31680.0,31680.0,0,2025-06-25 08:14:00
1750839300,31680.0,31700.0,31680.0,31700.0,2,2025-06-25 08:15:00
1750839360,31700.0,31755.0,31700.0,31755.0,74,2025-06-25 08:16:00
1750839420,31755.0,31755.0,31725.0,31725.0,1,2025-06-25 08:17:00
1750839480,31725.0,31725.0,31725.0,31725.0,0,2025-06-25 08:18:00
1750839540,31725.0,31755.0,31725.0,31755.0,22,2025-06-25 08:19:00
1750839600,31755.0,31755.0,31755.0,31755.0,0,2025-06-25 08:20:00
1750839660,31755.0,31755.0,31755.0,31755.0,0,2025-06-25 08:21:00
1750839720,31755.0,31755.0,31715.0,31715.0,1,2025-06-25 08:22:00
1750839780,31715.0,31715.0,31715.0,31715.0,0,2025-06-25 08:23:00
1750839840,31715.0,31715.0,31715.0,31715.0,0,2025-06-25 08:24:00
1750839900,31715.0,31720.0,31710.0,31710.0,4,2025-06-25 08:25:00
1750839960,31710.0,31710.0,31705.0,31705.0,1,2025-06-25 08:26:00
1750840020,31705.0,31705.0,31705.0,31705.0,0,2025-06-25 08:27:00
1750840080,31695.0,31705.0,31695.0,31705.0,11,2025-06-25 08:28:00
1750840140,31705.0,31705.0,31690.0,31690.0,1,2025-06-25 08:29:00
1750840200,31690.0,31780.0,31690.0,31705.0,66,2025-06-25 08:30:00
1750840260,31705.0,31720.0,31700.0,31720.0,29,2025-06-25 08:31:00
1750840320,31720.0,31720.0,31720.0,31720.0,1,2025-06-25 08:32:00
1750840380,31720.0,31720.0,31700.0,31700.0,4,2025-06-25 08:33:00
1750840440,31700.0,31700.0,31700.0,31700.0,4,2025-06-25 08:34:00
1750840500,31700.0,31700.0,31700.0,31700.0,0,2025-06-25 08:35:00
1750840560,31700.0,31735.0,31700.0,31735.0,7,2025-06-25 08:36:00
1750840620,31735.0,31750.0,31725.0,31750.0,11,2025-06-25 08:37:00
1750840680,31750.0,31750.0,31750.0,31750.0,0,2025-06-25 08:38:00
1750840740,31750.0,31750.0,31740.0,31745.0,3,2025-06-25 08:39:00
1750840800,31745.0,31745.0,31705.0,31705.0,1,2025-06-25 08:40:00
1750840860,31705.0,31735.0,31705.0,31710.0,3,2025-06-25 08:41:00
1750840920,31710.0,31710.0,31710.0,31710.0,0,2025-06-25 08:42:00
1750840980,31710.0,31710.0,31710.0,31710.0,0,2025-06-25 08:43:00
1750841040,31710.0,31735.0,31705.0,31705.0,13,2025-06-25 08:44:00
1750841100,31705.0,31735.0,31705.0,31735.0,1,2025-06-25 08:45:00
1750841160,31735.0,31735.0,31735.0,31735.0,3,2025-06-25 08:46:00
1750841220,31735.0,31750.0,31710.0,31710.0,13,2025-06-25 08:47:00
1750841280,31710.0,31710.0,31655.0,31655.0,18,2025-06-25 08:48:00
1750841340,31650.0,31650.0,31650.0,31650.0,9,2025-06-25 08:49:00
1750841400,31650.0,31650.0,31650.0,31650.0,0,2025-06-25 08:50:00
1750841460,31700.0,31700.0,31655.0,31685.0,28,2025-06-25 08:51:00
1750841520,31685.0,31685.0,31685.0,31685.0,0,2025-06-25 08:52:00
1750841580,31685.0,31705.0,31680.0,31705.0,13,2025-06-25 08:53:00
1750841640,31705.0,31705.0,31675.0,31675.0,6,2025-06-25 08:54:00
1750841700,31710.0,31710.0,31675.0,31675.0,6,2025-06-25 08:55:00
1750841760,31675.0,31675.0,31675.0,31675.0,0,2025-06-25 08:56:00
1750841820,31675.0,31675.0,31670.0,31670.0,1,2025-06-25 08:57:00
1750841880,31670.0,31675.0,31670.0,31675.0,1,2025-06-25 08:58:00
1750841940,31675.0,31675.0,31675.0,31675.0,0,2025-06-25 08:59:00
1750842000,31700.0,31700.0,31680.0,31680.0,2,2025-06-25 09:00:00
1750842060,31680.0,31715.0,31680.0,31715.0,3,2025-06-25 09:01:00
1750842120,31715.0,31715.0,31670.0,31670.0,2,2025-06-25 09:02:00
1750842180,31670.0,31670.0,31670.0,31670.0,1,2025-06-25 09:03:00
1750842240,31670.0,31670.0,31670.0,31670.0,1,2025-06-25 09:04:00
1750842300,31670.0,31685.0,31665.0,31665.0,7,2025-06-25 09:05:00
1750842360,31665.0,31665.0,31665.0,31665.0,1,2025-06-25 09:06:00
1750842420,31665.0,31670.0,31655.0,31655.0,4,2025-06-25 09:07:00
1750842480,31655.0,31665.0,31655.0,31665.0,2,2025-06-25 09:08:00
1750842540,31665.0,31665.0,31655.0,31655.0,1,2025-06-25 09:09:00
1750842600,31655.0,31665.0,31650.0,31665.0,2,2025-06-25 09:10:00
1750842660,31665.0,31685.0,31665.0,31670.0,13,2025-06-25 09:11:00
1750842720,31670.0,31700.0,31665.0,31665.0,7,2025-06-25 09:12:00
1750842780,31695.0,31695.0,31665.0,31690.0,4,2025-06-25 09:13:00
1750842840,31690.0,31690.0,31665.0,31665.0,2,2025-06-25 09:14:00
1750842900,31665.0,31665.0,31665.0,31665.0,1,2025-06-25 09:15:00
1750842960,31665.0,31665.0,31665.0,31665.0,2,2025-06-25 09:16:00
1750843020,31665.0,31665.0,31665.0,31665.0,1,2025-06-25 09:17:00
1750843080,31665.0,31665.0,31665.0,31665.0,1,2025-06-25 09:18:00
1750843140,31665.0,31670.0,31665.0,31670.0,1,2025-06-25 09:19:00
1750843200,31670.0,31670.0,31670.0,31670.0,2,2025-06-25 09:20:00
1750843260,31710.0,31710.0,31710.0,31710.0,12,2025-06-25 09:21:00
1750843320,31710.0,31710.0,31690.0,31690.0,1,2025-06-25 09:22:00
1750843380,31690.0,31690.0,31685.0,31685.0,2,2025-06-25 09:23:00
1750843440,31685.0,31715.0,31680.0,31680.0,3,2025-06-25 09:24:00
1750843500,31700.0,31725.0,31680.0,31680.0,8,2025-06-25 09:25:00
1750843560,31680.0,31720.0,31680.0,31720.0,8,2025-06-25 09:26:00
1750843620,31720.0,31720.0,31710.0,31710.0,9,2025-06-25 09:27:00
1750843680,31710.0,31720.0,31685.0,31685.0,6,2025-06-25 09:28:00
1750843740,31685.0,31745.0,31685.0,31685.0,93,2025-06-25 09:29:00
1750843800,31685.0,31735.0,31685.0,31735.0,17,2025-06-25 09:30:00
1750843860,31735.0,31735.0,31685.0,31700.0,15,2025-06-25 09:31:00
1750843920,31700.0,31720.0,31700.0,31705.0,19,2025-06-25 09:32:00
1750843980,31705.0,31730.0,31705.0,31720.0,5,2025-06-25 09:33:00
1750844040,31720.0,31725.0,31685.0,31725.0,26,2025-06-25 09:34:00
1750844100,31725.0,31735.0,31725.0,31725.0,5,2025-06-25 09:35:00
1750844160,31725.0,31735.0,31725.0,31730.0,47,2025-06-25 09:36:00
1750844220,31730.0,31730.0,31725.0,31725.0,4,2025-06-25 09:37:00
1750844280,31725.0,31725.0,31695.0,31695.0,52,2025-06-25 09:38:00
1750844340,31695.0,31735.0,31695.0,31735.0,36,2025-06-25 09:39:00
1750844400,31735.0,31735.0,31705.0,31705.0,30,2025-06-25 09:40:00
1750844460,31705.0,31715.0,31705.0,31705.0,9,2025-06-25 09:41:00
1750844520,31705.0,31730.0,31685.0,31730.0,27,2025-06-25 09:42:00
1750844580,31730.0,31730.0,31695.0,31695.0,7,2025-06-25 09:43:00
1750844640,31695.0,31700.0,31695.0,31700.0,10,2025-06-25 09:44:00
1750844700,31690.0,31710.0,31685.0,31710.0,29,2025-06-25 09:45:00
1750844760,31710.0,31720.0,31690.0,31690.0,27,2025-06-25 09:46:00
1750844820,31690.0,31690.0,31685.0,31690.0,21,2025-06-25 09:47:00
1750844880,31690.0,31690.0,31680.0,31680.0,17,2025-06-25 09:48:00
1750844940,31670.0,31680.0,31670.0,31670.0,38,2025-06-25 09:49:00
1750845000,31670.0,31715.0,31670.0,31670.0,18,2025-06-25 09:50:00
1750845060,31670.0,31670.0,31640.0,31640.0,12,2025-06-25 09:51:00
1750845120,31640.0,31655.0,31625.0,31625.0,25,2025-06-25 09:52:00
1750845180,31625.0,31645.0,31625.0,31640.0,13,2025-06-25 09:53:00
1750845240,31655.0,31690.0,31605.0,31605.0,45,2025-06-25 09:54:00
1750845300,31605.0,31655.0,31585.0,31585.0,9,2025-06-25 09:55:00
1750845360,31585.0,31630.0,31585.0,31590.0,26,2025-06-25 09:56:00
1750845420,31615.0,31640.0,31615.0,31630.0,92,2025-06-25 09:57:00
1750845480,31630.0,31635.0,31630.0,31630.0,45,2025-06-25 09:58:00
1750845540,31630.0,31650.0,31630.0,31630.0,3,2025-06-25 09:59:00
1750909500,31680.0,31760.0,31605.0,31730.0,56,2025-06-26 03:45:00
1750909560,31770.0,31790.0,31725.0,31725.0,56,2025-06-26 03:46:00
1750909620,31725.0,31765.0,31725.0,31765.0,3,2025-06-26 03:47:00
1750909680,31780.0,31780.0,31765.0,31765.0,4,2025-06-26 03:48:00
1750909740,31780.0,31780.0,31765.0,31765.0,4,2025-06-26 03:49:00
1750909800,31765.0,31780.0,31715.0,31780.0,66,2025-06-26 03:50:00
1750909860,31780.0,31780.0,31780.0,31780.0,8,2025-06-26 03:51:00
1750909920,31780.0,31780.0,31770.0,31770.0,3,2025-06-26 03:52:00
1750909980,31770.0,31770.0,31770.0,31770.0,0,2025-06-26 03:53:00
1750910040,31785.0,31785.0,31755.0,31755.0,3,2025-06-26 03:54:00
1750910100,31755.0,31755.0,31725.0,31725.0,11,2025-06-26 03:55:00
1750910160,31725.0,31760.0,31725.0,31760.0,34,2025-06-26 03:56:00
1750910220,31760.0,31760.0,31760.0,31760.0,21,2025-06-26 03:57:00
1750910280,31760.0,31760.0,31760.0,31760.0,0,2025-06-26 03:58:00
1750910340,31760.0,31760.0,31760.0,31760.0,2,2025-06-26 03:59:00
1750910400,31760.0,31760.0,31750.0,31760.0,21,2025-06-26 04:00:00
1750910460,31760.0,31760.0,31760.0,31760.0,0,2025-06-26 04:01:00
1750910520,31760.0,31760.0,31760.0,31760.0,0,2025-06-26 04:02:00
1750910580,31760.0,31760.0,31725.0,31725.0,7,2025-06-26 04:03:00
1750910640,31725.0,31725.0,31725.0,31725.0,0,2025-06-26 04:04:00
1750910700,31725.0,31755.0,31725.0,31755.0,1,2025-06-26 04:05:00
1750910760,31755.0,31790.0,31755.0,31790.0,51,2025-06-26 04:06:00
1750910820,31790.0,31800.0,31790.0,31800.0,125,2025-06-26 04:07:00
1750910880,31800.0,31825.0,31785.0,31785.0,66,2025-06-26 04:08:00
1750910940,31785.0,31785.0,31785.0,31785.0,0,2025-06-26 04:09:00
1750911000,31785.0,31790.0,31785.0,31790.0,3,2025-06-26 04:10:00
1750911060,31790.0,31810.0,31790.0,31800.0,2,2025-06-26 04:11:00
1750911120,31800.0,31800.0,31800.0,31800.0,0,2025-06-26 04:12:00
1750911180,31800.0,31800.0,31800.0,31800.0,0,2025-06-26 04:13:00
1750911240,31800.0,31800.0,31800.0,31800.0,0,2025-06-26 04:14:00
1750911300,31800.0,31800.0,31800.0,31800.0,0,2025-06-26 04:15:00
1750911360,31800.0,31800.0,31800.0,31800.0,0,2025-06-26 04:16:00
1750911420,31800.0,31850.0,31800.0,31850.0,34,2025-06-26 04:17:00
1750911480,31850.0,31900.0,31850.0,31860.0,301,2025-06-26 04:18:00
1750911540,31850.0,31850.0,31845.0,31845.0,13,2025-06-26 04:19:00
1750911600,31845.0,31845.0,31830.0,31830.0,18,2025-06-26 04:20:00
1750911660,31825.0,31825.0,31750.0,31750.0,49,2025-06-26 04:21:00
1750911720,31750.0,31760.0,31750.0,31760.0,1,2025-06-26 04:22:00
1750911780,31760.0,31845.0,31760.0,31795.0,28,2025-06-26 04:23:00
1750911840,31795.0,31795.0,31795.0,31795.0,0,2025-06-26 04:24:00
1750911900,31795.0,31825.0,31795.0,31825.0,1,2025-06-26 04:25:00
1750911960,31825.0,31860.0,31825.0,31860.0,28,2025-06-26 04:26:00
1750912020,31865.0,31900.0,31865.0,31900.0,206,2025-06-26 04:27:00
1750912080,31900.0,31900.0,31855.0,31900.0,14,2025-06-26 04:28:00
1750912140,31900.0,31900.0,31865.0,31895.0,7,2025-06-26 04:29:00
1750912200,31895.0,31925.0,31895.0,31925.0,46,2025-06-26 04:30:00
1750912260,31925.0,31940.0,31925.0,31940.0,11,2025-06-26 04:31:00
1750912320,31940.0,31950.0,31930.0,31950.0,27,2025-06-26 04:32:00
1750912380,31950.0,31975.0,31920.0,31975.0,27,2025-06-26 04:33:00
1750912440,31975.0,32140.0,31940.0,32140.0,940,2025-06-26 04:34:00
1750912500,32105.0,32300.0,32105.0,32245.0,363,2025-06-26 04:35:00
1750912560,32200.0,32265.0,32200.0,32205.0,151,2025-06-26 04:36:00
1750912620,32245.0,32330.0,32245.0,32295.0,194,2025-06-26 04:37:00
1750912680,32295.0,32295.0,32255.0,32255.0,23,2025-06-26 04:38:00
1750912740,32285.0,32290.0,32245.0,32250.0,38,2025-06-26 04:39:00
1750912800,32360.0,32495.0,32360.0,32405.0,449,2025-06-26 04:40:00
1750912860,32440.0,32540.0,32420.0,32450.0,515,2025-06-26 04:41:00
1750912920,32480.0,32505.0,32450.0,32495.0,30,2025-06-26 04:42:00
1750912980,32495.0,32510.0,32460.0,32510.0,70,2025-06-26 04:43:00
1750913040,32515.0,32555.0,32515.0,32525.0,108,2025-06-26 04:44:00
1750913100,32545.0,32620.0,32525.0,32590.0,311,2025-06-26 04:45:00
1750913160,32590.0,32620.0,32405.0,32445.0,211,2025-06-26 04:46:00
1750913220,32410.0,32610.0,32410.0,32600.0,507,2025-06-26 04:47:00
1750913280,32600.0,32600.0,32490.0,32510.0,113,2025-06-26 04:48:00
1750913340,32520.0,32545.0,32485.0,32490.0,83,2025-06-26 04:49:00
1750913400,32490.0,32515.0,32460.0,32490.0,97,2025-06-26 04:50:00
1750913460,32485.0,32530.0,32455.0,32525.0,55,2025-06-26 04:51:00
1750913520,32530.0,32550.0,32485.0,32535.0,32,2025-06-26 04:52:00
1750913580,32520.0,32550.0,32475.0,32495.0,61,2025-06-26 04:53:00
1750913640,32500.0,32520.0,32455.0,32520.0,87,2025-06-26 04:54:00
1750913700,32500.0,32515.0,32475.0,32510.0,17,2025-06-26 04:55:00
1750913760,32470.0,32525.0,32470.0,32525.0,59,2025-06-26 04:56:00
1750913820,32535.0,32535.0,32490.0,32500.0,78,2025-06-26 04:57:00
1750913880,32525.0,32525.0,32450.0,32500.0,78,2025-06-26 04:58:00
1750913940,32500.0,32520.0,32465.0,32485.0,60,2025-06-26 04:59:00
1750914000,32495.0,32500.0,32485.0,32495.0,32,2025-06-26 05:00:00
1750914060,32495.0,32495.0,32390.0,32460.0,239,2025-06-26 05:01:00
1750914120,32460.0,32515.0,32460.0,32510.0,68,2025-06-26 05:02:00
1750914180,32510.0,32515.0,32485.0,32485.0,39,2025-06-26 05:03:00
1750914240,32515.0,32575.0,32515.0,32525.0,96,2025-06-26 05:04:00
1750914300,32545.0,32570.0,32545.0,32560.0,46,2025-06-26 05:05:00
1750914360,32560.0,32570.0,32560.0,32570.0,15,2025-06-26 05:06:00
1750914420,32570.0,32630.0,32565.0,32630.0,198,2025-06-26 05:07:00
1750914480,32630.0,32695.0,32620.0,32675.0,337,2025-06-26 05:08:00
1750914540,32695.0,32700.0,32645.0,32680.0,389,2025-06-26 05:09:00
1750914600,32690.0,32700.0,32635.0,32655.0,119,2025-06-26 05:10:00
1750914660,32690.0,32800.0,32655.0,32780.0,334,2025-06-26 05:11:00
1750914720,32775.0,32775.0,32680.0,32700.0,122,2025-06-26 05:12:00
1750914780,32685.0,32745.0,32655.0,32740.0,44,2025-06-26 05:13:00
1750914840,32735.0,32880.0,32710.0,32850.0,449,2025-06-26 05:14:00
1750914900,32835.0,32945.0,32835.0,32880.0,248,2025-06-26 05:15:00
1750914960,32875.0,32875.0,32805.0,32860.0,88,2025-06-26 05:16:00
1750915020,32830.0,32880.0,32815.0,32855.0,133,2025-06-26 05:17:00
1750915080,32855.0,32865.0,32805.0,32855.0,89,2025-06-26 05:18:00
1750915140,32860.0,32860.0,32800.0,32825.0,52,2025-06-26 05:19:00
1750915200,32825.0,32825.0,32800.0,32800.0,12,2025-06-26 05:20:00
1750915260,32825.0,32850.0,32800.0,32815.0,56,2025-06-26 05:21:00
1750915320,32815.0,32900.0,32815.0,32900.0,73,2025-06-26 05:22:00
1750915380,32885.0,32910.0,32855.0,32885.0,94,2025-06-26 05:23:00
1750915440,32885.0,32930.0,32885.0,32910.0,84,2025-06-26 05:24:00
1750915500,33035.0,33050.0,32960.0,33030.0,617,2025-06-26 05:25:00
1750915560,33000.0,33035.0,32955.0,32975.0,113,2025-06-26 05:26:00
1750915620,32975.0,33025.0,32915.0,33025.0,124,2025-06-26 05:27:00
1750915680,33025.0,33030.0,32915.0,32945.0,225,2025-06-26 05:28:00
1750915740,32965.0,33000.0,32890.0,32945.0,194,2025-06-26 05:29:00
1750915800,32945.0,32945.0,32890.0,32890.0,100,2025-06-26 05:30:00
1750915860,32925.0,32925.0,32865.0,32865.0,76,2025-06-26 05:31:00
1750915920,32945.0,32945.0,32865.0,32925.0,94,2025-06-26 05:32:00
1750915980,32925.0,32925.0,32880.0,32905.0,15,2025-06-26 05:33:00
1750916040,32910.0,32910.0,32870.0,32870.0,52,2025-06-26 05:34:00
1750916100,32905.0,32905.0,32810.0,32880.0,98,2025-06-26 05:35:00
1750916160,32880.0,32880.0,32845.0,32875.0,31,2025-06-26 05:36:00
1750916220,32875.0,32875.0,32830.0,32830.0,31,2025-06-26 05:37:00
1750916280,32750.0,32790.0,32735.0,32780.0,225,2025-06-26 05:38:00
1750916340,32780.0,32790.0,32710.0,32755.0,67,2025-06-26 05:39:00
1750916400,32740.0,32910.0,32740.0,32910.0,444,2025-06-26 05:40:00
1750916460,32910.0,32970.0,32890.0,32950.0,260,2025-06-26 05:41:00
1750916520,32915.0,32915.0,32875.0,32900.0,149,2025-06-26 05:42:00
1750916580,32895.0,32940.0,32880.0,32885.0,49,2025-06-26 05:43:00
1750916640,32915.0,32935.0,32915.0,32920.0,10,2025-06-26 05:44:00
1750916700,32920.0,32920.0,32875.0,32910.0,22,2025-06-26 05:45:00
1750916760,32910.0,32980.0,32905.0,32980.0,76,2025-06-26 05:46:00
1750916820,32980.0,32995.0,32950.0,32970.0,76,2025-06-26 05:47:00
1750916880,32975.0,33150.0,32950.0,33120.0,676,2025-06-26 05:48:00
1750916940,33090.0,33125.0,33045.0,33080.0,154,2025-06-26 05:49:00
1750917000,33080.0,33105.0,33050.0,33050.0,107,2025-06-26 05:50:00
1750917060,33050.0,33070.0,32960.0,32990.0,101,2025-06-26 05:51:00
1750917120,32995.0,32995.0,32945.0,32990.0,116,2025-06-26 05:52:00
1750917180,32950.0,32985.0,32950.0,32965.0,21,2025-06-26 05:53:00
1750917240,32985.0,33000.0,32960.0,33000.0,154,2025-06-26 05:54:00
1750917300,33015.0,33015.0,32950.0,32975.0,61,2025-06-26 05:55:00
1750917360,32965.0,32985.0,32945.0,32950.0,31,2025-06-26 05:56:00
1750917420,32945.0,33065.0,32945.0,33005.0,269,2025-06-26 05:57:00
1750917480,33020.0,33050.0,32995.0,32995.0,37,2025-06-26 05:58:00
1750917540,33025.0,33030.0,32995.0,33000.0,53,2025-06-26 05:59:00
1750917600,33020.0,33070.0,33000.0,33005.0,79,2025-06-26 06:00:00
1750917660,33000.0,33010.0,32970.0,33010.0,58,2025-06-26 06:01:00
1750917720,32980.0,33020.0,32935.0,32935.0,98,2025-06-26 06:02:00
1750917780,32935.0,33010.0,32880.0,32975.0,186,2025-06-26 06:03:00
1750917840,33010.0,33020.0,32975.0,33015.0,60,2025-06-26 06:04:00
1750917900,33015.0,33045.0,33000.0,33025.0,43,2025-06-26 06:05:00
1750917960,33025.0,33030.0,32950.0,32950.0,51,2025-06-26 06:06:00
1750918020,32980.0,32995.0,32950.0,32965.0,35,2025-06-26 06:07:00
1750918080,32965.0,33000.0,32955.0,32995.0,22,2025-06-26 06:08:00
1750918140,32995.0,33010.0,32960.0,32975.0,29,2025-06-26 06:09:00
1750918200,33005.0,33005.0,32950.0,32950.0,36,2025-06-26 06:10:00
1750918260,32950.0,32990.0,32950.0,32990.0,48,2025-06-26 06:11:00
1750918320,32990.0,33000.0,32950.0,32955.0,32,2025-06-26 06:12:00
1750918380,32955.0,33045.0,32945.0,32950.0,151,2025-06-26 06:13:00
1750918440,32950.0,32995.0,32895.0,32945.0,55,2025-06-26 06:14:00
1750918500,32945.0,32945.0,32870.0,32935.0,147,2025-06-26 06:15:00
1750918560,32935.0,32945.0,32890.0,32905.0,34,2025-06-26 06:16:00
1750918620,32905.0,32940.0,32905.0,32905.0,14,2025-06-26 06:17:00
1750918680,32930.0,32940.0,32880.0,32925.0,35,2025-06-26 06:18:00
1750918740,32930.0,32935.0,32930.0,32930.0,10,2025-06-26 06:19:00
1750918800,32935.0,32940.0,32935.0,32940.0,8,2025-06-26 06:20:00
1750918860,32940.0,32940.0,32875.0,32930.0,18,2025-06-26 06:21:00
1750918920,32930.0,32960.0,32930.0,32960.0,34,2025-06-26 06:22:00
1750918980,32945.0,32950.0,32930.0,32940.0,50,2025-06-26 06:23:00
1750919040,32940.0,32960.0,32940.0,32960.0,56,2025-06-26 06:24:00
1750919100,32950.0,32950.0,32900.0,32945.0,42,2025-06-26 06:25:00
1750919160,32945.0,32950.0,32920.0,32940.0,15,2025-06-26 06:26:00
1750919220,32940.0,32950.0,32940.0,32950.0,12,2025-06-26 06:27:00
1750919280,32950.0,32950.0,32915.0,32915.0,10,2025-06-26 06:28:00
1750919340,32945.0,33000.0,32820.0,32820.0,369,2025-06-26 06:29:00
1750919400,32820.0,32900.0,32810.0,32870.0,252,2025-06-26 06:30:00
1750919460,32835.0,32850.0,32800.0,32805.0,85,2025-06-26 06:31:00
1750919520,32810.0,32820.0,32740.0,32820.0,93,2025-06-26 06:32:00
1750919580,32800.0,32800.0,32755.0,32775.0,71,2025-06-26 06:33:00
1750919640,32775.0,32800.0,32775.0,32800.0,35,2025-06-26 06:34:00
1750919700,32800.0,32840.0,32800.0,32820.0,42,2025-06-26 06:35:00
1750919760,32825.0,32840.0,32790.0,32810.0,55,2025-06-26 06:36:00
1750919820,32810.0,32850.0,32785.0,32840.0,27,2025-06-26 06:37:00
1750919880,32840.0,32850.0,32800.0,32850.0,47,2025-06-26 06:38:00
1750919940,32850.0,32850.0,32820.0,32845.0,17,2025-06-26 06:39:00
1750920000,32840.0,32850.0,32815.0,32850.0,18,2025-06-26 06:40:00
1750920060,32845.0,32850.0,32825.0,32850.0,12,2025-06-26 06:41:00
1750920120,32815.0,32850.0,32800.0,32830.0,38,2025-06-26 06:42:00
1750920180,32830.0,32850.0,32805.0,32850.0,32,2025-06-26 06:43:00
1750920240,32850.0,32850.0,32840.0,32850.0,12,2025-06-26 06:44:00
1750920300,32845.0,32850.0,32815.0,32850.0,42,2025-06-26 06:45:00
1750920360,32850.0,32850.0,32825.0,32850.0,13,2025-06-26 06:46:00
1750920420,32850.0,32850.0,32840.0,32850.0,12,2025-06-26 06:47:00
1750920480,32850.0,32850.0,32810.0,32810.0,49,2025-06-26 06:48:00
1750920540,32810.0,32850.0,32810.0,32850.0,13,2025-06-26 06:49:00
1750920600,32850.0,32850.0,32805.0,32825.0,13,2025-06-26 06:50:00
1750920660,32825.0,32835.0,32800.0,32825.0,18,2025-06-26 06:51:00
1750920720,32800.0,32850.0,32800.0,32845.0,59,2025-06-26 06:52:00
1750920780,32835.0,32850.0,32825.0,32825.0,19,2025-06-26 06:53:00
1750920840,32825.0,32870.0,32825.0,32870.0,56,2025-06-26 06:54:00
1750920900,32870.0,32875.0,32865.0,32865.0,55,2025-06-26 06:55:00
1750920960,32870.0,32880.0,32835.0,32880.0,48,2025-06-26 06:56:00
1750921020,32880.0,32935.0,32855.0,32885.0,217,2025-06-26 06:57:00
1750921080,32885.0,32890.0,32850.0,32870.0,15,2025-06-26 06:58:00
1750921140,32870.0,32885.0,32860.0,32860.0,152,2025-06-26 06:59:00
1750921200,32870.0,32875.0,32845.0,32875.0,13,2025-06-26 07:00:00
1750921260,32865.0,32875.0,32840.0,32840.0,66,2025-06-26 07:01:00
1750921320,32850.0,32870.0,32850.0,32870.0,34,2025-06-26 07:02:00
1750921380,32870.0,32870.0,32845.0,32845.0,10,2025-06-26 07:03:00
1750921440,32870.0,32870.0,32870.0,32870.0,12,2025-06-26 07:04:00
1750921500,32870.0,32870.0,32860.0,32870.0,12,2025-06-26 07:05:00
1750921560,32870.0,32870.0,32820.0,32870.0,144,2025-06-26 07:06:00
1750921620,32870.0,32870.0,32840.0,32845.0,16,2025-06-26 07:07:00
1750921680,32865.0,32870.0,32850.0,32870.0,13,2025-06-26 07:08:00
1750921740,32870.0,32875.0,32870.0,32870.0,132,2025-06-26 07:09:00
1750921800,32870.0,32870.0,32820.0,32830.0,33,2025-06-26 07:10:00
1750921860,32830.0,32830.0,32780.0,32800.0,84,2025-06-26 07:11:00
1750921920,32800.0,32815.0,32785.0,32810.0,66,2025-06-26 07:12:00
1750921980,32810.0,32815.0,32775.0,32810.0,21,2025-06-26 07:13:00
1750922040,32810.0,32810.0,32750.0,32800.0,60,2025-06-26 07:14:00
1750922100,32805.0,32825.0,32780.0,32800.0,41,2025-06-26 07:15:00
1750922160,32825.0,32830.0,32785.0,32820.0,27,2025-06-26 07:16:00
1750922220,32820.0,32820.0,32760.0,32800.0,28,2025-06-26 07:17:00
1750922280,32800.0,32815.0,32775.0,32810.0,18,2025-06-26 07:18:00
1750922340,32810.0,32815.0,32790.0,32815.0,14,2025-06-26 07:19:00
1750922400,32815.0,32820.0,32780.0,32820.0,25,2025-06-26 07:20:00
1750922460,32820.0,32840.0,32775.0,32775.0,40,2025-06-26 07:21:00
1750922520,32775.0,32800.0,32775.0,32800.0,106,2025-06-26 07:22:00
1750922580,32800.0,32800.0,32755.0,32770.0,176,2025-06-26 07:23:00
1750922640,32770.0,32825.0,32770.0,32800.0,38,2025-06-26 07:24:00
1750922700,32810.0,32820.0,32810.0,32815.0,11,2025-06-26 07:25:00
1750922760,32815.0,32850.0,32790.0,32815.0,98,2025-06-26 07:26:00
1750922820,32815.0,32850.0,32815.0,32815.0,38,2025-06-26 07:27:00
1750922880,32815.0,32850.0,32815.0,32825.0,11,2025-06-26 07:28:00
1750922940,32825.0,32845.0,32805.0,32845.0,4,2025-06-26 07:29:00
1750923000,32845.0,32855.0,32810.0,32845.0,17,2025-06-26 07:30:00
1750923060,32845.0,32870.0,32845.0,32870.0,12,2025-06-26 07:31:00
1750923120,32870.0,32875.0,32860.0,32870.0,13,2025-06-26 07:32:00
1750923180,32870.0,32895.0,32870.0,32895.0,28,2025-06-26 07:33:00
1750923240,32895.0,32945.0,32835.0,32890.0,152,2025-06-26 07:34:00
1750923300,32890.0,32930.0,32890.0,32895.0,13,2025-06-26 07:35:00
1750923360,32895.0,32935.0,32895.0,32935.0,14,2025-06-26 07:36:00
1750923420,32935.0,32945.0,32910.0,32945.0,18,2025-06-26 07:37:00
1750923480,32950.0,32950.0,32935.0,32935.0,14,2025-06-26 07:38:00
1750923540,32935.0,32990.0,32935.0,32960.0,83,2025-06-26 07:39:00
1750923600,32960.0,32965.0,32910.0,32945.0,22,2025-06-26 07:40:00
1750923660,32945.0,32950.0,32885.0,32920.0,39,2025-06-26 07:41:00
1750923720,32900.0,32945.0,32900.0,32945.0,21,2025-06-26 07:42:00
1750923780,32945.0,32950.0,32945.0,32950.0,18,2025-06-26 07:43:00
1750923840,32950.0,32955.0,32920.0,32935.0,61,2025-06-26 07:44:00
1750923900,32945.0,32950.0,32920.0,32950.0,16,2025-06-26 07:45:00
1750923960,32950.0,32950.0,32920.0,32940.0,20,2025-06-26 07:46:00
1750924020,32920.0,32940.0,32920.0,32925.0,21,2025-06-26 07:47:00
1750924080,32925.0,32940.0,32915.0,32925.0,74,2025-06-26 07:48:00
1750924140,32885.0,32935.0,32885.0,32915.0,29,2025-06-26 07:49:00
1750924200,32935.0,32935.0,32900.0,32900.0,16,2025-06-26 07:50:00
1750924260,32935.0,32935.0,32905.0,32925.0,14,2025-06-26 07:51:00
1750924320,32920.0,32920.0,32920.0,32920.0,7,2025-06-26 07:52:00
1750924380,32920.0,32920.0,32905.0,32920.0,25,2025-06-26 07:53:00
1750924440,32920.0,32920.0,32890.0,32890.0,13,2025-06-26 07:54:00
1750924500,32890.0,32900.0,32870.0,32900.0,38,2025-06-26 07:55:00
1750924560,32900.0,32930.0,32900.0,32915.0,38,2025-06-26 07:56:00
1750924620,32920.0,32945.0,32900.0,32945.0,18,2025-06-26 07:57:00
1750924680,32945.0,32950.0,32935.0,32950.0,11,2025-06-26 07:58:00
1750924740,32950.0,32950.0,32900.0,32930.0,26,2025-06-26 07:59:00
1750924800,32930.0,32950.0,32910.0,32940.0,33,2025-06-26 08:00:00
1750924860,32940.0,32950.0,32940.0,32950.0,23,2025-06-26 08:01:00
1750924920,32945.0,32950.0,32910.0,32930.0,15,2025-06-26 08:02:00
1750924980,32930.0,32950.0,32890.0,32945.0,117,2025-06-26 08:03:00
1750925040,32945.0,32945.0,32895.0,32940.0,55,2025-06-26 08:04:00
1750925100,32940.0,32950.0,32940.0,32950.0,31,2025-06-26 08:05:00
1750925160,32950.0,32950.0,32950.0,32950.0,3,2025-06-26 08:06:00
1750925220,32950.0,32950.0,32915.0,32915.0,18,2025-06-26 08:07:00
1750925280,32915.0,32945.0,32915.0,32940.0,5,2025-06-26 08:08:00
1750925340,32915.0,32950.0,32915.0,32950.0,14,2025-06-26 08:09:00
1750925400,32950.0,32955.0,32945.0,32950.0,16,2025-06-26 08:10:00
1750925460,32950.0,32950.0,32940.0,32950.0,12,2025-06-26 08:11:00
1750925520,32950.0,32965.0,32925.0,32950.0,40,2025-06-26 08:12:00
1750925580,32970.0,32970.0,32950.0,32950.0,16,2025-06-26 08:13:00
1750925640,32950.0,32950.0,32915.0,32945.0,8,2025-06-26 08:14:00
1750925700,32945.0,32950.0,32945.0,32950.0,5,2025-06-26 08:15:00
1750925760,32950.0,32950.0,32950.0,32950.0,12,2025-06-26 08:16:00
1750925820,32960.0,32960.0,32905.0,32905.0,21,2025-06-26 08:17:00
1750925880,32905.0,32950.0,32905.0,32940.0,4,2025-06-26 08:18:00
1750925940,32940.0,32940.0,32940.0,32940.0,3,2025-06-26 08:19:00
1750926000,32940.0,32940.0,32860.0,32860.0,42,2025-06-26 08:20:00
1750926060,32860.0,32885.0,32825.0,32825.0,239,2025-06-26 08:21:00
1750926120,32825.0,32880.0,32825.0,32840.0,42,2025-06-26 08:22:00
1750926180,32825.0,32850.0,32810.0,32850.0,86,2025-06-26 08:23:00
1750926240,32815.0,32855.0,32815.0,32850.0,29,2025-06-26 08:24:00
1750926300,32850.0,32875.0,32850.0,32850.0,17,2025-06-26 08:25:00
1750926360,32850.0,32850.0,32850.0,32850.0,14,2025-06-26 08:26:00
1750926420,32850.0,32850.0,32830.0,32850.0,10,2025-06-26 08:27:00
1750926480,32850.0,32850.0,32820.0,32820.0,17,2025-06-26 08:28:00
1750926540,32820.0,32850.0,32820.0,32845.0,8,2025-06-26 08:29:00
1750926600,32845.0,32850.0,32820.0,32850.0,15,2025-06-26 08:30:00
1750926660,32850.0,32850.0,32840.0,32850.0,14,2025-06-26 08:31:00
1750926720,32850.0,32850.0,32850.0,32850.0,10,2025-06-26 08:32:00
1750926780,32850.0,32850.0,32840.0,32840.0,6,2025-06-26 08:33:00
1750926840,32840.0,32850.0,32840.0,32840.0,7,2025-06-26 08:34:00
1750926900,32840.0,32850.0,32825.0,32850.0,8,2025-06-26 08:35:00
1750926960,32850.0,32875.0,32820.0,32875.0,53,2025-06-26 08:36:00
1750927020,32875.0,32890.0,32850.0,32880.0,55,2025-06-26 08:37:00
1750927080,32880.0,32895.0,32850.0,32895.0,54,2025-06-26 08:38:00
1750927140,32885.0,32905.0,32860.0,32895.0,76,2025-06-26 08:39:00
1750927200,32895.0,32895.0,32850.0,32895.0,35,2025-06-26 08:40:00
1750927260,32865.0,32895.0,32855.0,32855.0,34,2025-06-26 08:41:00
1750927320,32855.0,32870.0,32815.0,32850.0,66,2025-06-26 08:42:00
1750927380,32845.0,32850.0,32845.0,32850.0,13,2025-06-26 08:43:00
1750927440,32850.0,32850.0,32835.0,32850.0,15,2025-06-26 08:44:00
1750927500,32850.0,32850.0,32815.0,32850.0,47,2025-06-26 08:45:00
1750927560,32850.0,32850.0,32840.0,32850.0,15,2025-06-26 08:46:00
1750927620,32850.0,32850.0,32850.0,32850.0,14,2025-06-26 08:47:00
1750927680,32850.0,32850.0,32845.0,32845.0,6,2025-06-26 08:48:00
1750927740,32850.0,32870.0,32850.0,32870.0,37,2025-06-26 08:49:00
1750927800,32850.0,32870.0,32825.0,32835.0,52,2025-06-26 08:50:00
1750927860,32835.0,32835.0,32815.0,32835.0,10,2025-06-26 08:51:00
1750927920,32835.0,32850.0,32825.0,32850.0,65,2025-06-26 08:52:00
1750927980,32850.0,32850.0,32845.0,32850.0,15,2025-06-26 08:53:00
1750928040,32850.0,32850.0,32820.0,32845.0,19,2025-06-26 08:54:00
1750928100,32845.0,32850.0,32840.0,32850.0,34,2025-06-26 08:55:00
1750928160,32850.0,32850.0,32850.0,32850.0,8,2025-06-26 08:56:00
1750928220,32850.0,32850.0,32850.0,32850.0,38,2025-06-26 08:57:00
1750928280,32850.0,32850.0,32850.0,32850.0,7,2025-06-26 08:58:00
1750928340,32850.0,32850.0,32845.0,32845.0,5,2025-06-26 08:59:00
1750928400,32845.0,32850.0,32815.0,32845.0,39,2025-06-26 09:00:00
1750928460,32845.0,32850.0,32825.0,32850.0,18,2025-06-26 09:01:00
1750928520,32850.0,32850.0,32825.0,32845.0,26,2025-06-26 09:02:00
1750928580,32850.0,32850.0,32815.0,32845.0,36,2025-06-26 09:03:00
1750928640,32850.0,32850.0,32850.0,32850.0,18,2025-06-26 09:04:00
1750928700,32850.0,32850.0,32820.0,32845.0,7,2025-06-26 09:05:00
1750928760,32835.0,32835.0,32820.0,32820.0,19,2025-06-26 09:06:00
1750928820,32820.0,32825.0,32815.0,32825.0,20,2025-06-26 09:07:00
1750928880,32810.0,32825.0,32810.0,32825.0,110,2025-06-26 09:08:00
1750928940,32825.0,32840.0,32825.0,32840.0,25,2025-06-26 09:09:00
1750929000,32840.0,32850.0,32815.0,32850.0,66,2025-06-26 09:10:00
1750929060,32835.0,32850.0,32835.0,32845.0,24,2025-06-26 09:11:00
1750929120,32840.0,32850.0,32840.0,32850.0,28,2025-06-26 09:12:00
1750929180,32880.0,32945.0,32880.0,32940.0,206,2025-06-26 09:13:00
1750929240,32945.0,33095.0,32925.0,33035.0,357,2025-06-26 09:14:00
1750929300,33065.0,33145.0,33035.0,33145.0,420,2025-06-26 09:15:00
1750929360,33160.0,33200.0,33055.0,33105.0,415,2025-06-26 09:16:00
1750929420,33105.0,33150.0,33055.0,33055.0,243,2025-06-26 09:17:00
1750929480,33055.0,33080.0,32950.0,32980.0,112,2025-06-26 09:18:00
1750929540,32995.0,33045.0,32955.0,32970.0,415,2025-06-26 09:19:00
1750929600,32970.0,32980.0,32930.0,32950.0,27,2025-06-26 09:20:00
1750929660,32950.0,32990.0,32950.0,32985.0,64,2025-06-26 09:21:00
1750929720,32960.0,32980.0,32950.0,32960.0,65,2025-06-26 09:22:00
1750929780,32960.0,32965.0,32925.0,32950.0,82,2025-06-26 09:23:00
1750929840,32950.0,33090.0,32950.0,33090.0,192,2025-06-26 09:24:00
1750929900,33045.0,33045.0,32960.0,32970.0,70,2025-06-26 09:25:00
1750929960,32995.0,33010.0,32955.0,32955.0,70,2025-06-26 09:26:00
1750930020,32975.0,33015.0,32965.0,32970.0,136,2025-06-26 09:27:00
1750930080,32980.0,32980.0,32850.0,32855.0,142,2025-06-26 09:28:00
1750930140,32855.0,32895.0,32825.0,32850.0,58,2025-06-26 09:29:00
1750930200,32875.0,32905.0,32850.0,32850.0,87,2025-06-26 09:30:00
1750930260,32855.0,32855.0,32830.0,32850.0,21,2025-06-26 09:31:00
1750930320,32850.0,32850.0,32845.0,32850.0,25,2025-06-26 09:32:00
1750930380,32850.0,32880.0,32830.0,32850.0,75,2025-06-26 09:33:00
1750930440,32890.0,32890.0,32810.0,32810.0,101,2025-06-26 09:34:00
1750930500,32810.0,32855.0,32810.0,32820.0,173,2025-06-26 09:35:00
1750930560,32810.0,32845.0,32800.0,32805.0,240,2025-06-26 09:36:00
1750930620,32800.0,32810.0,32770.0,32800.0,96,2025-06-26 09:37:00
1750930680,32825.0,32945.0,32825.0,32945.0,76,2025-06-26 09:38:00
1750930740,32945.0,32960.0,32900.0,32920.0,105,2025-06-26 09:39:00
1750930800,32950.0,32950.0,32940.0,32950.0,27,2025-06-26 09:40:00
1750930860,32945.0,32960.0,32930.0,32950.0,66,2025-06-26 09:41:00
1750930920,32950.0,32950.0,32910.0,32935.0,29,2025-06-26 09:42:00
1750930980,32950.0,32950.0,32915.0,32950.0,85,2025-06-26 09:43:00
1750931040,32950.0,32950.0,32910.0,32915.0,58,2025-06-26 09:44:00
1750931100,32945.0,32945.0,32850.0,32910.0,282,2025-06-26 09:45:00
1750931160,32910.0,32950.0,32910.0,32950.0,58,2025-06-26 09:46:00
1750931220,32950.0,33005.0,32900.0,32960.0,198,2025-06-26 09:47:00
1750931280,33015.0,33185.0,33015.0,33130.0,385,2025-06-26 09:48:00
1750931340,33105.0,33170.0,33085.0,33150.0,227,2025-06-26 09:49:00
1750931400,33170.0,33200.0,33100.0,33100.0,421,2025-06-26 09:50:00
1750931460,33100.0,33140.0,33100.0,33120.0,153,2025-06-26 09:51:00
1750931520,33100.0,33150.0,33090.0,33100.0,202,2025-06-26 09:52:00
1750931580,33145.0,33165.0,33095.0,33125.0,819,2025-06-26 09:53:00
1750931640,33125.0,33255.0,33120.0,33240.0,449,2025-06-26 09:54:00
1750931700,33240.0,33240.0,33200.0,33210.0,157,2025-06-26 09:55:00
1750931760,33210.0,33235.0,33200.0,33230.0,152,2025-06-26 09:56:00
1750931820,33230.0,33245.0,33200.0,33205.0,197,2025-06-26 09:57:00
1750931880,33205.0,33245.0,33200.0,33200.0,150,2025-06-26 09:58:00
1750931940,33200.0,33240.0,33200.0,33240.0,112,2025-06-26 09:59:00
